1185969425805008896
1185969426321072132
1185969427172466688
1185969427612917760
1185969427843436544
1185969429181538305
1185969429701677056
1185969429802373120
1185969430142115845
1185969431043858432
1185969432004349954
1185969432813637633
1185969433824641025
1185969433841262592
1185969435514814465
1185969435812614145
1185969436982837248
1185969438245507072
1185969438488715264
1185969438572474368
1185969438790733824
1185969438941732865
1185969439130476544
1185969439721656320
1185969439851909120
1185969440808226816
1185969442007719936
1185969443685441539
1185969444251754497
1185969446776647681
1185969450836561922
1185969450924810240
1185969451906338816
1185969452346724353
1185969453865078791
1185969454083125249
1185969455647596544
1185969456570421249
1185969456616374272
1185969456889171968
1185969457207939073
1185969458415669248
1185969458415837189
1185969459053371392
1185969459556769792
1185969459837784064
1185969460286500864
1185969460361826304
1185969462123483137
1185969462257868806
1185969462383497216
1185969462777917442
1185969463377575936
1185969466162761736
1185969466355658752
1185969466397474817
1185969467106480129
1185969468209532929
1185969469346254848
1185969471221129216
1185969471422251008
1185969471426617344
1185969471833464833
1185969471921328128
1185969472097513472
1185969472303067136
1185969472512782336
1185969473490227206
1185969473641037825
1185969474438074368
1185969474488418304
1185969474526240768
1185969475608137728
1185969476983853056
1185969477059596288
1185969477466427392
1185969478288445440
1185969479194423296
1185969479244759040
1185969479630508034
1185969482092535808
1185969482243567616
1185969483711746048
1185969483980115968
1185969484131192833
1185969485779558406
1185969486425481216
1185969486786023424
1185969487213944834
1185969487994077185
1185969488174501889
1185969490317717504
1185969490955329536
1185969491131408385
1185969491290841088
1185969491588636678
1185969495141240833
1185969495665340416
1185969495854190596
1185969495950663681
1185969496051159040
1185969496797990912
1185969496957345793
1185969497754292224
1185969498102358018
1185969498177855489
1185969498878181377
1185969499910148096
1185969500161822728
1185969500480573441
1185969500816056321
1185969502804156416
1185969503987011584
1185969505471647744
1185969507556364291
1185969508374069248
1185969508902678529
1185969509045280769
1185969509456338945
1185969509825503232
1185969510265884672
1185969511712935936
1185969512832745473
1185969514334380032
1185969514569183232
1185969515076751362
1185969515605168128
1185969515797966848
1185969516783624193
1185969516909682688
1185969517362647040
1185969517861756929
1185969519094714368
1185969520864845824
1185969520877428737
1185969521049264128
1185969522811035648
1185969522991349761
1185969524052389890
1185969524178337797
1185969524639617024
1185969524652335105
1185969524744560641
1185969526808207362
1185969527999356928
1185969528678670336
1185969528687083522
1185969529861500928
1185969530461405184
1185969530801197057
1185969531962961927
1185969532894097408
1185969533095501825
1185969533435166722
1185969533439430656
1185969534844448774
1185969535091953665
1185969535112957952
1185969535637168129
1185969536937402370
1185969537264619520
1185969537671483392
1185969538392887298
1185969538770169857
1185969539114328064
1185969543165820928
1185969545045069827
1185969545200230405
1185969545309241344
1185969545778995202
1185969546294771712
1185969547444047874
1185969547750211585
1185969548035526656
1185969549088178176
1185969549507747840
1185969549792940038
1185969551931916288
1185969552707981312
1185969552959643648
1185969553261637634
1185969553286692864
1185969553488125954
1185969553651707904
1185969553659977729
1185969553853075458
1185969554146508800
1185969554695966720
1185969554926854144
1185969555040079876
1185969556805902336
1185969557552422912
1185969558345191424
1185969560341622784
1185969562363162624
1185969562799357959
1185969563885821952
1185969564527542275
1185969564963823621
1185969565739577344
1185969567597764608
1185969570412146688
1185969570428997632
1185969571670482944
1185969572266024962
1185969572786167808
1185969572823928834
1185969573230731265
1185969573511729153
1185969575415947267
1185969575516688385
1185969575898374144
1185969577475366915
1185969577567506432
1185969578431733761
1185969579731894272
1185969580327559168
1185969580482670595
1185969580713357312
1185969580742602752
1185969580763680768
1185969581573189633
1185969582894399496
1185969583078936584
1185969583179436032
1185969583779278849
1185969584307879936
1185969584651821057
1185969585113255938
1185969585817903105
1185969586296016897
1185969586514083842
1185969587122298881
1185969588535607297
1185969589030739974
1185969590020562949
1185969590301384709
1185969590460809217
1185969591194968064
1185969591375106048
1185969591626932226
1185969591899561984
1185969592440479744
1185969593379999744
1185969594437115904
1185969595401801729
1185969595666108418
1185969595980701696
1185969596840529920
1185969596932726785
1185969597171654658
1185969597641609216
1185969599507877889
1185969599885533185
1185969601538117632
1185969602729304064
1185969603706535936
1185969604029485057
1185969605371666438
1185969605879193600
1185969606126641155
1185969606504206338
1185969606525014017
1185969606998933504
1185969607049269248
1185969607108169730
1185969609373110272
1185969609503137798
1185969609570164738
1185969610140606464
1185969610409107457
1185969610438385665
1185969610819899392
1185969611084324865
1185969611642200076
1185969612057432069
1185969612795584515
1185969613152182273
1185969613160538112
1185969613177147392
1185969613978292224
1185969614406258688
1185969615823880195
1185969616176050176
1185969616780222464
1185969617635889152
1185969619510673408
1185969619699412994
1185969620177567747
1185969620374691840
1185969621599444992
1185969622979350528
1185969623080099840
1185969623285542914
1185969623394484224
1185969624598360069
1185969624921395201
1185969625445605389
1185969626712199168
1185969629270806528
1185969629946109952
1185969630923243520
1185969632693424131
1185969633406439427
1185969633767108609
1185969633951547392
1185969634064961538
1185969634257883137
1185969635138719745
1185969635356598272
1185969636807974914
1185969638523449345
1185969638871633920
1185969639047815171
1185969639244947463
1185969639899062272
1185969640478072832
1185969640574541826
1185969640947642368
1185969641153355781
1185969641396621312
1185969641811861514
1185969641862004741
1185969642776465413
1185969643631955968
1185969644882010114
1185969645926440960
1185969645976727554
1185969645985157120
1185969645993508866
1185969648329723904
1185969649407746048
1185969651731161089
1185969653060902914
1185969653279055879
1185969653279055880
1185969653799096320
1185969654197436417
1185969655271346183
1185969655816638469
1185969655866941442
1185969655971758086
1185969656009498625
1185969656579932160
1185969657712390144
1185969657976676353
1185969658366779396
1185969658568024065
1185969658605654017
1185969658756784129
1185969659389964288
1185969661411758088
1185969662242230273
1185969662510731264
1185969664578351104
1185969664599437312
1185969664997974017
1185969666159714304
1185969666612744199
1185969667510341632
1185969668261076992
1185969669317881856
1185969669552906240
1185969669837967360
1185969669972185088
1185969670878162944
1185969671582953486
1185969671918493696
1185969674225360896
1185969675399782400
1185969675575840769
1185969675739586561
1185969675848601602
1185969676095873026
1185969678373527552
1185969678381916160
1185969678633656323
1185969679728336897
1185969680038670342
1185969682425241600
1185969683125678082
1185969683490574338
1185969683523964928
1185969683800965121
1185969686355365890
1185969686514753543
1185969686783123457
1185969686875430918
1185969687223554048
1185969688427270151
1185969689148743683
1185969689207463936
1185969689849225221
1185969690411257857
1185969690939744259
1185969692181237766
1185969692286050306
1185969692478976000
1185969693196091393
1185969693821227008
1185969695192735744
1185969695213535233
1185969695800877057
1185969695905632257
1185969696845090816
1185969697260527617
1185969697465999360
1185969697780633601
1185969698158067714
1185969698191446016
1185969699466514434
1185969699516870656
1185969699718221824
1185969699881914371
1185969700997619713
1185969701572075520
1185969701593276418
1185969701693902848
1185969702054629377
1185969702083944448
1185969702285303808
1185969702863982593
1185969703082250241
1185969704327925761
1185969704332075009
1185969704470487040
1185969704638341121
1185969705229733889
1185969705317797889
1185969705531559936
1185969705749766146
1185969705879769088
1185969707381415936
1185969707473616898
1185969707758829571
1185969708509646849
1185969708698341382
1185969708765515782
1185969708966862851
1185969709092614144
1185969709113659396
1185969709230854144
1185969709327376384
1185969709637869571
1185969710158008323
1185969710472613888
1185969710501978117
1185969711563071491
1185969711739297793
1185969713098170368
1185969713375043584
1185969713421017088
1185969713840578560
1185969714419384320
1185969714998079489
1185969715124068352
1185969715405115392
1185969716059234304
1185969717594525697
1185969717602705408
1185969717988806656
1185969719301439488
1185969719335096322
1185969719678914560
1185969719746191360
1185969719947350017
1185969719947517953
1185969720547315713
1185969720845099008
1185969720899584000
1185969721663000584
1185969721834786816
1185969722006872065
1185969722312908801
1185969722547937284
1185969722627510273
1185969722854117383
1185969723533602817
1185969723571396609
1185969723655090176
1185969724338905090
1185969725613973513
1185969725811187712
1185969726297690118
1185969726595440642
1185969726893281281
1185969726922596352
1185969727501414405
1185969728491315200
1185969728529018886
1185969728625483776
1185969728680091649
1185969729162371072
1185969730517159936
1185969731599126528
1185969732245057537
1185969732308131841
1185969732886810624
1185969732995993600
1185969733067255808
1185969733369237504
1185969733520281606
1185969733528477696
1185969733931327488
1185969734669553664
1185969735122509831
1185969735734743040
1185969735852269568
1185969736095621120
1185969736909250561
1185969737198534656
1185969737433600006
1185969737685262336
1185969737727168513
1185969737869737986
1185969737894944769
1185969738297593856
1185969738352078849
1185969738536706049
1185969739090317312
1185969739190824960
1185969739195174917
1185969739568439298
1185969739807559680
1185969740650598401
1185969740713549824
1185969740847689728
1185969741074255872
1185969741334269954
1185969741359435776
1185969741430738947
1185969741703180288
1185969742127030279
1185969743246684161
1185969743414595586
1185969743624376320
1185969743813066753
1185969743901220864
1185969743917801472
1185969745054621696
1185969745201377282
1185969745633431552
1185969747151724545
1185969747160174592
1185969747306962950
1185969747310997504
1185969747629891585
1185969748082941954
1185969748380549121
1185969748716093440
1185969748833701890
1185969748942688256
1185969749093687296
1185969749500596224
1185969749659803649
1185969749844381696
1185969749919813632
1185969750058262529
1185969750943375365
1185969751442345984
1185969751668985856
1185969751966789634
1185969752327327745
1185969752360898562
1185969753095053312
1185969753296424966
1185969753489379329
1185969754386948102
1185969754470830086
1185969754919464965
1185969755364065280
1185969755468914688
1185969755800379392
1185969755871731712
1185969755955572738
1185969756379107328
1185969757046104070
1185969757071134720
1185969757167599616
1185969757499080704
1185969757717065734
1185969757838893062
1185969757972942850
1185969758727884801
1185969759369809920
1185969759399108610
1185969759449427969
1185969759550095362
1185969760539987968
1185969760833396736
1185969761177559042
1185969762834112512
1185969763211776000
1185969763455045632
1185969763723300864
1185969763861835778
1185969763941601282
1185969764046385153
1185969764067368962
1185969764495175680
1185969765048901634
1185969765224857600
1185969765292167171
1185969765350854657
1185969765493424128
1185969765640294400
1185969765950599169
1185969766164520961
1185969766701383680
1185969766999060480
1185969767129272322
1185969767376674817
1185969767401832448
1185969767955365888
1185969767997423620
1185969768102105088
1185969768462991367
1185969769532538880
1185969770329493506
1185969770404990976
1185969770488832002
1185969770711134210
1185969770866208768
1185969771277250560
1185969771335958528
1185969771637960704
1185969771868835840
1185969771898122242
1185969771990441985
1185969772023824384
1185969772044804099
1185969772703485957
1185969772892176385
1185969773256966144
1185969773622026240
1185969773739479040
1185969773823180800
1185969773852672001
1185969773869355008
1185969774288949252
1185969774406164480
1185969774733475841
1185969774955622400
1185969775006093312
1185969775152975873
1185969775299694597
1185969776029388800
1185969776197341184
1185969776377524224
1185969776457183234
1185969776532840449
1185969776574767110
1185969776708984834
1185969777300230144
1185969777476538368
1185969777539342336
1185969777631813632
1185969777732399104
1185969778021687296
1185969778088910848
1185969778130862082
1185969778193600512
1185969778248187904
1185969778302705665
1185969778327994374
1185969778730655745
1185969778797662208
1185969778860544000
1185969779082964993
1185969779393384452
1185969779460296704
1185969779909091328
1185969779951263746
1185969780316168193
1185969780538388480
1185969780702011392
1185969780777508865
1185969780953452544
1185969780991221760
1185969781091917824
1185969781205323782
1185969781318574080
1185969781599543302
1185969781737971714
1185969781830225920
1185969781872173057
1185969781914165250
1185969781960257542
1185969782232715264
1185969782476156929
1185969782874660865
1185969782945996801
1185969783230984194
1185969784187285504
1185969784191639552
1185969784950800384
1185969785038954496
1185969785693188096
1185969785755930624
1185969785856618496
1185969785944698881
1185969786045419520
1185969786116816897
1185969786519506947
1185969786926198784
1185969787048026114
1185969787202981888
1185969787366772736
1185969788025298946
1185969788268503040
1185969788423589888
1185969788599885825
1185969788641787908
1185969788973133828
1185969789598081025
1185969789635686400
1185969789715525633
1185969789786906625
1185969789845540864
1185969789962874880
1185969790122254337
1185969790374076419
1185969790390804480
1185969790529224704
1185969790554271744
1185969790596370433
1185969790667673600
1185969790730395648
1185969790780952582
1185969790835257344
1185969790873194501
1185969791053381632
1185969791313408001
1185969791376515073
1185969791653285890
1185969791749636097
1185969791879843840
1185969791988834310
1185969792018087936
1185969792261378049
1185969792613789697
1185969792689278977
1185969792705949697
1185969792852856835
1185969792982966274
1185969793037303809
1185969793418977280
1185969793490444288
1185969793624465408
1185969794106851328
1185969794253639680
1185969794291421185
1185969794400448512
1185969794538987523
1185969794627059712
1185969794799063041
1185969795365138438
1185969795633766401
1185969795830702080
1185969796099256323
1185969796141240320
1185969796262707200
1185969796300435456
1185969796401127424
1185969796489367552
1185969796535312385
1185969797051441156
1185969797214785536
1185969797235953664
1185969797399371776
1185969797483225088
1185969797554757633
1185969797609095168
1185969797965778950
1185969797969825793
1185969798028632065
1185969798678810624
1185969798716579840
1185969799165140992
1185969799203041281
1185969799752495104
1185969800100466688
1185969800100700160
1185969800104644608
1185969800226299908
1185969800486346752
1185969800893358080
1185969801019166720
1185969801593675779
1185969801644126209
1185969801757216769
1185969801790922752
1185969802013134848
1185969802042626050
1185969802202042369
1185969802222821378
1185969802344574978
1185969802650800130
1185969802831159296
1185969802868903945
1185969802919038978
1185969803032444929
1185969803087040519
1185969803326046212
1185969803355414528
1185969803397234689
1185969803560980481
1185969803569197056
1185969803632271361
1185969803875368961
1185969803938484224
1185969804022173696
1185969804252983297
1185969804643094528
1185969804764688384
1185969804810825728
1185969805016403968
1185969805318340613
1185969805385490434
1185969805544681472
1185969805657919488
1185969805813108737
1185969805834063872
1185969805842616325
1185969805964107776
1185969806089961472
1185969806220185602
1185969806866030593
1185969807067406336
1185969807096733696
1185969807226589184
1185969807616663552
1185969807671218176
1185969807876919296
1185969808333889536
1185969808526827520
1185969808669659136
1185969808808001536
1185969808837242881
1185969809155973120
1185969809294389249
1185969809365843973
1185969810141843456
1185969810271854596
1185969810363936768
1185969810842083328
1185969810871652352
1185969810959732740
1185969811148492807
1185969811274321924
1185969811697725441
1185969812134121475
1185969812226400257
1185969813090373632
1185969813203619846
1185969813266452480
1185969813350420485
1185969813669195776
1185969814235471872
1185969814273220608
1185969814281412608
1185969814742994950
1185969814965276673
1185969814994608128
1185969815065899008
1185969815086862338
1185969815422414851
1185969815455965185
1185969815653113856
1185969815846031363
1185969815862874112
1185969816101888000
1185969816424706050
1185969816588304387
1185969816768782337
1185969816869449728
1185969816953380869
1185969817347473408
1185969817553162242
1185969817666371585
1185969817720934400
1185969817767071746
1185969817800663040
1185969817922068480
1185969818119426048
1185969818211700739
1185969818303791104
1185969818865950722
1185969819029520384
1185969819146809344
1185969819293831168
1185969819394301957
1185969819411025921
1185969819465797633
1185969819608182784
1185969819713187840
1185969819931291648
1185969820002668544
1185969820220776448
1185969820329791488
1185969820375887874
1185969820434608128
1185969821055422466
1185969821302841346
1185969821302870017
1185969821315485696
1185969821424349185
1185969821554315265
1185969821634220034
1185969821718122497
1185969821839773698
1185969821944406016
1185969821994799104
1185969822103941121
1185969822154153984
1185969822682599424
1185969822749904896
1185969823026733057
1185969823152427008
1185969823307706368
1185969823664267267
1185969823957864450
1185969823970291712
1185969823982878725
1185969824066871296
1185969824234647555
1185969824368754688
1185969824670744576
1185969824825954305
1185969824926720002
1185969824947752961
1185969825039998978
1185969825056727040
1185969825107054598
1185969825132273665
1185969825207738368
1185969825614422016
1185969825614647299
1185969825975287809
1185969826109382656
1185969826180882434
1185969826432290817
1185969826499461120
1185969826679812097
1185969827082489856
1185969827502084096
1185969827653046272
1185969827774681088
1185969827850137602
1185969827950628865
1185969827980201984
1185969827984351233
1185969828294746115
1185969828420575233
1185969828487684096
1185969828668039168
1185969828714012672
1185969829246668800
1185969829351694336
1185969829355896832
1185969829364355072
1185969829544693761
1185969829829861380
1185969830010261507
1185969830010281984
1185969830022660096
1185969830211588096
1185969830245076993
1185969830249353217
1185969830622617600
1185969831365021696
1185969831662632961
1185969831826337792
1185969831863914497
1185969831872548864
1185969832254156800
1185969832472305665
1185969832505856000
1185969832644272128
1185969832799420417
1185969832925245441
1185969833067732992
1185969833118093312
1185969833189543936
1185969833332088832
1185969833432768512
1185969833894125568
1185969834196119559
1185969834200199174
1185969834246336512
1185969834632208384
1185969834678505473
1185969834695319552
1185969834955366406
1185969835085385728
1185969835223736322
1185969835882119169
1185969835936755713
1185969836339482626
1185969836465233922
1185969836741971968
1185969836746297345
1185969836964401152
1185969837002186753
1185969837048094720
1185969837199118336
1185969837446762496
1185969837610192897
1185969837639487490
1185969837727735808
1185969837744513025
1185969837798916096
1185969837824196609
1185969837882970116
1185969837975064576
1185969838058917888
1185969838079934464
1185969838184812544
1185969838700879877
1185969838830866432
1185969838864424960
1185969838877040641
1185969838927290370
1185969838939754496
1185969839837462531
1185969840017698816
1185969840068222976
1185969840202362880
1185969840403763202
1185969840462319616
1185969840491679744
1185969840529391618
1185969840747507712
1185969840764243968
1185969840806387714
1185969840823164928
1185969840969998339
1185969841024327681
1185969841146159105
1185969841271951361
1185969841292754944
1185969841343098880
1185969841397735424
1185969841473249288
1185969841800392705
1185969841804464128
1185969841850802176
1185969842106634240
1185969842328952832
1185969842458976256
1185969842484109314
1185969842496688128
1185969842777554945
1185969842899148800
1185969843108864000
1185969843213869058
1185969843264196612
1185969843650125826
1185969843738038273
1185969844166057984
1185969844296048642
1185969844341968896
1185969844384129026
1185969844501516288
1185969844514099200
1185969844568518656
1185969844652564480
1185969844761628674
1185969845017464833
1185969845264900097
1185969845562683392
1185969845604454401
1185969845667536897
1185969845881528322
1185969846003159042
1185969846179250178
1185969846229467136
1185969846275756032
1185969846313541634
1185969846468698119
1185969846489477121
1185969846690799616
1185969846783111168
1185969847022149632
1185969847101837312
1185969847148007424
1185969847563411457
1185969847605190656
1185969847760494592
1185969847785660419
1185969847919923200
1185969847953289216
1185969848062377984
1185969848184115200
1185969848200773632
1185969848322379777
1185969848444166144
1185969848494575619
1185969849002012673
1185969849459183616
1185969849639624708
1185969849790423040
1185969849878679552
1185969849916252161
1185969849937354753
1185969850172133383
1185969850532823040
1185969850553905153
1185969850759270400
1185969850952404992
1185969851174662144
1185969851459919873
1185969851829014530
1185969852000784384
1185969852269367296
1185969852567162881
1185969852722270208
1185969852864962562
1185969853120823298
1185969853271666688
1185969853271810052
1185969853389144064
1185969853410238464
1185969853598822402
1185969853703839747
1185969853796098054
1185969853833678848
1185969854282526721
1185969854446260224
1185969854546735104
1185969854886666240
1185969855008129024
1185969855192862721
1185969855251410944
1185969855465263104
1185969855507222528
1185969855591337984
1185969855662612481
1185969855746326529
1185969855872294912
1185969855914106880
1185969855960354817
1185969856123940865
1185969856300093447
1185969856367214594
1185969856497291266
1185969856690212867
1185969856799076352
1185969856799215621
1185969856950128640
1185969856987815936
1185969857075937280
1185969857151619080
1185969857184972801
1185969857512329219
1185969857587744768
1185969857780682752
1185969858007093248
1185969858275495936
1185969858451836931
1185969858480984064
1185969858552446977
1185969858627952641
1185969858707709953
1185969858816729088
1185969858820882433
1185969859022032896
1185969859085176834
1185969859169062918
1185969859181645825
1185969859227574272
1185969859546492928
1185969859613478912
1185969859731054592
1185969859823394817
1185969859991146496
1185969860028878848
1185969860196454400
1185969860486057984
1185969860511027200
1185969860876079104
1185969861035356160
1185969861064683521
1185969861211480064
1185969861257781249
1185969861274546176
1185969861308100608
1185969861358321664
1185969861564010497
1185969861572341760
1185969861706571777
1185969861840773123
1185969861886971905
1185969862537035779
1185969862599790593
1185969862650105856
1185969862692220929
1185969862792728576
1185969862926979072
1185969863413493760
1185969863539511301
1185969863606575111
1185969863925391361
1185969864026087425
1185969864122322944
1185969864122331136
1185969864193626112
1185969864239964161
1185969864336400385
1185969864445452288
1185969864512561153
1185969864529399811
1185969864545984512
1185969864667750400
1185969864802029568
1185969864810221568
1185969864927662080
1185969864936022016
1185969865070276611
1185969865116356608
1185969865145933825
1185969865338707968
1185969865523253248
1185969865749778432
1185969865837838337
1185969865867300867
1185969866546667522
1185969866660110336
1185969866823688192
1185969866827796482
1185969866886529025
1185969866953515008
1185969867024994304
1185969867029008384
1185969867033403393
1185969867247079425
1185969867310026752
1185969867549229058
1185969867666739200
1185969867679293443
1185969867851087873
1185969867934928896
1185969867989512192
1185969868283080704
1185969868450844672
1185969868518019072
1185969868681728000
1185969868803321861
1185969868811620353
1185969868916559875
1185969869025619968
1185969869222825986
1185969869352767488
1185969869520429057
1185969869562363904
1185969869579325442
1185969869717757955
1185969869814038528
1185969870002782209
1185969870157967360
1185969870283902978
1185969870594334720
1185969870594347009
1185969870640336897
1185969870644625409
1185969870795493376
1185969870799802371
1185969870967586816
1185969871093301248
1185969871114461184
1185969871189954563
1185969871357710337
1185969871705821184
1185969871865208834
1185969872020201472
1185969872125214720
1185969872146178051
1185969872217563137
1185969872351551489
1185969872389443585
1185969872406056960
1185969872511098882
1185969872754241536
1185969872775385088
1185969873349795840
1185969873400279046
1185969873416966145
1185969873962205184
1185969874029502464
1185969874268352517
1185969874314485760
1185969874360778752
1185969874390126592
1185969874444673024
1185969874595647488
1185969874692128768
1185969874692165632
1185969874742497280
1185969875350675458
1185969875480694784
1185969875572772870
1185969876172791812
1185969876600385536
1185969876600606720
1185969876705243142
1185969876722208769
1185969876898172928
1185969876923367424
1185969876994797568
1185969877275807744
1185969877280014337
1185969877322027011
1185969877544329217
1185969877879676928
1185969878047559681
1185969878521569280
1185969878638841861
1185969879108726786
1185969879188291584
1185969879255412736
1185969879402205184
1185969879469510659
1185969879603646464
1185969879612043264
1185969879997915140
1185969880132210689
1185969880232689664
1185969880282976257
1185969880333336576
1185969880350298112
1185969880488505344
1185969880643727360
1185969881101033473
1185969881105289221
1185969881298149377
1185969881436639232
1185969881596026881
1185969881600188417
1185969881897984000
1185969881977626625
1185969881998643201
1185969882254331904
1185969882426273792
1185969882455773190
1185969882635984897
1185969882661150720
1185969882766012416
1185969882791399424
1185969882841698305
1185969882845892609
1185969883088949248
1185969883118522368
1185969883239968768
1185969883277742080
1185969883303026693
1185969883391168512
1185969883588235264
1185969883613454340
1185969883646816257
1185969883718266880
1185969883890118656
1185969884003557376
1185969884288565249
1185969884301352960
1185969884334829568
1185969884347240448
1185969884494225408
1185969884519383042
1185969884653506560
1185969884758528000
1185969884796276737
1185969884825636864
1185969884972355584
1185969884984938497
1185969885119037446
1185969885236449280
1185969885412638721
1185969885412823041
1185969885559644160
1185969885702230016
1185969885710639105
1185969885786054656
1185969885873983488
1185969886041763840
1185969886280839170
1185969886297649157
1185969886553657346
1185969886717079558
1185969886796898308
1185969887056932864
1185969887207968769
1185969887258251266
1185969887392550919
1185969887577100289
1185969887681929216
1185969887740452864
1185969887774236673
1185969887967174657
1185969888138891265
1185969888419971072
1185969888801775616
1185969889422409728
1185969889468715008
1185969889518833664
1185969889804197889
1185969889976049666
1185969890483564550
1185969890697646086
1185969890747924480
1185969890932514818
1185969891087704069
1185969891133669376
1185969891133681664
1185969891196563461
1185969891221917696
1185969891247054855
1185969891322540039
1185969891326808074
1185969891343339521
1185969891377143809
1185969891477639168
1185969891507134465
1185969891515387904
1185969891557412864
1185969891565854726
1185969891666472961
1185969891725045760
1185969891742011395
1185969891809124352
1185969891909799936
1185969891960115202
1185969892102721536
1185969892207538183
1185969892312272896
1185969892362604544
1185969892463235073
1185969892584935424
1185969892635398149
1185969892647936003
1185969892652134411
1185969892694151169
1185969892727513088
1185969892752650240
1185969892815757318
1185969892857647105
1185969893096574976
1185969893243576320
1185969893428092928
1185969893646180354
1185969893650456576
1185969893692317697
1185969893721722883
1185969893763452929
1185969893847588866
1185969893960757250
1185969894170484737
1185969894287986691
1185969894375882752
1185969894409457664
1185969894505869312
1185969894610886656
1185969894627708929
1185969894816243712
1185969894849941512
1185969894925295616
1185969895235706881
1185969895327948800
1185969895365849090
1185969895390904321
1185969895487496194
1185969895546089472
1185969895596425218
1185969895600734209
1185969895617355776
1185969895714017282
1185969895755976704
1185969895856463873
1185969895911018496
1185969896036823040
1185969896125030400
1185969896129060864
1185969896468942851
1185969896485773315
1185969896624140289
1185969896687050752
1185969896691306497
1185969896821145600
1185969896875876355
1185969897039253504
1185969897148485633
1185969897257525248
1185969897471389696
1185969897572098049
1185969897576288259
1185969897718927361
1185969897857114112
1185969897861287936
1185969897890865152
1185969897924419584
1185969897978896385
1185969898050215936
1185969898067054592
1185969898263990272
1185969898289270794
1185969898410987520
1185969898419294213
1185969898444341248
1185969898448662528
1185969898452852737
1185969898570375169
1185969898591264769
1185969898780053504
1185969898784088064
1185969898800984064
1185969898922618881
1185969898939248640
1185969898947780611
1185969899060879360
1185969899098820608
1185969899346153473
1185969899358883840
1185969899396571141
1185969899505623040
1185969899543388167
1185969899589505029
1185969899790721024
1185969900122193927
1185969900197761026
1185969900290035713
1185969900302548993
1185969900549861376
1185969900637970432
1185969900747137025
1185969900763992064
1185969900780740608
1185969900889600002
1185969900889792513
1185969901061718018
1185969901275508736
1185969901334196225
1185969901502111746
1185969901506355203
1185969901552492544
1185969901594394624
1185969901694943232
1185969901808189440
1185969901833506816
1185969901921546240
1185969901984452612
1185969902135447553
1185969902231916545
1185969902278107136
1185969902299111426
1185969902487777281
1185969902496043008
1185969902500433928
1185969902655430657
1185969902768791554
1185969902869450754
1185969902978523138
1185969903024660481
1185969903137886210
1185969903167098886
1185969903418916865
1185969903624261632
1185969903771279360
1185969903897108481
1185969904110858240
1185969904219852800
1185969904324874240
1185969904614199296
1185969904756887552
1185969904756908033
1185969904865796096
1185969904924549121
1185969904949661696
1185969905151172610
1185969905159626752
1185969905276989441
1185969905360953346
1185969905507672064
1185969905616609281
1185969905985884161
1185969906208169986
1185969906258497538
1185969906346536960
1185969906359164928
1185969906518515712
1185969906568876033
1185969906740797442
1185969906866475008
1185969906900176897
1185969907026010114
1185969907088756736
1185969907369988107
1185969907416096770
1185969907533516801
1185969908057694208
1185969908103950336
1185969908280000512
1185969908317937664
1185969908359655424
1185969908426903560
1185969908460523521
1185969908594683907
1185969908917641216
1185969908993155073
1185969909072715776
1185969909123178496
1185969909139947521
1185969909177565184
1185969909177769984
1185969909207126018
1185969909399867392
1185969909429391362
1185969909525876739
1185969909534199809
1185969909546848258
1185969909555052544
1185969909609697282
1185969909701857285
1185969909874024448
1185969910033330176
1185969910071123971
1185969910247124993
1185969910318587904
1185969910398308353
1185969910423285760
1185969910444253185
1185969910477918209
1185969910675132416
1185969910700101632
1185969910901547008
1185969910960160768
1185969910960328706
1185969910981124097
1185969911048196096
1185969911102951424
1185969911174258691
1185969911329382401
1185969911597862912
1185969911715098627
1185969911727841285
1185969911744610304
1185969911836733440
1185969911916449792
1185969911983677440
1185969912059219969
1185969912105312256
1185969912122171392
1185969912197500928
1185969912205864960
1185969912402964480
1185969912424124417
1185969912482799617
1185969912482807808
1185969912566693889
1185969912688205825
1185969912755433473
1185969912780427264
1185969912810033153
1185969912830758912
1185969912864313344
1185969912881258506
1185969912994586624
1185969913267138561
1185969913455886336
1185969913657249798
1185969913715757057
1185969913829085185
1185969913908908032
1185969914047270912
1185969914462359553
1185969914672275456
1185969914856775681
1185969915104288768
1185969915229921280
1185969915318157312
1185969915381112832
1185969915603439617
1185969915649380352
1185969915674673154
1185969915750010880
1185969915800543232
1185969916031029255
1185969916073132033
1185969916249198592
1185969916438106113
1185969916513603584
1185969916563742721
1185969916693958658
1185969916928778242
1185969916987478017
1185969917146755072
1185969917234946049
1185969917381742592
1185969918002499586
1185969918115602438
1185969918186946561
1185969918350639104
1185969918405206017
1185969918426128385
1185969918451171329
1185969918505897985
1185969918556196865
1185969918573006848
1185969918631710720
1185969918849601536
1185969918983974912
1185969919084638209
1185969919189569539
1185969919302586368
1185969919424262146
1185969919424368640
1185969919432806400
1185969919470592002
1185969919839686660
1185969920028360711
1185969920040824832
1185969920061788161
1185969920116326400
1185969920154058752
1185969920200364032
1185969920242262016
1185969920330358784
1185969920384757761
1185969920397512704
1185969920627970048
1185969920628187138
1185969920653303808
1185969920665948160
1185969920732827650
1185969920749780993
1185969920762351616
1185969920762355715
1185969920946909184
1185969921097949186
1185969921274060800
1185969921383116800
1185969921559281664
1185969921563320326
1185969921596878848
1185969921638981632
1185969921647435778
1185969921714479105
1185969922108772352
1185969922247135233
1185969922377162757
1185969922410799104
1185969922423345157
1185969922540740608
1185969922540818432
1185969922859556865
1185969923023089665
1185969923023167489
1185969923161391111
1185969923195047936
1185969923404771328
1185969923584999425
1185969923597721600
1185969923610304513
1185969923765485569
1185969923798917120
1185969924067483648
1185969924163825665
1185969924209958912
1185969924310736896
1185969924323328000
1185969924335964161
1185969924394536962
1185969924428066816
1185969924688228356
1185969924709191680
1185969924952354816
1185969925053177862
1185969925124448258
1185969925128642560
1185969925128708096
1185969925220790279
1185969925233491968
1185969925371777024
1185969925380284417
1185969925598404609
1185969925602664450
1185969925644607488
1185969925694705665
1185969926038806528
1185969926063812610
1185969926093324288
1185969926097399808
1185969926315503616
1185969926382616576
1185969926433132546
1185969926441324545
1185969926575542274
1185969926709895169
1185969926751899649
1185969926756077570
1185969926957191168
1185969927020146688
1185969927041236992
1185969927234019328
1185969927250833408
1185969927292895232
1185969927326355456
1185969927355805712
1185969927464685569
1185969927552929792
1185969927590682624
1185969927695421440
1185969927750115330
1185969927951441921
1185969928039469057
1185969928114978816
1185969928177770496
1185969928328757248
1185969928442134529
1185969928718954497
1185969928739938310
1185969928786055168
1185969928823816198
1185969928827895810
1185969928920166400
1185969928924364800
1185969928991432704
