1185957346620649472
1185957347581186051
1185957348214329344
1185957348621213696
1185957348629766147
1185957348696702976
1185957349133094912
1185957349154004994
1185957349162455040
1185957349179248647
1185957349812506624
1185957349812510721
1185957350047469569
1185957350051590144
1185957350210973696
1185957350307442688
1185957351423205376
1185957351574118400
1185957352115179522
1185957352140410880
1185957352349917184
1185957352572407813
1185957352672940032
1185957352790482951
1185957353000034304
1185957353017020416
1185957353243529218
1185957353323147264
1185957353537060864
1185957353612554240
1185957353641971714
1185957353792954370
1185957354011070464
1185957354174435329
1185957354308808704
1185957354484797441
1185957354673709058
1185957354812014592
1185957355021885440
1185957355156115456
1185957355248328709
1185957355458105345
1185957355709751296
1185957356066267136
1185957356066295808
1185957356276015104
1185957356502503427
1185957356791877633
1185957356871528451
1185957357211144192
1185957357299359745
1185957357634949120
1185957357861425155
1185957358268243968
1185957358373101568
1185957358834503681
1185957358855475200
1185957358884794368
1185957358939320327
1185957358951981056
1185957359379603456
1185957359845335042
1185957360189296646
1185957360197652480
1185957360306704384
1185957360822607877
1185957361388793857
1185957362018017280
1185957362194100225
1185957362303156224
1185957362542272512
1185957362563203072
1185957363007787011
1185957363309776896
1185957363569676289
1185957363792142337
1185957364060557314
1185957365339820032
1185957365499211776
1185957365763526656
1185957366031929345
1185957367986343936
1185957367986438144
1185957368338796546
1185957368498135040
1185957368674304001
1185957369429331970
1185957369781596163
1185957369886326784
1185957370318295041
1185957372419858435
1185957372474167297
1185957372499562498
1185957372700876802
1185957372918980608
1185957373015408640
1185957373397159941
1185957374193881088
1185957374777008128
1185957375871721472
1185957376207314946
1185957376685416448
1185957377415081984
1185957377658494976
1185957377805148160
1185957378019205120
1185957378400776192
1185957378866536448
1185957378891636737
1185957379021643777
1185957379294334978
1185957380695003143
1185957381378904064
1185957381999480832
1185957382938955778
1185957383060754432
1185957383673135105
1185957383736057861
1185957383958421504
1185957384151281670
1185957385455714305
1185957385585729536
1185957385657032704
1185957385770278912
1185957385866825731
1185957385891766272
1185957386001047558
1185957386189713409
1185957386223271937
1185957387368316928
1185957388093939712
1185957388177854465
1185957389096407041
1185957389243158528
1185957389343887360
1185957389406789632
1185957389586948097
1185957389670830081
1185957389821992960
1185957389863968770
1185957390325370881
1185957390555979782
1185957391097049088
1185957391432605696
1185957391579451394
1185957392061796356
1185957392133099522
1185957392950931456
1185957393307451394
1185957393638854657
1185957393689128963
1185957394246967303
1185957394255204353
1185957394695839744
1185957395039707140
1185957395190730752
1185957395266031616
1185957395488481280
1185957395727552513
1185957395748573184
1185957395803054081
1185957395861819397
1185957396071403520
1185957396243505152
1185957396532944897
1185957396755206144
1185957397291925504
1185957397522718722
1185957397736677381
1185957398047084545
1185957398315491336
1185957398441332736
1185957398600671232
1185957399989051397
1185957400265687040
1185957401746272257
1185957401796763649
1185957402757218304
1185957403386232832
1185957403835228160
1185957403998720001
1185957404036554753
1185957404992774145
1185957405538078720
1185957405588447233
1185957406066401280
1185957406087483392
1185957406813163525
1185957406943125505
1185957407064776705
1185957407417163777
1185957407542915073
1185957407739891712
1185957408457314306
1185957409086496769
1185957409300385792
1185957409539407872
1185957410114035720
1185957410407628800
1185957411577839618
1185957412139884546
1185957412718575616
1185957412773289984
1185957412899119104
1185957413574324225
1185957414035775495
1185957414220259329
1185957414287245313
1185957414434156544
1185957415331749891
1185957415755362305
1185957415965069312
1185957416304644096
1185957416644595713
1185957416653000710
1185957416711741440
1185957416741064713
1185957417026236420
1185957418016149504
1185957418707980288
1185957419106603008
1185957419391881216
1185957420083961856
1185957420368986113
1185957421870661644
1185957421916839937
1185957422483099648
1185957422638292992
1185957422931857408
1185957423028330498
1185957423044890624
1185957423137411072
1185957423380492289
1185957423393230848
1185957423871336454
1185957424315949056
1185957424441765888
1185957424529858566
1185957424622161926
1185957424735444993
1185957425049939968
1185957425880416257
1185957427365269504
1185957427683844097
1185957427704926208
1185957427969171457
1185957428023701505
1185957428300566529
1185957428338315265
1185957428447404033
1185957428749357058
1185957429063933953
1185957429206536193
1185957429265256451
1185957429680463872
1185957430041202692
1185957430108180480
1185957430460477440
1185957430599004162
1185957431047786497
1185957431089737733
1185957431412580353
1185957431857340416
1185957432490508288
1185957432859738113
1185957433719447558
1185957433996394497
1185957434113683458
1185957434113875970
1185957434336002048
1185957434386538496
1185957435875516416
1185957436626067457
1185957436630491136
1185957437272137729
1185957437804810241
1185957438060748801
1185957438215856133
1185957438224293890
1185957438328950784
1185957438677291009
1185957439230877696
1185957439318847488
1185957439759421440
1185957440698961926
1185957440745025536
1185957441109987330
1185957441726488576
1185957441822973961
1185957442393378816
1185957442489860096
1185957442838028290
1185957442993250310
1185957443336953857
1185957444222160897
1185957444268240903
1185957444481978368
1185957444549251073
1185957445904076802
1185957446256386053
1185957446348627968
1185957447288152064
1185957447619534848
1185957447963435013
1185957449800540162
1185957450152849408
1185957450370965505
1185957450408579072
1185957450517798918
1185957451452928000
1185957451847360519
1185957452006789122
1185957452329738241
1185957452447178752
1185957453340594176
1185957453357338624
1185957453483200513
1185957453785006080
1185957453894180870
1185957454103711745
1185957454103941121
1185957454695354368
1185957454955405312
1185957458159775744
1185957458180747264
1185957458340122624
1185957458998632449
1185957459246145541
1185957459535548417
1185957459745112064
1185957459816525831
1185957459963179008
1185957460500197376
1185957460512776194
1185957460542181376
1185957460567195648
1185957460777078784
1185957461003395074
1185957461414612992
1185957461418635265
1185957461662076929
1185957462085689346
1185957463117352960
1185957463364980737
1185957463423672321
1185957464191176704
1185957465546002432
1185957466103799809
1185957466397216768
1185957466401492992
1185957466493902849
1185957466913280000
1185957467278270464
1185957468339363841
1185957469656367110
1185957469769605121
1185957470356856832
1185957470977642498
1185957471413686272
1185957472042917892
1185957472072327168
1185957472537702400
1185957472592388096
1185957473318035462
1185957474194489344
1185957474458714112
1185957474613878784
1185957474718945282
1185957474907672578
1185957475041845248
1185957475956219904
1185957476262281217
1185957476665049089
1185957477155778568
1185957477722087424
1185957477784920085
1185957478879649792
1185957479995211778
1185957480230215693
1185957480930729984
1185957481161338881
1185957481169801216
1185957481471602688
1185957481589231616
1185957481849262082
1185957482566475776
1185957483115888641
1185957483485061120
1185957483929657344
1185957484416192512
1185957484797792257
1185957484856512514
1185957485317906432
1185957485502435328
1185957485577932800
1185957485833838593
1185957486026604544
1185957486081335297
1185957486274269187
1185957486324400128
1185957486538514433
1185957486987300864
1185957487146622977
1185957487595393028
1185957487679131649
1185957487880687616
1185957488073437185
1185957488325210114
1185957489000505344
1185957489377972231
1185957489696624640
1185957489700933632
1185957490078486528
1185957490086813696
1185957490112024576
1185957490120384513
1185957490229420034
1185957490296573954
1185957490573369345
1185957491139633152
1185957491223470080
1185957491449966592
1185957491533697024
1185957491684888576
1185957492628561921
1185957492943134722
1185957493001916417
1185957493123571713
1185957493165477894
1185957493480005636
1185957493500833792
1185957494125817856
1185957494520188929
1185957494822260737
1185957495812046855
1185957496122269698
1185957496395108352
1185957497212985344
1185957498068582407
1185957499201036294
1185957499226202113
1185957499372998657
1185957499582726145
1185957499855425536
1185957500136448005
1185957501180641280
1185957501629583368
1185957501776420865
1185957501822492673
1185957501981937665
1185957503718379520
1185957503814819840
1185957504192262144
1185957504221614080
1185957504406249473
1185957505706250240
1185957505932898305
1185957506130075648
1185957506746470402
1185957506885005313
1185957507065208834
1185957507510013953
1185957507707162624
1185957508072005632
1185957508998938626
1185957509087019009
1185957509548380160
1185957509552594945
1185957509745512449
1185957510005563393
1185957510286434304
1185957510521507841
1185957510642929664
1185957510668312576
1185957510672474113
1185957510764728325
1185957511679152128
1185957512094343168
1185957512203395072
1185957512522039296
1185957512648052737
1185957512656195585
1185957513625161728
1185957513839153152
1185957514350858241
1185957515068137472
1185957515303051266
1185957516267659270
1185957516695556099
1185957516888416256
1185957517240782853
1185957517949583361
1185957518033465345
1185957519144968192
1185957519404855296
1185957519635730432
1185957520705241089
1185957521095311361
1185957522286567425
1185957522517028865
1185957522571554816
1185957522672365568
1185957522835988482
1185957523326672896
1185957524089888768
1185957524903731200
1185957524970692608
1185957525063196673
1185957525528764416
1185957525704847360
1185957525738479616
1185957526098984960
1185957526103302144
1185957526719868928
1185957527315533824
1185957527562809344
1185957527567163393
1185957527856410624
1185957529156759552
1185957529643339776
1185957529731371009
1185957529769127936
1185957530054385666
1185957530712838146
1185957531295911936
1185957531782397958
1185957531991937030
1185957532004737025
1185957532877148160
1185957532897927168
1185957534215135232
1185957534416420869
1185957534529720322
1185957534978498560
1185957535104274433
1185957535502782464
1185957536249368577
1185957536840769538
1185957536844992512
1185957537767677953
1185957537969004544
1185957538216304640
1185957538421989378
1185957538593988609
1185957538606411776
1185957539139215360
1185957539176992768
1185957539827068929
1185957540460486656
1185957540959571970
1185957541295120385
1185957541454471169
1185957541764849666
1185957541899046917
1185957542540857346
1185957542557638656
1185957542582771712
1185957542649831424
1185957542775537665
1185957543694069760
1185957544256106496
1185957544302243840
1185957544302387200
1185957545149517824
1185957546105827328
1185957546789462016
1185957547083292677
1185957547397677056
1185957547515224064
1185957548060499973
1185957548060528640
1185957548500946947
1185957548899344387
1185957549637586944
1185957549641781248
1185957550098763777
1185957550266732544
1185957550363156483
1185957550849777665
1185957550950207488
1185957551172706304
1185957551336284161
1185957551684423682
1185957551873110020
1185957552196116488
1185957552217116673
1185957552393084928
1185957552393195520
1185957552540016640
1185957553060155394
1185957553747955713
1185957554448404480
1185957554481979392
1185957554553266177
1185957555417341960
1185957555685810176
1185957556079874048
1185957556486922240
1185957556679860224
1185957556705021952
1185957556797227008
1185957556851822592
1185957557317320704
1185957557942263809
1185957558114238465
1185957558164443137
1185957558789558272
1185957559271919617
1185957559464710146
1185957560077242368
1185957561373036544
1185957562128224256
1185957563050975234
1185957563877265409
1185957563906457600
1185957564292440065
1185957564590252033
1185957564745506816
1185957565152268288
1185957565215232000
1185957565391429633
1185957565487820800
1185957566158913543
1185957566217703424
1185957566498725889
1185957566549024768
1185957567123673089
1185957567614222336
1185957567769579521
1185957568621023233
1185957568755240960
1185957569036214272
1185957569782845440
1185957569841512449
1185957570097356806
1185957570713919495
1185957570810433537
1185957570881585152
1185957570986610688
1185957571028373509
1185957571707969536
1185957571859025922
1185957571896774659
1185957571963838465
1185957572106432512
1185957572416692225
1185957572572078085
1185957572873990144
1185957573402550274
1185957573591207936
1185957573637365760
1185957574493036546
1185957575952605184
1185957576170704896
1185957576376225794
1185957576913100800
1185957577445785601
1185957577504505857
1185957577701478404
1185957577739395072
1185957578037252097
1185957578238353408
1185957578360217600
1185957578771177473
1185957578842542084
1185957578917982213
1185957579354066945
1185957580214013957
1185957581057073153
1185957581682024449
1185957582399258625
1185957582449627137
1185957582608846848
1185957583137447936
1185957584085422080
1185957584085438464
1185957584177635328
1185957585465290753
1185957585679204354
1185957586073317382
1185957586132242433
1185957586434232321
1185957586576785409
1185957586828431361
1185957587717644288
1185957587893796864
1185957587923230721
1185957587948314625
1185957588074024960
1185957588292308996
1185957588405497863
1185957589802201091
1185957590074679296
1185957590192152578
1185957590846574594
1185957590917959680
1185957591144456198
1185957592029433858
1185957592411136000
1185957592515911680
1185957592981483520
1185957593090580487
1185957593979805696
1185957594025869313
1185957594109792258
1185957594256404481
1185957594256433158
1185957594332045319
1185957594340515841
1185957594453757954
1185957594462064640
1185957594499825672
1185957594529177600
1185957594529259520
1185957595250601984
1185957596697677830
1185957596882231296
1185957597641412608
1185957598295658496
1185957598480228352
1185957598530605056
1185957599457533956
1185957599784554496
1185957599839059968
1185957599872598016
1185957600376053760
1185957600401264641
1185957600556392449
1185957600996798464
1185957601437052928
1185957601533513728
1185957601797758982
1185957602909274112
1185957602968113152
1185957603861553152
1185957604175962112
1185957605421830151
1185957606000599041
1185957607275671552
1185957607418281985
1185957607523213312
1185957607649009665
1185957607665651713
1185957607804063744
1185957607833509888
1185957607963611138
1185957607980167168
1185957608416534529
1185957608773029889
1185957608806666242
1185957609704251392
1185957610249506816
1185957610408873989
1185957610480119808
1185957610484371456
1185957610828304384
1185957611511959552
1185957612233342976
1185957612413734913
1185957612573122561
1185957612623400962
1185957612711546880
1185957612912873473
1185957613772648448
1185957615119032322
1185957615119032326
1185957615152631809
1185957615211290625
1185957615349784576
1185957615358169094
1185957615492390913
1185957615836250119
1185957616570261504
1185957616859508736
1185957616909987840
1185957617241382914
1185957617383944192
1185957617597726720
1185957617606234114
1185957617664811008
1185957618067611648
1185957618122215425
1185957618512252928
1185957619023908864
1185957619237818369
1185957619258707968
1185957620131205120
1185957621863460865
1185957622308048898
1185957623901966337
1185957624157802496
1185957624380039173
1185957624631758849
1185957625055367168
1185957625168424964
1185957625839652864
1185957626384805889
1185957627089563655
1185957627429343232
1185957627634675712
1185957627655798785
1185957628192706561
1185957629002223617
1185957629144600577
1185957629153071104
1185957629924904965
1185957630013038596
1185957630138699776
1185957630528892929
1185957630742876160
1185957631795482625
1185957632370249730
1185957632923844610
1185957633418842113
1185957634224148482
1185957634710654976
1185957634719006720
1185957634987483136
1185957635595497472
1185957635679510531
1185957636140883971
1185957636325494785
1185957636665069568
1185957636824535040
1185957637692841986
1185957638032547841
1185957638745526272
1185957638754000900
1185957638867226626
1185957639202787329
1185957639278223362
1185957639903166465
1185957639919939586
1185957640045760512
1185957640263864332
1185957640704270336
1185957641316655105
1185957641404715009
1185957641547403266
1185957641706594304
1185957642121961472
1185957642335936513
1185957642545569793
1185957642688253953
1185957642994356226
1185957643132657665
1185957643812294661
1185957644399460352
1185957644617605120
1185957644714029062
1185957645276069889
1185957645498408965
1185957645544493058
1185957646035279872
1185957646190497796
1185957646253416448
1185957646731317248
1185957647167741954
1185957647251464192
1185957647536836609
1185957647784304640
1185957647968882690
1185957648107294721
1185957648144982022
1185957648669270016
1185957650116366336
1185957650682527744
1185957650892234752
1185957651324096513
1185957651974365184
1185957652112785409
1185957652267823105
1185957652909744131
1185957652989394945
1185957653010190336
1185957653056376833
1185957653106823169
1185957653278707712
1185957654050607104
1185957654725906434
1185957655212220418
1185957655321251840
1185957655866740736
1185957655908536320
1185957656533635072
1185957656915259392
1185957657154379776
1185957657464791041
1185957657783521280
1185957657804464133
1185957658769154050
1185957658941153281
1185957658953695232
1185957659499008001
1185957660174233600
1185957660325224448
1185957660824350720
1185957661298307073
1185957661604343809
1185957661692649473
1185957662040526850
1185957662158143488
1185957662187495425
1185957662313328642
1185957662489546754
1185957663273816064
1185957663416430594
1185957664691576833
1185957664855080961
1185957665832427526
1185957665903652865
1185957665983418370
1185957666385997824
1185957666578976768
1185957666750906368
1185957666927108096
1185957667644198912
1185957667946291200
1185957668063604736
1185957668319567872
1185957668407697408
1185957668407730177
1185957668986507264
1185957669099708416
1185957669594513409
1185957669892513793
1185957670043475968
1185957670139940867
1185957670555140098
1185957671133859840
1185957671301603328
1185957671742128129
1185957671771480064
1185957671855366147
1185957672383930368
1185957672568397825
1185957673239568386
1185957673508003840
1185957673604390913
1185957674179010560
1185957674195849216
1185957675483320321
1185957675726716931
1185957676439785472
1185957676779524098
1185957677140189184
1185957677429641216
1185957677446451200
1185957677530337286
1185957677563817984
1185957677702303744
1185957677735780355
1185957677853229058
1185957677928796167
1185957678301859840
1185957678968983559
1185957679363186688
1185957679543521282
1185957679933612032
1185957680004947969
1185957681368092672
1185957681665691650
1185957681770614784
1185957681779150848
1185957681963638784
1185957681967837184
1185957682995519488
1185957683096150021
1185957683310014464
1185957683712659457
1185957683851079680
1185957684346081281
1185957685138735104
1185957685470138369
1185957685625327616
1185957685998641154
1185957686623571968
1185957687412084736
1185957687483199488
1185957687571419136
1185957687810543619
1185957688263335936
1185957688502407168
1185957688947150848
1185957689072869378
1185957689907699713
1185957690176167936
1185957690377302016
1185957691182608384
1185957691606421506
1185957691895631873
1185957691941777408
1185957692466171905
1185957692927557634
1185957693024067584
1185957693078589440
1185957693095211008
1185957693300842496
1185957694022176768
1185957694223671298
1185957694353620992
1185957695096004608
1185957695351689216
1185957695981064192
1185957696043962369
1185957697264316418
1185957698002657280
1185957700460564481
1185957700485578752
1185957700489957377
1185957701148385281
1185957701169356800
1185957701748056064
1185957701777612802
1185957701878276096
1185957702075322368
1185957702213754880
1185957702691721216
1185957703195267075
1185957703270707201
1185957703446913024
1185957703673434112
1185957703849512960
1185957703920836609
1185957703992119297
1185957704235307008
1185957704768069633
1185957704940085249
1185957705657257985
1185957705858650123
1185957706017865728
1185957706441613315
1185957706630340609
1185957706693255169
1185957707385360384
1185957707523776513
1185957707917905920
1185957708106567680
1185957709142777856
1185957709524303872
1185957709591404545
1185957709721624576
1185957710421999616
1185957710438764544
1185957710971506689
1185957712301117441
1185957712342982662
1185957713139945474
1185957713710202882
1185957715379662853
1185957715400634369
1185957715488559104
1185957715765542913
1185957715903991808
1185957716679970816
1185957716940017664
1185957717346836486
1185957717736906752
1185957718055669761
1185957719972466688
1185957720119304197
1185957721062948865
1185957721511739392
1185957721570496512
1185957722254123014
1185957722698715141
1185957723034152960
1185957723223011328
1185957723797671941
1185957724644880390
1185957724766560257
1185957724821045249
1185957725328564224
1185957725345370112
1185957725353721864
1185957725731196929
1185957725731246081
1185957725760561154
1185957725768953857
1185957725827670016
1185957725886394368
1185957725924139009
1185957726318399490
1185957726482042880
1185957726507192320
1185957726624477184
1185957726997942275
1185957727534768128
1185957728281341953
1185957728340135936
1185957728449155078
1185957728738516999
1185957728772087810
1185957728788926467
1185957729069875200
1185957729698865152
1185957730214797312
1185957730781220865
1185957730881814528
1185957731515191298
1185957731787792385
1185957731984957441
1185957733679415296
1185957733733822464
1185957734467817472
1185957734769934337
1185957734778322944
1185957735357210624
1185957735885692928
1185957736326021121
1185957736665600006
1185957736850345985
1185957737370402816
1185957737542422528
1185957737664012293
1185957737735376898
1185957737978482689
1185957738016399366
1185957739853303809
1185957739912019968
1185957740067381255
1185957740444901376
1185957742516854784
1185957743238270977
1185957743607406592
1185957743787675648
1185957743925985280
1185957744999849984
1185957745251487746
1185957745268318208
1185957745540976642
1185957745666609153
1185957745897492480
1185957746295754753
1185957746673422336
1185957747575218176
1185957747633713158
1185957747637903360
1185957747663224832
1185957747826798594
1185957748007227392
1185957748376326145
1185957748451639296
1185957748523048960
1185957748573442048
1185957749009670144
1185957749068308480
1185957749324222467
1185957749412286464
1185957749710118913
1185957749747802114
1185957749995245569
1185957750972538882
1185957751098433537
1185957751249424384
1185957751668629505
1185957751731695616
1185957751928676354
1185957752176287748
1185957752193069057
1185957752469770241
1185957752541270016
1185957755099725824
1185957755208658944
1185957755594526725
1185957756374786048
1185957756479496192
1185957756576108547
1185957756580323328
1185957756605468672
1185957756756471809
1185957757276557312
1185957757654110208
1185957758279077894
1185957758354501632
1185957759633821697
1185957759780622336
1185957759864496133
1185957759931412482
1185957760422174720
1185957760812367872
1185957760871075846
1185957761005346816
1185957761210667008
1185957761219268608
1185957762544492545
1185957762804699136
1185957762993475584
1185957763161174017
1185957763454771200
1185957763907833857
1185957764457287680
1185957764658552832
1185957764985606144
1185957765040295942
1185957765551931392
1185957766109773828
1185957766386466816
1185957766634061824
1185957766701240321
1185957767120470016
1185957768399900673
1185957768412291078
1185957768567676929
1185957768764764161
1185957768823496704
1185957769008029699
1185957769209364483
1185957769293242368
1185957769456709632
1185957769506983936
1185957769968373760
1185957769985351682
1185957770442526723
1185957770589286400
1185957770752860160
1185957770765291522
1185957771499327488
1185957771860205573
1185957771935670273
1185957772724264960
1185957773592293377
1185957774007635969
1185957774221381632
1185957774930219008
1185957774963822592
1185957775609753600
1185957775979024386
1185957776712966152
1185957776918568961
1185957777128198145
1185957777304367104
1185957777392439296
1185957777740484610
1185957777845424129
1185957777979650048
1185957779082641410
1185957780156567552
1185957780596969472
1185957780932288513
1185957780957487105
1185957781263790081
1185957781494472704
1185957782240972801
1185957782639374336
1185957782660345856
1185957783952343040
1185957784363454466
1185957784677957632
1185957784715591680
1185957784854126592
1185957785089007616
1185957786238234625
1185957786481496065
1185957786653548544
1185957787236556800
1185957787391741952
1185957787882405893
1185957788100505600
1185957788666748928
1185957789337702400
1185957789866184704
1185957791040565248
1185957791107649536
1185957791598600195
1185957791753756672
1185957791942529025
1185957793079201795
1185957793200779264
1185957793460883460
1185957793615904768
1185957794014547974
1185957794417139712
1185957794442289152
1185957794899476480
1185957795612577793
1185957795981647875
1185957796082339840
1185957796480737285
1185957796711411712
1185957797017591808
1185957797265059840
1185957797361541123
1185957797441097729
1185957797659369474
1185957797822914562
1185957798732947457
1185957799282368512
1185957799580319744
1185957799647252481
1185957800331153408
1185957800515526656
1185957800553385985
1185957801652146176
1185957802176593920
1185957802470264833
1185957802558349312
1185957802822512640
1185957803183226887
1185957803418107906
1185957803531390977
1185957803724292097
1185957804290576386
1185957804294623232
1185957804722573312
1185957805011931141
1185957806152634368
1185957806152699904
1185957806152785920
1185957806572298240
1185957807226359809
1185957807226523648
1185957807323000842
1185957807453020160
1185957807532789766
1185957808023461890
1185957808631635968
1185957808791003136
1185957809244049409
1185957809327788032
1185957809915080704
1185957810024177667
1185957811697737729
1185957811731210240
1185957812851150849
1185957812943441920
1185957813580943361
1185957813639700481
1185957813807407107
1185957814818226177
1185957815048986624
1185957815095058434
1185957815111880704
1185957815363477505
1185957815443185672
1185957816135307266
1185957817171238913
1185957817875914762
1185957818249158657
1185957818991431680
1185957819251658752
1185957820136591360
1185957820535132160
1185957820728041474
1185957821063614464
1185957821398929409
1185957821499621376
1185957821688320000
1185957821931757570
1185957821986344962
1185957822107750400
1185957822250602496
1185957822305046530
1185957823643095046
1185957824494522368
1185957824859459588
1185957824901238784
1185957824972705793
1185957825140396032
1185957825798967299
1185957825966510080
1185957828051132416
1185957828961411073
1185957828986576896
1185957829078896641
1185957829091266566
1185957829200568325
1185957829313728514
1185957830408445952
1185957830412644352
1185957830748266497
1185957831016665089
1185957831041789954
1185957831389913088
1185957831553540097
1185957831910014976
1185957832509677569
1185957832664981505
1185957833038274560
1185957833663234048
1185957833722028032
1185957833965232128
1185957834296569860
1185957835072561153
1185957835416453120
1185957835647180801
1185957836301336576
1185957836427321349
1185957836666355713
1185957836938993664
1185957838021021696
1185957838130036736
1185957838373507072
1185957838616547328
1185957838633328640
1185957838675427328
1185957839145177093
1185957839417806849
1185957839803518976
1185957839812136960
1185957840109879298
1185957840135114753
1185957840348954624
1185957840902598659
1185957841871560704
1185957842106404867
1185957842487873536
1185957842634919937
1185957842710401024
1185957842936840192
1185957844069289985
1185957844157206529
1185957844627218432
1185957845717704706
1185957845986168833
1185957847147974656
1185957847160504320
1185957847839981568
1185957848494288897
1185957848544612357
1185957848712245249
1185957848909520896
1185957849014263808
