1185940736837083136
1185940736946196480
1185940737072025601
1185940737336045574
1185940737570926592
1185940737600286720
1185940737638227971
1185940737701101569
1185940738187517953
1185940738217054211
1185940738619723776
1185940738976210947
1185940739471167489
1185940739546595328
1185940740477771776
1185940740871991297
1185940741178249216
1185940742067425281
1185940742667165696
1185940742805643264
1185940742990114816
1185940743027863555
1185940743472463873
1185940743925436416
1185940744479084544
1185940745087143937
1185940745103888385
1185940745665953792
1185940746769260548
1185940746890862592
1185940747763232768
1185940748421795840
1185940748803330048
1185940748904124416
1185940748946030592
1185940749277388801
1185940749512253440
1185940749671698432
1185940750061723648
1185940750195941377
1185940750476939264
1185940750896455681
1185940751500357634
1185940752037232640
1185940752037285888
1185940752351858688
1185940752414588929
1185940752926412802
1185940752959827968
1185940753190735879
1185940753685647361
1185940753966456833
1185940754155233285
1185940754490888192
1185940754990075904
1185940755023613958
1185940755438866432
1185940755656790017
1185940756323852293
1185940756776837120
1185940757158473729
1185940758282543106
1185940758542639104
1185940758651658243
1185940758718603265
1185940758945251329
1185940759217762305
1185940759717011456
1185940759742042113
1185940759985508353
1185940760157413377
1185940760253882368
1185940760279076869
1185940760949952512
1185940761549950976
1185940761709121537
1185940761709289474
1185940762049089537
1185940762883526656
1185940762908938246
1185940763806445570
1185940764431306753
1185940764511080448
1185940764875902976
1185940765534375936
1185940765685485573
1185940766725722113
1185940767182704641
1185940767262461953
1185940767270981634
1185940767350480896
1185940767480565765
1185940767631663104
1185940767723917312
1185940767799418880
1185940768013324288
1185940768432820225
1185940768495587335
1185940769179353088
1185940770181636096
1185940770215337989
1185940770278313986
1185940770483666944
1185940770668384259
1185940770928377856
1185940771771486208
1185940772224458752
1185940772354510849
1185940772413231105
1185940772455141376
1185940772455145472
1185940772476084224
1185940772534837248
1185940772580929536
1185940772673277952
1185940773629394944
1185940773956657152
1185940774074097667
1185940774564913152
1185940774963286018
1185940776192217095
1185940776368427008
1185940776431153155
1185940776745951233
1185940776951386115
1185940776959860736
1185940777286950912
1185940777425346561
1185940777492471809
1185940778037776389
1185940778289254401
1185940778322935808
1185940778377469952
1185940778473971712
1185940778574667776
1185940778675081216
1185940779107270657
1185940779132477441
1185940779673554944
1185940779685924864
1185940779799326721
1185940780038250496
1185940780197777408
1185940780298522625
1185940780432556032
1185940780675928064
1185940780881502208
1185940781225435141
1185940781728702466
1185940782471172096
1185940782500462592
1185940782525681664
1185940782777360385
1185940783091896321
1185940783263862785
1185940783867793413
1185940783905460225
1185940783964282880
1185940784085790721
1185940784253558793
1185940784308113410
1185940784387887105
1185940784459071488
1185940784954171392
1185940785381773312
1185940785990197249
1185940786065661959
1185940786271129600
1185940786313084928
1185940786761863170
1185940786853994498
1185940787185537024
1185940787621703686
1185940788120698880
1185940788246507520
1185940789236584456
1185940789425250306
1185940789857259520
1185940789861457920
1185940789966192640
1185940791014899714
1185940793762177024
1185940794089168896
1185940794311610368
1185940795221839876
1185940795259609089
1185940795431350272
1185940795532173313
1185940795901272064
1185940796136132608
1185940796333277185
1185940796538789888
1185940796945633281
1185940797000179714
1185940797239320577
1185940797839106048
1185940797868429313
1185940798874849280
1185940798874906630
1185940799214587904
1185940799319691265
1185940799692988416
1185940800535957504
1185940801328517121
1185940801420959744
1185940801945255942
1185940802498912265
1185940803761389571
1185940804474462208
1185940804843528193
1185940805237669889
1185940805241978880
1185940805296500736
1185940805619335168
1185940805652905985
1185940805862776833
1185940805992747008
1185940806064132096
1185940806714216450
1185940806793777153
1185940807444062208
1185940807867613184
1185940807901163522
1185940808454807553
1185940808677154816
1185940809662615552
1185940809771880448
1185940809977188353
1185940810157772800
1185940810451304448
1185940810862419968
1185940810942025728
1185940811034349570
1185940811537534976
1185940811835478016
1185940812699443200
1185940812716077058
1185940813085167616
1185940813408288769
1185940814125506561
1185940814255591424
1185940814268112897
1185940814524014592
1185940814628827136
1185940814645682177
1185940814859505664
1185940814893060098
1185940815069302786
1185940815220076545
1185940815610339329
1185940816046497792
1185940816277073920
1185940816407216128
1185940816453345281
1185940816466006023
1185940816503533568
1185940816629395457
1185940817141272576
1185940817279700992
1185940817409650689
1185940817694707716
1185940817908764672
1185940817938132992
1185940818001039361
1185940818110140417
1185940819213193221
1185940819322245120
1185940819884179456
1185940820328767488
1185940821293580291
1185940821448769536
1185940821679525888
1185940822216335360
1185940822669299712
1185940823172628481
1185940823621455874
1185940823625666560
1185940823877263360
1185940824309284869
1185940824678375424
1185940824799891456
1185940825181696000
1185940826590834688
1185940826737795072
1185940827228557313
1185940827484372996
1185940827782156288
1185940829782888449
1185940829921333248
1185940829967392769
1185940830026162176
1185940830059745280
1185940830160412672
1185940830206484481
1185940830600740864
1185940830617587714
1185940830651072514
1185940830995013633
1185940831179591680
1185940831284465665
1185940831783374851
1185940831938777089
1185940832114958337
1185940832135843840
1185940833066872832
1185940833175920640
1185940833897369600
1185940834073624576
1185940834807500800
1185940835684245504
1185940835755614208
1185940836174794752
1185940836279902210
1185940836317569026
1185940836367732736
1185940836401463297
1185940836485337088
1185940836506169344
1185940836887994369
1185940836904853504
1185940837060005890
1185940837164703745
1185940837538160640
1185940837802430465
1185940837995184128
1185940838116777990
1185940838553178113
1185940838699995137
1185940838808985604
1185940838855012353
1185940839090008064
1185940839111057411
1185940839396188161
1185940839513710592
1185940839543033858
1185940839572357121
1185940840474185730
1185940840717398016
1185940840792887298
1185940841505923072
1185940841807962113
1185940841988124672
1185940843544186880
1185940843594731521
1185940844018196480
1185940844228034566
1185940844383264769
1185940844844503040
1185940845100273666
1185940845243125769
1185940845620596737
1185940846140645377
1185940846337839105
1185940846669172737
1185940846870441991
1185940847075975168
1185940847294111744
1185940847373815808
1185940847457718273
1185940847575076864
1185940847608635394
1185940848099385345
1185940848778760192
1185940848946470912
1185940849017778176
1185940849793929216
1185940849814900736
1185940850691530753
1185940850833887237
1185940851165466624
1185940851345821698
1185940851572129792
1185940852281171968
1185940852314640391
1185940852734124036
1185940852948000769
1185940853551857665
1185940854483181568
1185940854525059072
1185940854948745216
1185940855045185542
1185940855846326278
1185940856093794304
1185940856273915905
1185940857091973125
1185940857934901248
1185940858308366336
1185940858316709891
1185940858379603972
1185940858778075136
1185940859541475328
1185940859738611712
1185940860892078081
1185940860921438211
1185940860958961664
1185940861051441153
1185940861416165376
1185940861470826498
1185940862410334210
1185940862662053889
1185940862691368960
1185940862867558401
1185940863479930880
1185940863807098882
1185940864213934082
1185940864394096640
1185940864394240000
1185940864453021696
1185940864507547648
1185940864574611459
1185940864599822337
1185940864641708033
1185940864721227776
1185940864822108160
1185940864884977665
1185940864964558848
1185940865241382912
1185940865522507777
1185940866013257728
1185940866059386881
1185940866306891776
1185940866898124801
1185940867808284674
1185940867896545280
1185940868198522881
1185940868689223680
1185940869310025729
1185940870215950336
1185940870635368448
1185940870765436935
1185940871251820544
1185940871415361536
1185940871427919873
1185940871469887489
1185940871658852352
1185940872438910977
1185940872547962880
1185940872644481025
1185940873651077120
1185940873940365313
1185940874011779072
1185940874041016320
1185940874297036800
1185940874590486528
1185940875781623808
1185940876029243393
1185940876264169473
1185940877707042816
1185940878977896448
1185940879120449536
1185940879787352064
1185940880017899521
1185940880869314560
1185940881037152256
1185940881276227585
1185940881305669634
1185940881385443331
1185940881590931457
1185940881804857349
1185940881892921344
1185940881959993344
1185940882094211073
1185940882735976459
1185940882740203523
1185940882765340677
1185940883297824769
1185940883885056000
1185940884182982656
1185940885135069190
1185940885143457793
1185940885554565120
1185940885739114496
1185940886464729089
1185940886644879360
1185940887072923654
1185940887622356993
1185940888108728321
1185940888121425920
1185940888641396736
1185940888897359881
1185940888935194624
1185940889656549376
1185940890059075584
1185940890222759937
1185940890403123202
1185940890826805248
1185940891187515392
1185940891321716736
1185940891959091206
1185940891980058630
1185940892324126720
1185940892479295493
1185940893636927488
1185940893913829376
1185940894282764288
1185940894958137344
1185940895453077504
1185940895813849088
1185940896539381761
1185940897806147584
1185940898460454912
1185940898506514433
1185940899731144704
1185940899735441408
1185940899806793730
1185940900066648066
1185940900872097794
1185940901149003777
1185940901379502080
1185940901601796096
1185940901786505216
1185940901975080963
1185940902289657856
1185940903023628288
1185940903023824896
1185940903049027587
1185940903862689792
1185940903908839424
1185940904500191232
1185940905100009473
1185940905150353409
1185940905657884672
1185940905712406528
1185940905859145728
1185940905947209729
1185940906119192576
1185940906345730051
1185940906366521345
1185940906496667648
1185940906521907200
1185940906559660038
1185940906890809344
1185940907037810688
1185940907192811520
1185940908119920642
1185940908816195584
1185940908849664006
1185940908883226625
1185940909382348800
1185940909436870658
1185940909545971713
1185940909818552322
1185940910070218752
1185940910187700224
1185940910447775751
1185940910640631810
1185940911349522434
1185940911492075527
1185940911760429058
1185940911781535745
1185940912439844864
1185940912972746753
1185940913144635392
1185940914398728192
1185940914432294913
1185940914717581312
1185940914818211840
1185940915900297216
1185940916130983936
1185940916357357568
1185940916466585600
1185940916705660928
1185940916743393280
1185940916776910848
1185940916802076672
1185940916898537472
1185940917355765760
1185940917838077952
1185940918177808384
1185940918228213761
1185940918253297664
1185940918379143168
1185940918660026368
1185940918819545089
1185940919406731265
1185940919800909824
1185940920673263616
1185940920954478592
1185940921017389056
1185940921029922822
1185940921206169600
1185940921336160258
1185940922003054592
1185940922019790848
1185940922674110464
1185940923001331712
1185940924096008194
1185940924104351744
1185940924624506882
1185940924666466309
1185940924754485249
1185940924838211584
1185940924855209986
1185940925597523968
1185940926205579264
1185940926352379904
1185940926625021952
1185940927887695874
1185940928437129217
1185940928827142146
1185940929041043458
1185940929070411781
1185940929930256387
1185940930337083393
1185940930840408065
1185940931951910919
1185940931985305600
1185940932098772996
1185940932706873345
1185940933382148096
1185940933885517824
1185940934107660289
1185940935441563648
1185940935651332096
1185940935974277120
1185940936406253568
1185940936452399104
1185940937827946497
1185940938109136896
1185940938474037248
1185940938918547457
1185940939619164160
1185940940042723330
1185940941766615041
1185940941846339592
1185940942697779200
1185940942857146368
1185940943192645633
1185940943393972225
1185940944279031808
1185940944606187522
1185940944622895104
1185940944820101122
1185940945906388993
1185940945927196672
1185940946002874368
1185940946137075712
1185940946602614784
1185940947055587328
1185940947185520640
1185940947210788864
1185940947781046273
1185940947797983233
1185940948200706049
1185940948313722881
1185940948318130176
1185940948401950720
1185940948527800327
1185940949031178240
1185940949106597889
1185940949949661187
1185940950343925760
1185940950826262528
1185940951392489472
1185940951476396032
1185940951602212864
1185940951920889856
1185940952172482560
1185940952315240448
1185940953007300608
1185940953892130816
1185940954009620485
1185940954362077184
1185940954789711872
1185940955398103045
1185940956329267201
1185940956685713410
1185940956761202689
1185940956870262785
1185940957419585536
1185940957453340672
1185940958107656194
1185940958170550278
1185940958447357953
1185940958548058116
1185940959407640577
1185940959550459910
1185940959877586950
1185940960007610369
1185940960175247360
1185940960922030083
1185940961005854720
1185940961064439812
1185940961236377600
1185940961697902592
1185940962972971008
1185940963480555520
1185940963711016961
1185940963736338434
1185940963912568837
1185940964046757888
1185940964407414784
1185940965040836609
1185940965636345866
1185940966039064577
1185940966047408128
1185940966097772545
1185940967070851073
1185940968433950729
1185940969151238144
1185940969398718464
1185940970069729281
1185940970195558404
1185940970841337857
1185940971047084033
1185940971353247746
1185940971910885376
1185940972309381120
1185940972481454082
1185940973731405830
1185940975031476224
1185940975279054851
1185940975295848451
1185940975438434304
1185940975505543168
1185940975602024448
1185940976050810882
1185940976470130688
1185940977497890817
1185940978324119553
1185940978626158594
1185940978810572800
1185940978907136000
1185940979137810434
1185940979355979776
1185940979527966720
1185940981205602305
1185940981230604288
1185940981583175680
1185940982220689410
1185940982748962816
1185940983025995782
1185940983172751360
1185940983260815360
1185940983403466753
1185940983709491200
1185940984967774208
1185940985420926976
1185940985894731776
1185940986687578112
1185940986733592582
1185940987870363650
1185940987903803392
1185940988092731393
1185940988512088064
1185940988641996800
1185940988809895936
1185940988881244161
1185940989208338432
1185940989300461569
1185940989522960384
1185940989703151616
1185940989703348229
1185940989950619648
1185940990781210626
1185940991125016578
1185940991393566721
1185940991800426496
1185940991943032832
1185940991997554690
1185940992156938241
1185940992295407621
1185940994547691521
1185940995231367168
1185940995424313344
1185940995508076546
1185940995977945088
1185940996590309376
1185940996644884480
1185940996800028673
1185940996908933121
1185940996984582144
1185940996997156875
1185940997039112192
1185940997689229312
1185940997873651712
1185940998058315776
1185940998121242626
1185940998213517313
1185940998230282240
1185940999694012418
1185940999962550272
1185941002189725696
1185941002344943617
1185941002776928260
1185941003150082049
1185941003573829632
1185941004093927425
1185941004102311936
1185941004597092352
1185941004823732226
1185941004882329600
1185941005213810688
1185941005410979840
1185941005901664258
1185941005968773120
1185941006031699968
1185941006069436416
1185941006564446208
1185941006723801089
1185941007042367488
1185941007801765889
1185941008036630528
1185941008082702337
1185941008338558976
1185941008476966914
1185941009105993728
1185941010473521152
1185941011077517313
1185941011434033152
1185941011568168962
1185941011673108482
1185941011798863872
1185941011928932354
1185941012507574272
1185941012729847809
1185941013031817216
1185941013308870656
1185941013749104641
1185941013854150658
1185941013975781377
1185941014114193414
1185941014126714888
1185941014156107776
1185941014168657921
1185941014411911168
1185941014592311296
1185941014663573506
1185941015636709377
1185941015640887296
1185941015804428289
1185941015989030912
1185941016135831553
1185941016576024576
1185941016622309376
1185941016693690368
1185941016865595392
1185941018199363585
1185941018207817728
1185941018526375937
1185941018543308800
1185941018773983232
1185941019310743552
1185941019814219776
1185941019860312064
1185941020057452547
1185941020296568832
1185941021261209602
1185941021433184268
1185941021500301312
1185941021869379591
1185941022154600456
1185941022452391936
1185941022481801216
1185941022632828933
1185941022741798913
1185941022930427905
1185941023169466368
1185941023303897089
1185941023807004673
1185941024067198976
1185941024285302785
1185941025099042816
1185941025220632578
1185941025233129472
1185941026013417472
1185941026164396032
1185941026239930368
1185941026558504960
1185941026768330753
1185941026856243200
1185941027015798786
1185941027544281090
1185941028064370698
1185941029163155456
1185941029515599877
1185941029561593861
1185941029574316037
1185941029662408710
1185941030581035009
1185941030702632960
1185941030819942401
1185941030966878208
1185941030996189184
1185941031008788482
1185941031017177089
1185941031054958598
1185941031117824000
1185941031134597122
1185941031554076673
1185941032007065607
1185941032338448385
1185941032380391424
1185941032594268162
1185941033512624128
1185941033638678536
1185941033953054720
1185941034414624768
1185941034448097283
1185941034896900096
1185941035219742720
1185941035400212482
1185941035572191232
1185941035702194176
1185941036020854784
1185941036180410368
1185941036356341761
1185941036566224896
1185941037006635016
1185941038466289664
1185941038478823426
1185941038810009600
1185941039548452864
1185941039733002240
1185941039900704769
1185941040013856768
1185941040185987072
1185941040785772544
1185941041213530113
1185941041951715328
1185941042442321921
1185941042916446208
1185941042949959680
1185941043067441160
1185941043440685058
1185941044283789317
1185941044682248192
1185941045214896128
1185941045638356993
1185941045856616448
1185941046292819968
1185941047995711488
1185941048423583749
1185941048498933760
1185941048763277312
1185941049912496128
1185941050373873666
1185941050734583809
1185941051657347072
1185941051888013316
1185941052018089992
1185941052160655361
1185941052433285124
1185941052601094144
1185941052693405697
1185941053062426630
1185941053934669825
1185941055608426498
1185941055683878913
1185941056099102725
1185941056287838208
1185941056497618945
1185941056774385665
1185941057147678721
1185941057223254027
1185941057294471168
1185941058317889536
1185941058355634176
1185941058552770561
1185941058854772737
1185941058921943045
1185941059219668995
1185941059861393409
1185941060029239297
1185941060289122305
1185941060297601031
1185941060599582720
1185941061551689728
1185941061572513793
1185941061841149960
1185941062033895425
1185941062445162496
1185941062935891969
1185941064148013058
1185941064336711686
1185941064357576704
1185941065137868800
1185941065787944960
1185941065989316609
1185941066068967425
1185941066090012672
1185941066169671680
1185941066215755776
1185941066228338694
1185941066282950658
1185941066295529472
1185941066324819968
1185941066706542593
1185941067176300544
1185941067264397313
1185941067457282049
1185941067570515968
1185941067633430528
1185941067692232706
1185941068107386881
1185941068119982081
1185941068250058752
1185941068275159041
1185941068329697280
1185941068770086915
1185941068828811264
1185941069067948032
1185941069554487296
1185941070380707840
1185941070728880128
1185941071253196800
1185941071848787974
1185941072058503173
1185941072305885184
1185941072494649345
1185941072574386176
1185941072708542464
1185941072767311874
1185941072842756098
1185941073488683009
1185941073878814720
1185941073958440963
1185941075007016960
1185941075988537346
1185941076005158913
1185941076353437696
1185941076395212805
1185941076718292993
1185941077058113536
1185941077359874048
1185941078169530370
1185941078236680192
1185941078358351872
1185941078404403205
1185941078521929730
1185941078605783040
1185941079499202561
1185941079788544000
1185941079885074437
1185941080170225679
1185941080346378240
1185941081013272576
1185941082812702726
1185941083517313025
1185941083982848000
1185941084133822464
1185941084255313921
1185941084570030080
1185941085203378176
1185941085547188225
1185941086394449920
1185941086767898625
1185941087602532352
1185941087745200131
1185941088089116672
1185941088202379270
1185941088781197312
1185941089368399872
1185941089695535104
1185941090521645062
1185941090731474947
1185941091394166789
1185941091733954562
1185941091805270016
1185941091993997313
1185941092170121216
1185941092266659841
1185941092426010629
1185941092887420935
1185941092916551681
1185941093801775105
1185941094015655938
1185941094317596678
1185941094485430272
1185941094854381569
1185941096326668290
1185941096825872395
1185941097199128576
1185941097371058178
1185941097446551553
1185941097559842816
1185941097991868418
1185941098025439232
1185941098658746370
1185941099627466752
1185941099770068992
1185941099937816577
1185941100395192320
1185941100487495680
1185941100508266496
1185941102358093830
1185941102534316032
1185941102840438786
1185941103075348482
1185941103297662976
1185941103297679360
1185941103389876224
1185941103649984512
1185941103687671808
1185941103830327299
1185941103834521605
1185941103838662659
1185941103939338240
1185941104019083274
1185941104052584449
1185941104501444608
1185941104627240963
1185941104652423170
1185941105776316416
1185941105931481088
1185941105952677890
1185941105990426625
1185941106162315271
1185941106573414400
1185941106770489345
1185941106833408000
1185941106892165120
1185941107214929921
1185941107265409026
1185941107491913728
1185941108188209154
1185941108427284480
1185941108880269312
1185941109064851457
1185941109446467584
1185941110079791104
1185941110599880712
1185941111384076288
1185941111505743872
1185941111870820354
1185941111958900736
1185941112097267713
1185941112420290566
1185941112638365696
1185941112902557703
1185941113166802945
1185941113506582528
1185941114764877825
1185941115012354049
1185941115377278979
1185941116060876807
1185941116929138692
1185941117486927874
1185941117528924160
1185941117767839745
1185941118174842883
1185941118569111558
1185941118585729024
1185941118908682240
1185941119475093505
1185941119919673344
1185941120322138114
1185941121018544129
1185941121177927680
1185941121194700801
1185941121215676416
1185941122004205569
1185941122889203713
1185941123417686016
1185941123585454080
1185941124004888577
1185941124185235456
1185941124311109633
1185941124768288768
1185941125548433408
1185941125800046596
1185941125800124418
1185941125879750656
1185941126009651200
1185941126445973504
1185941126500499456
1185941126706094081
1185941126940786690
1185941126978555904
1185941126995419138
1185941127326617600
1185941127804923906
1185941127951724544
1185941128073433089
1185941128304058368
1185941128580866056
1185941128727662592
1185941129361055745
1185941129759543298
1185941129923043330
1185941130426355719
1185941130636079105
1185941130954756096
1185941131160379392
1185941131328012290
1185941131340763136
1185941131437072385
1185941131550449664
1185941131756015616
1185941132431319041
1185941132741619712
1185941132808806401
1185941133001658368
1185941133525966848
1185941133542580227
1185941133882544130
1185941134985457665
1185941135497355265
1185941135937564673
1185941136071938049
1185941136667500544
1185941137686745093
1185941137871298560
1185941137934241792
1185941138001276928
1185941138135506944
1185941138542354432
1185941138752057344
1185941139611947010
1185941139972448259
1185941140131860482
1185941140433985537
1185941140660510725
1185941140916170752
1185941141985906689
1185941142556282880
1185941142761816064
1185941143080570880
1185941144187875329
1185941144548659203
1185941145559416833
1185941145676910600
1185941146222157824
1185941146310266880
1185941146318573568
1185941146444455937
1185941146696146944
1185941147019104256
1185941148159893504
1185941148285722624
1185941148533166080
1185941148650692611
1185941149242023936
1185941149405646848
1185941149514645505
1185941149950840832
1185941149963472897
1185941150055702528
1185941150592634885
1185941150923755520
1185941150957477890
1185941150986752000
1185941151297298433
1185941151540502532
1185941151582478336
1185941151691358208
1185941151733485569
1185941151737696258
1185941151909584896
1185941152077361152
1185941152123539462
1185941152375230464
1185941152542920704
1185941152895262722
1185941152912023553
1185941153289560065
1185941153377640448
1185941153457160195
1185941154749136898
1185941154782683136
1185941154833010688
1185941155034390530
1185941155160064001
1185941155369893888
1185941156095516673
1185941156124860416
1185941156464648193
1185941157060194304
1185941157605466113
1185941157622104065
1185941157739749376
1185941158469537792
1185941158524051457
1185941158750543873
1185941158972801024
1185941159048146944
1185941159128043523
1185941160604262400
1185941160805707777
1185941160826671104
1185941160851886087
1185941161384525824
1185941161422348290
1185941161850134535
1185941162252754945
1185941162672214021
1185941163544584193
1185941163615883264
1185941164081463296
1185941164266086400
1185941164702126080
1185941164937154561
1185941165566070784
1185941166115708930
1185941166627414017
1185941166744842241
1185941166883299328
1185941167508283394
1185941167554342912
1185941167566807040
1185941167671693322
1185941168170733571
1185941168204333056
1185941168275640320
1185941169009770501
1185941169525547008
1185941169655762951
1185941170569932801
1185941170922414080
1185941171002064897
1185941171031425024
1185941171417288704
1185941171442458625
1185941171639668742
1185941172092583936
1185941172281315330
1185941172394643458
1185941172784680960
1185941172801290241
1185941173170507781
1185941173560627200
1185941173610913793
1185941173707464704
1185941174047203328
1185941174319640576
1185941174403485697
1185941174403637255
1185941174592274432
1185941174667894784
1185941174718091265
1185941175297024002
1185941175380955137
1185941175401959424
1185941175611641857
1185941176593125383
1185941176937046017
1185941177440358402
1185941177478062081
1185941178073649153
1185941178639933441
1185941178719621121
1185941178937565187
1185941178967121920
1185941179097124864
1185941179294240769
1185941179839287297
1185941180191633411
1185941181181693953
1185941181240401923
1185941182536392706
1185941182821687296
1185941183572275200
1185941184742645762
1185941185036242945
1185941185656963081
1185941186261016577
1185941186462261250
1185941186848186368
1185941187091488768
1185941187615756289
1185941187766738944
1185941188626571264
1185941188664127489
1185941189880680448
1185941190195236865
1185941190249795584
1185941191046696962
1185941191881306113
1185941191961071618
1185941192447549441
1185941194381152259
1185941194670514176
1185941194884337664
1185941197015130112
1185941197493329921
1185941197551996928
1185941197598142464
1185941197761765376
1185941198038544385
1185941198386745345
1185941198520881152
1185941199645003777
1185941199703756805
1185941199833763840
1185941200764854273
1185941201083600896
1185941201171693568
1185941201351921664
1185941201494478854
1185941201586970625
1185941202329317377
1185941202354495488
1185941202501324800
1185941202568437761
1185941202878652417
1185941203000483840
1185941203633823746
1185941204132880385
1185941204212555779
1185941204447498244
1185941204938002433
1185941205194031105
1185941205441490945
1185941205693140993
1185941206171148288
1185941206771159040
1185941206796308482
1185941207035170816
1185941207899430912
1185941207953879040
1185941208062971904
1185941208595599360
1185941208704733184
1185941209191243777
1185941209673535488
1185941210227269632
1185941210445373440
1185941211191881734
1185941211296624640
1185941211670106112
1185941211842056193
1185941212420853760
1185941212940980226
1185941212949336064
1185941213108690944
1185941213536497666
1185941213842694151
1185941214433951744
1185941214803234816
1185941214828228610
1185941215017082882
1185941217369939973
1185941217609244672
1185941217906954240
1185941217940365313
1185941218305433601
1185941218401771521
1185941218456412160
1185941218519343104
1185941218892619776
1185941219400130561
1185941219429552128
1185941219622309888
1185941219874168833
1185941220218028032
1185941220272549888
1185941220603895808
1185941220641660929
1185941221094645761
1185941221186920449
1185941221598027778
1185941222545711105
1185941223175086081
1185941223560925184
1185941225091878913
1185941225112772608
1185941225133760513
1185941225175769088
1185941225498648576
1185941225813053441
1185941225955823616
1185941226249342976
1185941226970845184
1185941227188867072
1185941227327442944
1185941227402911744
1185941227461578752
1185941227532771332
1185941227595694081
1185941227658592261
1185941227671359489
1185941227985948674
1185941228111781888
1185941228162048000
1185941228195647489
1185941228346626048
1185941228552097792
1185941229705580547
1185941229906923526
1185941230028558340
1185941231001657344
1185941231202947073
1185941231530057729
1185941231848828928
1185941232117338112
1185941232264056832
1185941232444461056
1185941232767385602
1185941233115549697
1185941233543204868
1185941233555922944
1185941233685938179
1185941233694400512
1185941234042523649
1185941234310959104
1185941235057483780
1185941235074289664
1185941235107860480
1185941235183149058
1185941235544068096
1185941235678072833
1185941235778936832
1185941236684857344
1185941236772945921
1185941237381160960
1185941238085763077
1185941238161301504
1185941238496841732
1185941238878330880
1185941238941474817
1185941239381872643
1185941239587315712
