1185943254157742081
1185943256112226307
1185943256300961792
1185943256359723008
1185943258163240960
1185943259417169921
1185943260058931200
1185943260365295616
1185943262508523520
1185943262701539328
1185943263238393856
1185943263313891328
1185943263821357057
1185943264244961281
1185943264341512192
1185943264425197568
1185943264815435776
1185943264924520448
1185943265020993536
1185943265104801796
1185943265423609856
1185943266568486912
1185943267474411520
1185943268040855553
1185943268401582085
1185943268766420993
1185943269232037889
1185943269466722309
1185943270691688449
1185943271220097024
1185943271727620101
1185943272654606336
1185943273375965185
1185943273753497601
1185943274986639360
1185943275481362433
1185943276588687360
1185943277205258241
1185943277775872007
1185943277838700546
1185943278048436227
1185943278069473280
1185943278111334400
1185943278199492613
1185943278216237056
1185943278593683458
1185943278669172737
1185943278711181312
1185943279189319680
1185943280112033792
1185943280690839552
1185943281504604160
1185943282305495040
1185943282414690307
1185943282527997952
1185943282796376064
1185943282943168513
1185943283656253440
1185943284973211648
1185943285719695360
1185943286151819264
1185943286281838593
1185943287024234497
1185943287481425920
1185943287594704898
1185943288756559872
1185943289087889409
1185943289377280001
1185943290933325825
1185943291839352832
1185943292078247937
1185943292644659201
1185943292757839873
1185943292803977216
1185943292900446208
1185943293537878016
1185943294523654144
1185943295249276928
1185943297468092417
1185943298613137408
1185943298659237891
1185943300169175042
1185943300601208833
1185943303864365056
1185943304007012353
1185943304283684864
1185943304778727424
1185943305646956547
1185943305772818444
1185943306179661824
1185943306737508354
1185943308079714307
1185943309115518976
1185943309119873024
1185943309518364672
1185943309853822978
1185943313255411712
1185943315390312449
1185943315843297285
1185943318053687301
1185943319303602177
1185943320020828160
1185943321128120320
1185943321249828864
1185943321899950080
1185943328069689345
1185943328141070337
1185943328543727618
1185943330259161088
1185943330573565952
1185943330930212864
1185943332058324994
1185943332092071937
1185943332570177536
1185943332943519745
1185943334096986112
1185943338014388224
1185943338475806722
1185943338630963200
1185943338647728133
1185943339906031616
1185943341806116865
1185943342175023104
1185943342552670209
1185943343727026176
1185943344842772480
1185943345182527488
1185943346012917761
1185943346541404163
1185943346570768384
1185943346746925057
1185943346822438918
1185943349003354112
1185943349599055872
1185943350035107840
1185943351419236354
1185943351872258048
1185943352438603777
1185943353222934528
1185943353646616577
1185943354204291072
1185943354795671552
1185943355471122434
1185943355567550464
1185943356209106944
1185943357106872320
1185943358449041408
1185943360315543560
1185943362572079105
1185943363519803392
1185943363696152577
1185943364081831938
1185943364388216834
1185943365033938944
1185943365134770178
1185943365419843584
1185943366602776578
1185943367307259904
1185943367756070912
1185943367861067779
1185943369102422016
1185943369144553472
1185943369438003200
1185943369635291142
1185943370302197760
1185943373045288965
1185943373548523520
1185943374228082688
1185943375175925766
1185943375725223937
1185943376715276289
1185943377038266368
1185943377784852480
1185943377814216705
1185943378183315456
1185943378220814337
1185943378841800704
1185943381974884354
1185943381987516416
1185943382079758336
1185943382348255232
1185943382365003777
1185943382935425027
1185943385120505857
1185943386806800385
1185943387469271041
1185943388383862785
1185943390036332547
1185943390153793537
1185943390212501504
1185943390808092673
1185943391462481920
1185943391852326912
1185943391948832775
1185943392913674241
1185943394129981440
1185943394503286786
1185943395543535616
1185943396768198666
1185943399049789440
1185943400056578053
1185943401658834946
1185943403130961920
1185943403210706944
1185943404179578881
1185943404720447488
1185943405811195911
1185943406196994049
1185943406284947457
1185943407010693121
1185943407665004544
1185943407966990336
1185943409132896257
1185943409674067970
1185943409980260353
1185943410865250304
1185943411318284289
1185943411892707329
1185943412215824385
1185943412610158595
1185943413092507651
1185943414027640832
1185943414413508609
1185943417056043008
1185943417102229504
1185943418226315265
1185943419237081089
1185943419467845632
1185943421565001728
1185943422940733440
1185943423070679040
1185943423322226689
1185943423548825600
1185943424354181120
1185943424920367104
1185943425725554688
1185943426107396097
1185943426790916098
1185943427281760258
1185943427374034944
1185943427382267904
1185943427529281536
1185943428040921091
1185943428091256832
1185943428519153666
1185943429764861953
1185943429815164930
1185943430255534082
1185943430603706369
1185943430607687680
1185943431232851970
1185943431945830400
1185943432046485509
1185943432788885505
1185943434021916673
1185943435687018496
1185943435901100033
1185943436077211648
1185943436802826240
1185943437050138629
1185943437172002817
1185943438694502400
1185943439059365888
1185943439193432064
1185943439881297920
1185943440451919873
1185943440904900614
1185943440963465217
1185943441060093952
1185943442234499072
1185943443421437959
1185943443547344896
1185943444482592774
1185943444671340550
1185943444776280065
1185943446059732992
1185943446395031552
1185943447242457088
1185943447338999810
1185943448337166337
1185943448567910401
1185943448714481664
1185943448983166978
1185943449020911617
1185943449444519936
1185943449872326656
1185943450493038593
1185943452623749120
1185943453315817473
1185943453667971072
1185943453781446656
1185943455379398656
1185943455656284162
1185943455773663233
1185943457111494656
1185943457250074625
1185943460186066947
1185943460269850629
1185943461544914944
1185943461758980098
1185943461763174400
1185943462211936256
1185943463818170369
1185943465093488641
1185943466817273859
1185943468503384064
1185943468553756673
1185943468939579397
1185943469468114946
1185943469614911489
1185943469749166080
1185943471313555458
1185943472190246916
1185943472529952768
1185943472567738371
1185943472806617088
1185943473268121600
1185943474174156804
1185943475117871104
1185943476023771136
1185943477953224706
1185943478221582337
1185943478368227328
1185943478682996741
1185943478942998532
1185943478980743169
1185943480704667648
1185943481392549889
1185943482826985473
1185943482864521217
1185943484026490880
1185943484081098752
1185943484286541827
1185943484877832193
1185943485066743808
1185943485918175232
1185943486660517890
1185943486794797057
1185943487449042951
1185943487751036928
1185943487813865473
1185943488036331520
1185943489160331264
1185943490422808576
1185943491517603840
1185943491576250371
1185943491865645057
1185943492230602759
1185943492716982272
1185943493413232640
1185943493836972039
1185943494671716352
1185943494793322496
1185943496374530054
1185943496655540228
1185943496663932930
1185943496852725760
1185943498928934914
1185943499876818946
1185943501399216128
1185943502867304453
1185943503710277632
1185943504272396288
1185943504423477248
1185943505472020481
1185943505748799488
1185943506315030528
1185943506956750848
1185943507581788160
1185943508776964097
1185943509141983232
1185943509376884736
1185943509955686412
1185943510597259264
1185943510685569025
1185943511247605766
1185943511373189120
1185943511444676610
1185943511486685186
1185943512790888448
1185943512803622912
1185943513130819589
1185943515534020609
1185943516536623105
1185943518193295360
1185943518247903232
1185943518667255808
1185943519124426755
1185943519153836032
1185943519720038400
1185943519728472066
1185943522404208645
1185943522467180545
1185943522546987009
1185943523264086017
1185943524333645826
1185943524379889665
1185943524707045377
1185943525302702080
1185943525483057153
1185943525822623744
1185943526686760960
1185943527685054465
1185943528003776512
1185943528796540928
1185943529454915590
1185943530008645637
1185943530373468160
1185943530965028864
1185943531267022848
1185943532059512832
1185943534685343746
1185943534714654720
1185943535427686400
1185943535586963458
1185943535922622466
1185943537264799745
1185943537273192450
1185943537327771648
1185943538577661952
1185943539114565634
1185943540087611395
1185943540687409152
1185943540733566988
1185943542633357314
1185943543279509506
1185943544244195328
1185943544265134082
1185943545020145664
1185943545934438402
1185943546492260352
1185943548027383808
1185943548656603138
1185943549189218304
1185943549575127041
1185943549642194944
1185943550145388545
1185943550376071169
1185943552964153346
1185943553761009664
1185943556113997824
1185943556176994304
1185943556843720704
1185943558672568321
1185943559796473856
1185943564250796032
1185943564326453251
1185943565827858435
1185943566058770433
1185943566851432448
1185943568910827522
1185943569300905984
1185943569841958912
1185943570894770176
1185943573587529728
1185943573608484864
1185943575852281861
1185943576355602432
1185943577060401154
1185943578209599491
1185943579203555328
1185943581095288832
1185943581330030592
1185943581355401216
1185943582173204481
1185943583083417600
1185943583431548933
1185943583641276418
1185943583678816256
1185943585516130304
1185943587080396800
1185943587474657281
1185943587487436800
1185943587890106369
1185943587906899968
1185943587953004545
1185943588548558848
1185943588716404737
1185943588871516167
1185943589609758720
1185943589630689286
1185943590209540097
1185943591144828928
1185943591295651840
1185943594160410625
1185943596983345152
1185943597360791552
1185943597889118213
1185943598266753024
1185943598333870080
1185943598371627008
1185943599357317120
1185943599969701891
1185943600607174657
1185943601303437319
1185943602872107008
1185943603434213376
1185943603702571009
1185943604105224195
1185943604650565632
1185943604885426176
1185943604918964224
1185943605086769153
1185943605279633408
1185943606273568768
1185943606324027392
1185943606399516672
1185943607167066112
1185943607636910080
1185943607825461248
1185943608190480384
1185943608815505409
1185943608903516160
1185943609348165632
1185943609805344773
1185943610493149186
1185943612661456896
1185943615580717056
1185943615874445312
1185943616901939206
1185943617115840517
1185943617908555777
1185943618399408133
1185943618730655744
1185943618915307520
1185943618957271043
1185943619376689152
1185943620085518337
1185943620844691457
1185943620999733248
1185943622493057026
1185943623084527617
1185943623831031808
1185943624522977281
1185943624783220737
1185943625504452608
1185943626251165697
1185943626292924416
1185943626318319616
1185943627010379777
1185943627588980736
1185943627765338114
1185943627903750146
1185943627970818048
1185943628394323969
1185943628776124416
1185943628830707712
1185943629896048643
1185943630046998528
1185943630164516866
1185943630625824768
1185943632014172161
1185943632760758272
1185943632764985346
1185943632790077440
1185943632806854657
1185943632836222976
1185943633238740992
1185943633842917376
1185943634090348546
1185943635520638981
1185943635713495041
1185943636241833985
1185943636950695940
1185943638200614913
1185943638490021888
1185943640511668225
1185943641505714176
1185943643942801409
1185943646622879744
1185943646878732293
1185943648862703617
1185943649533734912
1185943649747644416
1185943649927999489
1185943649957400577
1185943650955661313
1185943652520079362
1185943656068341760
1185943656508862471
1185943658522038272
1185943658840805377
1185943662561124352
1185943663626588160
1185943663702089728
1185943665644113920
1185943668886310915
1185943669393821696
1185943669423136768
1185943669989351425
1185943670589198336
1185943671100694528
1185943671168012294
1185943671876669440
1185943673466425345
1185943673512611840
1185943673634078721
1185943673650982912
1185943673923604481
1185943677174198272
1185943677224534018
1185943677232918534
1185943677304217600
1185943677421740035
1185943677484421120
1185943678512177152
1185943679258615808
1185943679623716865
1185943680194093056
1185943682031214593
1185943683645861888
1185943684526657537
1185943684581380096
1185943685122445314
1185943687743836160
1185943688263942144
1185943688561725446
1185943689555787776
1185943691573133312
1185943692399517699
1185943692789649409
1185943693796265984
1185943696270921729
1185943697411706881
1185943697411710976
1185943697847963650
1185943699836026880
1185943700444041217
1185943700511379456
1185943701777989632
1185943702885355520
1185943703153606658
1185943703161995264
1185943703510228992
1185943704105902080
1185943704793702401
1185943704994861056
1185943705095720961
1185943705368383490
1185943705917820928
1185943707830370304
1185943709977726976
1185943711852699649
1185943712129568769
1185943712246841344
1185943713874210816
1185943714516082688
1185943715682144257
1185943716411785216
1185943716948840448
1185943717242462208
1185943717716221959
1185943718295154689
1185943718299406336
1185943719666696192
1185943723261210625
1185943723311587328
1185943723332509696
1185943724372779008
1185943724657913856
1185943724984913921
1185943725123330048
1185943726004330496
1185943726323056641
1185943726486671361
1185943727291949056
1185943728579661824
1185943728906743808
1185943728915210240
1185943730748121088
1185943731075190785
1185943732304175104
1185943733377929216
1185943734158053381
1185943734304722945
1185943735865151488
1185943736062283776
1185943737052139521
1185943737836421120
1185943739048648709
1185943739434520583
1185943739526713344
1185943740000718849
1185943740621475841
1185943742093484032
1185943742433447937
1185943742982905856
1185943745885278209
1185943746728398848
1185943748557049857
1185943748619984897
1185943748938797056
1185943749047803906
1185943750477901824
1185943750587146240
1185943751044276226
1185943751367254016
1185943751811723264
1185943752654970880
1185943753007091712
1185943753686769664
1185943753929973761
1185943753955131402
1185943754110308352
1185943755012104193
1185943755528048640
1185943756136169472
1185943756236820481
