1185956339559862273
1185956340067373057
1185956340113530880
1185956340218265600
1185956340436484100
1185956340570583045
1185956341300502529
1185956341434765317
1185956341472346112
1185956341547823105
1185956341849972736
1185956341853982720
1185956342231687169
1185956342361739270
1185956342382489601
1185956342776979463
1185956342881832960
1185956343326433281
1185956343351533568
1185956343380873223
1185956343477227520
1185956343531950082
1185956344161017856
1185956344982986752
1185956345540829184
1185956345587142657
1185956345780064257
1185956345897308160
1185956345981227009
1185956346207883265
1185956346258231301
1185956346266415104
1185956346493067266
1185956346631507973
1185956346635735041
1185956346685837312
1185956346899980288
1185956347147194368
1185956347587825665
1185956347852066818
1185956347977850881
1185956348502200320
1185956348779008001
1185956348837523457
1185956348942524417
1185956349152256001
1185956349248589825
1185956349542318085
1185956349764521984
1185956349785628682
1185956350079062021
1185956350100066304
1185956350175698945
1185956350255403009
1185956350301335553
1185956350330695680
1185956350368419840
1185956350536216576
1185956350578188288
1185956350674685955
1185956350708334592
1185956350741733376
1185956351291338754
1185956351312183296
1185956351383617537
1185956351735808000
1185956351748558848
1185956351870230529
1185956351886811136
1185956351937339396
1185956351945728000
1185956351987597312
1185956352226545664
1185956352562208769
1185956352675471360
1185956352746647553
1185956352855818240
1185956352968949760
1185956353082310657
1185956353442893824
1185956353602441217
1185956353895845888
1185956353975689219
1185956354122489857
1185956354256723968
1185956354332213249
1185956354378350592
1185956354554519553
1185956354583941125
1185956354596528136
1185956354608877568
1185956354860748800
1185956354873266180
1185956354877480961
1185956355208892417
1185956355246571521
1185956355292700672
1185956355343110150
1185956355426934785
1185956355586383872
1185956355829616641
1185956356064460800
1185956356236464128
1185956356387246080
1185956356421017601
1185956356639076352
1185956356701843457
1185956356727152640
1185956356844638208
1185956357322596352
1185956357448622082
1185956357486178306
1185956357788307457
1185956357863686144
1185956358165815297
1185956358761398276
1185956358799200258
1185956358820126720
1185956359197601794
1185956359260389378
1185956359692541960
1185956359914700800
1185956360078258176
1185956360208502784
1185956360422342656
1185956360694980609
1185956360720179200
1185956361491959811
1185956361693270017
1185956361818951680
1185956362200797186
1185956362234167296
1185956362699689984
1185956362930589701
1185956362972352512
1185956363073015808
1185956363115073536
1185956363299676165
1185956363408756736
1185956363492614144
1185956363542892546
1185956363551170561
1185956363752468481
1185956363811393536
1185956363912040450
1185956363953942533
1185956364201451522
1185956364348252163
1185956364415320069
1185956364465500162
1185956364474040322
1185956364641849346
1185956365199650816
1185956365409439745
1185956365602304000
1185956365849772032
1185956366139019264
1185956366315413504
1185956366462021632
1185956366575382528
1185956366915166208
1185956366923554818
1185956367246544896
1185956367284297730
1185956367309443079
1185956367460257792
1185956368043380736
1185956368311898112
1185956368316096512
1185956368332791808
1185956368781627393
1185956369150742529
1185956369175728128
1185956369431744514
1185956369817591815
1185956369846931469
1185956370178142209
1185956370388078592
1185956370417209344
1185956370509639681
1185956370664824832
1185956370811625472
1185956370912337920
1185956371029790722
1185956371151360000
1185956371243642880
1185956371277201409
1185956371574996994
1185956371654688768
1185956371684057089
1185956371792986112
1185956371872829442
1185956371956752384
1185956372464242688
1185956372468207616
1185956372699107328
1185956373210845192
1185956373626019842
1185956373781188608
1185956373932269569
1185956374053822465
1185956374292975624
1185956374477455360
1185956374691233792
1185956375312175104
1185956375500918784
1185956375513444353
1185956375618211840
1185956375647657984
1185956375656062976
1185956375689650177
1185956375773364224
1185956375995863041
1185956376180187136
1185956376289464321
1185956376662740994
1185956376666882049
1185956376859815936
1185956376876605440
1185956376914223105
1185956377224724480
1185956377270931458
1185956377468063744
1185956377547677698
1185956377686134785
1185956377811968000
1185956377845518341
1185956377895821313
1185956378336100354
1185956378420142080
1185956378537365505
1185956378973786113
1185956379061817344
1185956379263209472
1185956379443548160
1185956379539886081
1185956380064321539
1185956380127174661
1185956380223557632
1185956380441632768
1185956380672495617
1185956380928282624
1185956381347733504
1185956381637001216
1185956381670686729
1185956381846835202
1185956381985247232
1185956382081716224
1185956382278737921
1185956382308044800
1185956382312411136
1185956382333460480
1185956382995972097
1185956383071637504
1185956383138766849
1185956383264403456
1185956383373455360
1185956383788818432
1185956383914676225
1185956384757694465
1185956384967401472
1185956385332199424
1185956385575653377
1185956385848213508
1185956385898536962
1185956386221547521
1185956386280263682
1185956386397655047
1185956386515144704
1185956386582212611
1185956386691321857
1185956386842255360
1185956386846453766
1185956386976477189
1185956387353812992
1185956387672723457
1185956387685371904
1185956388012474369
1185956388717154309
1185956388972978177
1185956388977172480
1185956389006577666
1185956389090406401
1185956389195145217
1185956389438537728
1185956389451157504
1185956389707042825
1185956389849616384
1185956389862203392
1185956390457761792
1185956390809919488
1185956390969344002
1185956391019831299
1185956391242076164
1185956391346933761
1185956391392931840
1185956391678337024
1185956391854493696
1185956392034811905
1185956392055660545
1185956392152100864
1185956392307314688
1185956392697552896
1185956392777244675
1185956392903073798
1185956393074884608
1185956393087623173
1185956393116942336
1185956393246953478
1185956393880313857
1185956394018709505
1185956394064863232
1185956394098405382
1185956394207498247
1185956394425618432
1185956394782154757
1185956395281256449
1185956395339964417
1185956395444781056
1185956395599978496
1185956395709022208
1185956396216606720
1185956396334043136
1185956396682137600
1185956396694753282
1185956396770217985
1185956396963188736
1185956397089017857
1185956397516591104
1185956398099767296
1185956398246584320
1185956398372311041
1185956398519275521
1185956398577795072
1185956399001542656
1185956399358062593
1185956399454408704
1185956399987281921
1185956400016572417
1185956400025030656
1185956400163373057
1185956400305967105
1185956400595456000
1185956400725479424
1185956400943554561
1185956400943583233
1185956401316794368
1185956401472065537
1185956401568464897
1185956401618681856
1185956401794998274
1185956401845325824
1185956402109415424
1185956402386345984
1185956403233611777
1185956403468480512
1185956403527278594
1185956403602755593
1185956404110254083
1185956404345094145
1185956404621987843
1185956404802342913
1185956405272023041
1185956405360152576
1185956405523599360
1185956405653594112
1185956405922189312
1185956405959725057
1185956405985120256
1185956406001897475
1185956406177828865
1185956406274510850
1185956406375145478
1185956406421262337
1185956406761005058
1185956406786220037
1185956407646003200
1185956408287748096
1185956408744914944
1185956408795127809
1185956408925347840
1185956409084727296
1185956409181007872
1185956409588011009
1185956409923559424
1185956410082971656
1185956410124713984
1185956410422640640
1185956410468851713
1185956410607190017
1185956410624004098
1185956410640752641
1185956410833690626
1185956411081154567
1185956411194388483
1185956411303444487
1185956411479474176
1185956411500646401
1185956411597082624
1185956411873714176
1185956412352016384
1185956412477923328
1185956412578549760
1185956412914098178
1185956413098598401
1185956413690073090
1185956413916569605
1185956413958307841
1185956414000222209
1185956414042378242
1185956414373715969
1185956414432395265
1185956414856089600
1185956415170662400
1185956415468384257
1185956415514566658
1185956415799779328
1185956416122687488
1185956416173031428
1185956416206581761
1185956416441462787
1185956416936402944
1185956417200541697
1185956417229996033
1185956417691410437
1185956417838170113
1185956418375077889
1185956418513506307
1185956418568052738
1185956418764992513
1185956418848993287
1185956419062947840
1185956419197120512
1185956419289391104
1185956419364888578
1185956419519991808
1185956419708903424
1185956419859820555
1185956420019077120
1185956420220375040
1185956420442824708
1185956420463685638
1185956420618989569
1185956420920979456
1185956420996550661
1185956421474631687
1185956421520842752
1185956421663367169
1185956422254759936
1185956422921707522
1185956423160811521
1185956423500476416
1185956423550849024
1185956423584354304
1185956423651545095
1185956423869648897
1185956424133812225
1185956424200753152
1185956424343523329
1185956424624402432
1185956425027194880
1185956425278902274
1185956425631186944
1185956425740234753
1185956425907859456
1185956426142928898
1185956426184675328
1185956426264526853
1185956426969243648
1185956427044667393
1185956427283738624
1185956427409457152
1185956427904380928
1185956427988267008
1185956428856647680
1185956428911185930
1185956428965539840
1185956429066375168
1185956430039396352
1185956430253309952
1185956430265741312
1185956430496571405
1185956430748229632
1185956430958006273
1185956431121371137
1185956431515865089
1185956431872311296
1185956432157523970
1185956432300130305
1185956433617141760
1185956433701097472
1185956434154082314
1185956434195947520
1185956434476843008
1185956435622060034
1185956435714363392
1185956435865341953
1185956436100055040
1185956436116955136
1185956436125179904
1185956436213424136
1185956436423139334
1185956436804853760
1185956436897095682
1185956437110865921
1185956437165531136
1185956437371113472
1185956437698195461
1185956437765296130
1185956437912096768
1185956437920489472
1185956438188814336
1185956438419443713
1185956438667079681
1185956438801309696
1185956438826504192
1185956438910406659
1185956438973276163
1185956439476469761
1185956439514202112
1185956439581433857
1185956440046878721
1185956440101543936
1185956440340647936
1185956440428560385
1185956440462233601
1185956440642600961
1185956440772661248
1185956440797798400
1185956440957165573
1185956441070415875
1185956441158569985
1185956441217220609
1185956441326153728
1185956441351446528
1185956441565388801
1185956441699557382
1185956441762549763
1185956442056122369
1185956442387468288
1185956442425171976
1185956442668486657
1185956442697863168
1185956443368738816
1185956443444436993
1185956443599470594
1185956443641520128
1185956443855478784
1185956443872251910
1185956443960164352
1185956444081799168
1185956444086198274
1185956444266520576
1185956444362956800
1185956444413272067
1185956444467683328
1185956444547534849
1185956444811747330
1185956444962729984
1185956445076054016
1185956445394743299
1185956445549989889
1185956445587677185
1185956446040707072
1185956446753693697
1185956446963322880
1185956446984376320
1185956447055691776
1185956447147954179
1185956447554662403
1185956447668051968
1185956447793737729
1185956447827513345
1185956447944884224
1185956447982673923
1185956448263647232
1185956448427106304
1185956448511156225
1185956448712286210
1185956448741683200
1185956448926404610
1185956449077231617
1185956449085804544
1185956449186222080
1185956449358204928
1185956449618403335
1185956449878446080
1185956449941426176
1185956451367436289
1185956451426000896
1185956451686256640
1185956451719811072
1185956451883372544
1185956451967275008
1185956452051181573
1185956452093038593
1185956452332003328
1185956452529254400
1185956452684292096
1185956452982317064
1185956453124923392
1185956453170974725
1185956453179367424
1185956453489790977
1185956453846310913
1185956454047588352
1185956454601236480
1185956454777413637
1185956454785830912
1185956454882271232
1185956455410786304
1185956455699992576
1185956455834423296
1185956455838605318
1185956455863771136
1185956455901552642
1185956455993761793
1185956456044093443
1185956456329334784
1185956456362844165
1185956456413237249
1185956456488755206
1185956456614502400
1185956456731951104
1185956456773738496
1185956456979402752
1185956457008762881
1185956457256116224
1185956457289785344
1185956457419812871
1185956458116112385
1185956458430529536
1185956458464067585
1185956458879475712
1185956459051442176
1185956459382738944
1185956459475062785
1185956459802030080
1185956459877679104
1185956459953213440
1185956459982536715
1185956459990966272
1185956460129325056
1185956460674437121
1185956460833804288
1185956460951306240
1185956461068746753
1185956461903433728
1185956462021042176
1185956462155063296
1185956462176198667
1185956462343778304
1185956462440386562
1185956462671126530
1185956462884990976
1185956462994083840
1185956463262322688
1185956463572738048
1185956463623192577
1185956463719546880
1185956463744823296
1185956463820230656
1185956463971328005
1185956464009142273
1185956464248020993
1185956464302661632
1185956464697004032
1185956464713719809
1185956464751501312
1185956465103818752
1185956465149919232
1185956465359687682
1185956465565192194
1185956465833586689
1185956465967816704
1185956466026377216
1185956466697670656
1185956466819133441
1185956466869571585
1185956467163176962
1185956467167432706
1185956467184156674
1185956467226169347
1185956467230289921
1185956467293196295
1185956467570020353
1185956468580900867
1185956468698337282
1185956469029658624
1185956469272805376
1185956469386039296
1185956469386203136
1185956469394546689
1185956469486829574
1185956469503602688
1185956469927268352
1185956470036336641
1185956470476570624
1185956470531280901
1185956470959022080
1185956471629991936
1185956471667863558
1185956471701491716
1185956471768539136
1185956471911018498
1185956471990710272
1185956472095686656
1185956472380895232
1185956472477376514
1185956472485810181
1185956472489992192
1185956472490004484
1185956472510914562
1185956472527695873
1185956472619966464
1185956473089724416
1185956473253384194
1185956473421160449
1185956473441898497
1185956473656041479
1185956473873895424
1185956473895116800
1185956474541019145
1185956474603724800
1185956474771689475
1185956474901667841
1185956475157409792
1185956475262259200
1185956475379818498
1185956475384074246
1185956475505651714
1185956475539202054
1185956475606355968
1185956475795136513
1185956476138876928
1185956476566700034
1185956476679938048
1185956476709269505
1185956476961067009
1185956477124538368
1185956477380333568
1185956477476970496
1185956477523152896
1185956477900673025
1185956477984481282
1185956478299062272
1185956478575927296
1185956478865346567
1185956479486091265
1185956479565647872
1185956479741788160
1185956479741894657
1185956479767076866
1185956479783886855
1185956479838367744
1185956479854993409
1185956480165523457
1185956480182292482
1185956480253603841
1185956480517885953
1185956480551440384
1185956480668913665
1185956480702435329
1185956480857464833
1185956481360777216
1185956482027851776
1185956482208194562
1185956482279510016
1185956482958974976
1185956483164323841
1185956483579691010
1185956483663572992
1185956483923468289
1185956484057878533
1185956484087238656
1185956484137439232
1185956484141633536
1185956484733112320
1185956485135626241
1185956485437820929
1185956485588815873
1185956485886595073
1185956486217900035
1185956486217961475
1185956486226292739
1185956486331060224
1185956486339551233
1185956486343614472
1185956486561882113
1185956486729654275
1185956486784208896
1185956487136284673
1185956487425863680
1185956487589486592
1185956487627067392
1185956487874699267
1185956488033914883
1185956488109539333
1185956488377815041
1185956488595951616
1185956488637902848
1185956488671645697
1185956488768118789
1185956489074302982
1185956489388679168
1185956489430798341
1185956489522905088
1185956489627918338
1185956489661431811
1185956489669816324
1185956490240299008
1185956490336768007
1185956490391228418
1185956490751819777
1185956490831650818
1185956490865102848
1185956491053993986
1185956491347611653
1185956491389554688
1185956491599241217
1185956491678883847
1185956491733413895
1185956492161060864
1185956492211621888
1185956492236771328
1185956492782002177
1185956492815556609
1185956492857483264
1185956492958224386
1185956493121740800
1185956493599879169
1185956493637705729
1185956493658599425
1185956493889159168
1185956493943816196
1185956494187155456
1185956494417768448
1185956494493278208
1185956494954635264
1185956495092936704
1185956495239729152
1185956495629926401
1185956495772409856
1185956495994900487
1185956496032571398
1185956496041021440
1185956496166674432
1185956496208732162
1185956496254918656
1185956496305283074
1185956496313634817
1185956496334417921
1185956497110589445
1185956497337016322
1185956497416687622
1185956497492070400
1185956497542602757
1185956497781673989
1185956498062471168
1185956498402369539
1185956498461069312
1185956498767273988
1185956498834444288
1185956499039780864
1185956499052466177
1185956499505344512
1185956499685814272
1185956499878830085
1185956499933351936
1185956499992055812
1185956500390301696
1185956500738641920
1185956500906233856
1185956501040418816
1185956501078208512
1185956502512627713
1185956502697234432
1185956503133360128
1185956503519420417
1185956503540383744
1185956503783727104
1185956503792050176
1185956503833980929
1185956503976579074
1185956504056279042
1185956504085643264
1185956504131854336
1185956504190554113
1185956504723001344
1185956504740007936
1185956504932945920
1185956505402654720
1185956505494925313
1185956505583083520
1185956506010898432
1185956506270928903
1185956506463866882
1185956506560352259
1185956506681802758
1185956507936088064
1185956508376453120
1185956508585955328
1185956509110415360
1185956509219512326
1185956509387313152
1185956509752217600
1185956509760528384
1185956510079340544
1185956510532194306
1185956510599389184
1185956510620356610
1185956510784000000
1185956510846742528
1185956511119478784
1185956511174086657
1185956511371157506
1185956511593521152
1185956511840948224
1185956512377655297
1185956512423989249
1185956512847581185
1185956512977563653
1185956513514430464
1185956513673822208
1185956513724141568
1185956513778585601
1185956513992495104
1185956514034528257
1185956514147831809
1185956514307149826
1185956514399428608
1185956514437185537
1185956514474840064
1185956514575437824
1185956514630176768
1185956514693029891
1185956514714050567
1185956514944737280
1185956514999214084
1185956515389280257
1185956515406110726
1185956515942817793
1185956515980566529
1185956516089737218
1185956516907618305
1185956516974735362
1185956517113225217
1185956517121593345
1185956517163474944
1185956517192884230
1185956517259829249
1185956517264134144
1185956517767532550
1185956517805203458
1185956518270779398
1185956518799335425
1185956519050993664
1185956519277293569
1185956519281483778
1185956519390732291
1185956519604391938
1185956519772409856
1185956519788994560
1185956520191807490
1185956520254693377
1185956520422363136
1185956520497823746
1185956520929964032
1185956521089388544
1185956521349398528
1185956521403920384
1185956522037334016
1185956522045689856
1185956522163146757
1185956522230272000
1185956522955640832
1185956523090030598
1185956523371061252
1185956523442233344
1185956523509452800
1185956524079714305
1185956524084092928
1185956524188848128
1185956524222570497
1185956524545335296
1185956524947935233
1185956525195612162
1185956525426257921
1185956525489020929
1185956525577326594
1185956526030249984
1185956526395142144
1185956526399410178
1185956526487416832
1185956526558568449
1185956526600552448
1185956526743261184
1185956526864900097
1185956527103979521
1185956527301103616
1185956527393378305
1185956527506706432
1185956527951220738
1185956528702087168
1185956528815247360
1185956529092083714
1185956529092120578
1185956529096183808
1185956529356324864
1185956529532538881
1185956529587011585
1185956529612251137
1185956529872211968
1185956530006310913
1185956530379726855
1185956530547412998
1185956530698575874
1185956530790772736
1185956530799165441
1185956530841116675
1185956531038277635
1185956531059200002
1185956531227058176
1185956531382173697
1185956531826810882
1185956532011356161
1185956532288135168
1185956532577603585
1185956532636176385
1185956533542064128
1185956533592625152
1185956533689032704
1185956534368526337
1185956535152730113
1185956535542796288
1185956535698100224
1185956535974924288
1185956536855625728
1185956537128378369
1185956537220517888
1185956537476550656
1185956537812111360
1185956537866412032
1185956538168565764
1185956538818748416
1185956539217133574
1185956539233984513
1185956539351388160
1185956539540086787
1185956540265750528
1185956540307537923
1185956540307640323
1185956540378800128
1185956540676792321
1185956541154725888
1185956541201092608
1185956541305937925
1185956541314359297
1185956541335248902
1185956541997957121
1185956542010593286
1185956542606168073
1185956542664925186
1185956542782328832
1185956542798946305
1185956543310843905
1185956543323344897
1185956543386259457
1185956543407280128
1185956543587586049
1185956543830904836
1185956543897968640
1185956544099295233
1185956544225005568
1185956544720097280
1185956545718300678
1185956545730727936
1185956546720813056
1185956546787889153
1185956546859163650
1185956547085721601
1185956547152764928
1185956547152793605
1185956547240828928
1185956547400212480
1185956547509325825
1185956547752615938
1185956548033548289
1185956548343934976
1185956548385878017
1185956548389900288
1185956548482347008
1185956548599791617
1185956548696301568
1185956549296046081
1185956549430300672
1185956549585321986
1185956549665144838
1185956549916672002
1185956550004936709
1185956550176886785
1185956550462136321
1185956550491475968
1185956550495604736
1185956550633902081
1185956551657345024
1185956551678287872
1185956552512950278
1185956552647303169
1185956552760610816
1185956553226096640
1185956553461030914
1185956553469415426
1185956553591005185
1185956554064961536
1185956554333413381
1185956554379612161
1185956554425565184
1185956555071598593
1185956555142778880
1185956555373461504
1185956555595759616
1185956555704950789
1185956556325523457
1185956556455714816
1185956556719837184
1185956556770336768
1185956556883365888
1185956557080727555
1185956557189713920
1185956557579837440
1185956557839884291
1185956557894254593
1185956558036975618
1185956558183772163
1185956558217330694
1185956558351589376
1185956559014285312
1185956559290920960
1185956559530221568
1185956559693631488
1185956559693733889
1185956560096432128
1185956560566140934
1185956560624861184
1185956560729714688
1185956560872148992
1185956561224699910
1185956561320939522
1185956561375637504
1185956562038382592
1185956562168434688
1185956562243932161
1185956562298384384
1185956562357014528
1185956562730475521
1185956562743037955
1185956563086917632
1185956563632168960
1185956563632250880
1185956563678351362
1185956564047298560
1185956564227768321
1185956564420775936
1185956564542377984
1185956564953391107
1185956564978540545
1185956565452500992
1185956565490294784
1185956565494272000
1185956565741985798
1185956565825835008
1185956566203191297
1185956566324912128
1185956567008600067
1185956567046414336
1185956567167983616
1185956567197335553
1185956567402700801
1185956567688110082
1185956567985745921
1185956567994327040
1185956568229130240
1185956568291930113
1185956568631857152
1185956568875110402
1185956568963010561
1185956569038708736
1185956569143533568
1185956569269362688
1185956569269391360
1185956569500004353
1185956569919475715
1185956570171097089
1185956570213036032
1185956570305155072
1185956570678599680
1185956570984665094
1185956571093880832
1185956571219668992
1185956571370737664
1185956571454377986
1185956571529895936
1185956571748192258
1185956572071153665
1185956572121436160
1185956572331044864
1185956572490547202
1185956572943527937
1185956572960153600
1185956573165838337
1185956573333450752
1185956573480394757
1185956573501362176
1185956573518204935
1185956573627043840
1185956573841149953
1185956573862076416
1185956573937623041
1185956574088630273
1185956574164115461
1185956574218637313
1185956574235430912
1185956574453469187
1185956574533210112
1185956574780690433
1185956575342518273
1185956575481073664
1185956575481094144
1185956575623532546
1185956575623733248
1185956575640510464
1185956575749591041
1185956575762141185
1185956576022220801
1185956576353509376
1185956576529731584
1185956577330782209
1185956578203070464
1185956578362396672
1185956578635255808
1185956578693746688
1185956578744291330
1185956578786193408
1185956579536986113
1185956579591544832
1185956579671040000
1185956579813797890
1185956579851419649
1185956579885158400
1185956580124254214
1185956580795305991
1185956580841287681
1185956581814525953
1185956582057631746
1185956582280089608
1185956582569365504
1185956582577901568
1185956582615470080
1185956583064383489
1185956583135531008
1185956583441883137
1185956583584362500
1185956583857152001
1185956583928410113
1185956584259772416
1185956584310087681
1185956584431616006
1185956584515653633
1185956584599490560
1185956584666648576
1185956584691773441
1185956584863784963
1185956585044099073
1185956585388032000
1185956586600239107
1185956586809749504
1185956586910552066
1185956586994438144
1185956587480997888
1185956587569139712
1185956587585921026
1185956587619471361
1185956587791368193
1185956587824922625
1185956588596674560
1185956588919480320
1185956589376823300
1185956589414555649
1185956589997477888
1185956590375051265
1185956590391828481
1185956590391906305
1185956590471413761
1185956590622560256
1185956590978916354
1185956591071309825
1185956591121637377
1185956591327219715
1185956591352209411
1185956591591444481
1185956591994130432
1185956592140849159
1185956592212160513
1185956592363212800
1185956592530837504
1185956592799404035
1185956592837111816
1185956592883245056
1185956593017294848
1185956593097150464
1185956593268998144
1185956593353052161
1185956593520693248
1185956593885564928
1185956593990545409
1185956594116284416
1185956594342912000
1185956594519031809
1185956594611146752
1185956594757988352
1185956594812686337
1185956594879733768
1185956595026595840
1185956595185963009
1185956595269804038
1185956595269849088
1185956595504701440
1185956595517329410
1185956595668267013
1185956595806752769
1185956596620447746
1185956596800770048
1185956597220032512
1185956597245329410
1185956597522161664
1185956597706690560
1185956598230835200
1185956598386216962
1185956598453358592
1185956598566440960
1185956598851743744
1185956599027916800
1185956599036370945
1185956599212498945
1185956599220846598
1185956599409414144
1185956599522906112
1185956599841452032
1185956599942262785
1185956599954845696
1185956600122609667
1185956600273608710
1185956600302825473
1185956600655339521
1185956601007611904
1185956601078915072
1185956601301295104
1185956601322180613
1185956601326424064
1185956601376542720
1185956601431252994
1185956601531944963
1185956602240819200
1185956602882461702
1185956603150979072
1185956603876532229
1185956603931103242
1185956604086276098
1185956604153335813
1185956604157595648
1185956604199493633
1185956604547682309
1185956604975427586
1185956606103691268
1185956606124658690
1185956606212804609
1185956606283878400
1185956606510428160
1185956606543974401
1185956606795767809
1185956606841933824
1185956607190011915
1185956607261335554
1185956607588388864
1185956607861182464
1185956607924019201
1185956608011980801
1185956608313978880
1185956608649678848
1185956608716750853
1185956608762875908
1185956608775467008
1185956608871927814
1185956608897175554
1185956609354338306
1185956609618595840
1185956609635295233
1185956609689817090
1185956609975050241
1185956610364956674
1185956610646204417
1185956610721681409
1185956611053051904
1185956611648610306
1185956611661193217
1185956611849736192
1185956611854159872
1185956611875102722
1185956612441333760
1185956612537749511
1185956612638433281
1185956612894269445
1185956613133348864
1185956613187952647
1185956613917556737
1185956614001565698
1185956614068736000
1185956614227890178
1185956614249046022
1185956614781767685
1185956614857203712
1185956614970458116
1185956614999855104
1185956615293407232
1185956615318654981
1185956615587008512
1185956616216006656
1185956617038258176
1185956617059213312
1185956617155690498
1185956617268932609
1185956617419808769
1185956617734504449
1185956617847599104
1185956618451554306
1185956618858422272
1185956619022151681
1185956619181535232
1185956619609399296
1185956620007665664
1185956620012085248
1185956620079194112
1185956620326621184
1185956620410462209
1185956620657987586
1185956621207379968
1185956621274533888
1185956621354070017
1185956621467443205
1185956621542920192
1185956621639393292
1185956621819752448
1185956621920407554
1185956622360813568
1185956622448955393
1185956622578995204
1185956622692048896
1185956622784454656
1185956623044333568
1185956623467958272
1185956623661129728
1185956623832899585
1185956624483131392
1185956624881606657
1185956624961277953
1185956625196244992
1185956625225539589
1185956625477033984
1185956625485586432
1185956625493975040
1185956625544183809
1185956625582100480
1185956625984753664
1185956625992962048
1185956626164895745
1185956626274144256
1185956626685202433
1185956626899111936
1185956626940993537
1185956627016323073
1185956627603693569
1185956627687624704
1185956627704373251
1185956627842772993
1185956628312608768
1185956628530524160
1185956628648153089
1185956628794957826
1185956628807458817
1185956628933365760
1185956629059162112
1185956629260439552
1185956629394661379
1185956629398855686
1185956629428109312
1185956629474353153
1185956629730119680
1185956629872668673
1185956629931421699
1185956630061412357
1185956630225014785
1185956630657155073
1185956630858489856
1185956630963208192
1185956631080665089
1185956631143518208
1185956632536195072
1185956632829845515
1185956633010167808
1185956633261699072
1185956633278603264
1185956633303769088
1185956633635184640
1185956634218119168
1185956634260070402
1185956634540904453
1185956634608074753
1185956634721280000
1185956634734092288
1185956634746474497
1185956634817892352
1185956634817974274
1185956635182862337
1185956635304435715
1185956635312820224
1185956635866550272
1185956635879133184
1185956636088623105
1185956636491468802
1185956636512403458
1185956636893925378
1185956637095411713
1185956637183500289
1185956637363916802
1185956638085255169
1185956638215290880
1185956638592647168
1185956638718476290
1185956638739652610
1185956638764630016
1185956638890627074
1185956639066726403
1185956639230304256
1185956639591010313
1185956639834365954
1185956639918215169
1185956640257986560
1185956640304041984
1185956640811560960
1185956640857710593
1185956641293946885
1185956641482477569
1185956641591705601
1185956642002616320
1185956642057179136
1185956642241822721
1185956642598211584
1185956642736594944
1185956642778701824
1185956642992484359
1185956643454029826
1185956643722452992
1185956643969884160
1185956644288491520
1185956644338855937
1185956644364214274
1185956644393570304
1185956644406075394
1185956645240786945
1185956645345599489
1185956645349855232
1185956646389870592
1185956647082049536
1185956647140806656
1185956647195287554
1185956647501365248
1185956647560241152
1185956647727812614
1185956647979479047
1185956648055164928
1185956648080162816
1185956648105512960
1185956648159993858
1185956648172437505
1185956648256294912
1185956648411484160
1185956648541736962
1185956648772202497
1185956648948510722
1185956649204252672
1185956649493762049
1185956649560875008
1185956649720147969
1185956649904852992
1185956649976107011
1185956650185875456
1185956650307538950
1185956650366181377
1185956650508787712
1185956650525614080
1185956650756259840
1185956650911490049
1185956650999603202
1185956651083403265
1185956651339276288
1185956651880157184
1185956652371054596
1185956652517904385
1185956652790345729
1185956652958261250
1185956653188943872
1185956653562236929
1185956654006841345
1185956654224986117
1185956654342430720
1185956654933794816
1185956654996701186
1185956655030292486
1185956655558733824
1185956655818821635
1185956655844020225
1185956655927824389
1185956656041136129
1185956656133431301
1185956656187891713
1185956656443809793
1185956656494120965
1185956656577830912
1185956656775086080
1185956656812703744
1185956656875823105
1185956656984854529
1185956657051979776
1185956657697677312
1185956657957933057
1185956658071113728
1185956658322632704
1185956658893201408
1185956658972749825
1185956659488649216
1185956659719540736
1185956660382179329
1185956660621316096
1185956661070061568
1185956661451608064
1185956661975900160
1185956662043119616
1185956662168834048
1185956662248693760
1185956662512771072
1185956662533865472
1185956662575816705
1185956663284719616
1185956663431352322
1185956663473233921
1185956664110747649
1185956664148709381
1185956664316293120
1185956664496873473
1185956664534601729
1185956664840802305
1185956664966602757
1185956664974831616
1185956665155211265
1185956665478254593
1185956665620914176
1185956665889349634
1185956665935486986
1185956666254082048
1185956666610597888
1185956666707189760
1185956666719850496
1185956666803666950
1185956666975707141
1185956667009241088
1185956667084693505
1185956667093114881
1185956667198005249
1185956667344801799
1185956667437043714
1185956667529125888
1185956667562827777
1185956667562835970
1185956667709636608
1185956668292718593
1185956668355407872
1185956668410159105
1185956668443648005
1185956668447703041
1185956668464451584
1185956668758282241
1185956668892504064
1185956669190049797
1185956669265715201
1185956669315878918
1185956669383233548
1185956669710360576
1185956669819445251
1185956670100398080
1185956670322724865
1185956670448525314
1185956670549004288
1185956671144620032
1185956671450955776
1185956671501164544
1185956671555850240
1185956671652274176
1185956671916593153
1185956671962484737
1185956672096919553
1185956672264642561
1185956672273039361
1185956672348606465
1185956672457629708
1185956672725868545
1185956673023889408
1185956673405489153
1185956673472491525
1185956673577308160
1185956673690562561
1185956673720061953
1185956673887670272
1185956674051411968
1185956674323877894
1185956674634473475
1185956675003568130
1185956675196461059
1185956675502645248
1185956675611701254
1185956675691388929
1185956675741782017
1185956676807151617
1185956677100679170
1185956677201420289
1185956677419446272
1185956678136713216
1185956678182694912
1185956678476238848
1185956678589730816
1185956678652416000
1185956678723932161
1185956678979768322
1185956679063625734
1185956679088660481
1185956679478906880
1185956679562739713
1185956679676022786
1185956679747342337
1185956679847993344
1185956679986434049
1185956679998943232
1185956680049278976
1185956680460226562
1185956680766513153
1185956680900562944
1185956681253117954
1185956681408233473
1185956681739468801
1185956681978699776
1185956681995431937
1185956682024783874
1185956682158854145
1185956682410663936
1185956682456678401
1185956682498793472
1185956682603487232
1185956682775617537
1185956682859536385
1185956682947391488
1185956683174088705
1185956683224367104
1185956683463512066
1185956683517849600
1185956683752857600
1185956683815751681
1185956683870298112
1185956684092469248
1185956684696567809
1185956684738383873
1185956684784717824
1185956685011140608
1185956685011193857
1185956685124227072
1185956685153734656
1185956685254283264
1185956685346693122
1185956685577441280
1185956686076379141
1185956686093271040
1185956686223331328
1185956686353313793
1185956686357504001
1185956686462369792
1185956686516948999
1185956686630215681
1185956686688862210
1185956687062155264
1185956687448027136
1185956687653625856
1185956687724843008
1185956687766839296
1185956687922028544
1185956688085606400
1185956688089829378
1185956688156938245
1185956688408600577
1185956688421015553
1185956688798633984
1185956689171881984
1185956689603944448
1185956689700446209
1185956690018983936
1185956690048573441
1185956690203729921
1185956690384113665
1185956690409115650
1185956690434248704
1185956690644127745
1185956690878816256
1185956690958532608
1185956691235483649
1185956691285807104
1185956691331805184
1185956691382284302
1185956691918983168
1185956692132937730
1185956692158304256
1185956692233601024
1185956692418322433
1185956692418351106
1185956692544110594
1185956693164937216
1185956693185687552
1185956693202612226
1185956693248827393
1185956693408206848
1185956693609537536
1185956693693235200
1185956693785620480
1185956693923917824
1185956694007959552
1185956694263771137
1185956694314098689
1185956694360285184
1185956694926471169
1185956695534690304
1185956695589244928
1185956695928967169
1185956696298012675
1185956696465780741
1185956696537083904
1185956696633597952
1185956696985870338
1185956697480814594
1185956697615020032
1185956697803608069
1185956698072027137
1185956698176901121
1185956698298732546
1185956698340646913
1185956698386763776
1185956698432909312
1185956698881699840
1185956699342901248
1185956699477303297
1185956699691274240
1185956699716411392
1185956699741376512
1185956700014206976
1185956700462944257
1185956700471230465
1185956700697911301
1185956700735660032
1185956700840443904
1185956701125730304
1185956701134118913
1185956701314473984
1185956701339443202
1185956701423439873
1185956701436026880
1185956701465391104
1185956701754839040
1185956701926756352
1185956701956128768
1185956702035705857
1185956702065233932
1185956702329245696
1185956702652456971
1185956702673199107
1185956703029907462
1185956703054921728
1185956703084384261
1185956703130529792
1185956703600295936
1185956703923142656
1185956703948476416
1185956703961006081
1185956704002936833
1185956704002957312
1185956704195928064
1185956704313212929
1185956704342556673
1185956704707588097
1185956704984457216
1185956705152258049
1185956705349316608
1185956705403846656
1185956705651302401
1185956705701695488
1185956705718407168
1185956706020446209
1185956706066538497
1185956706079166465
1185956706116886533
1185956706179670016
1185956706586517504
1185956707572310017
1185956708650229761
1185956708742504449
1185956708939714560
1185956709065482242
1185956709132574720
1185956709770108928
1185956710185193473
1185956710302785542
1185956710403510273
1185956710428659712
1185956710822875136
1185956710952816640
1185956711334473730
1185956712123191296
1185956712873902080
1185956713117241346
1185956713469317120
1185956713511321605
1185956713737924613
1185956714266484739
1185956714375462913
1185956714463580163
1185956714471931904
1185956714836873216
1185956714971107333
1185956715294011392
1185956715398946817
1185956715667296257
1185956716388601856
1185956716405514240
1185956717202497540
1185956717256957953
1185956717374386177
1185956717491826692
1185956717944889344
1185956718640975874
1185956718804647938
1185956718964068353
1185956719135993856
1185956719173615621
1185956719202955265
1185956719370932233
1185956720008253441
1185956720037761025
1185956720159408128
1185956720167870464
1185956720251527168
1185956720356577281
1185956720473989120
1185956720620851200
1185956720654409729
1185956720692084739
1185956720897593345
1185956721128284160
1185956721262333952
1185956721363226624
1185956721807769601
1185956721908486146
1185956722881335296
1185956722977968128
1185956723082825728
1185956723237908480
1185956723279958017
1185956723762315270
1185956723766382592
1185956723955322880
1185956724102041606
1185956724399919109
1185956724500353024
1185956724819275776
1185956724869603329
1185956725280706560
1185956725377110017
1185956725414694913
1185956725653946369
1185956725855313920
1185956726136283137
1185956726916501511
1185956727000371203
1185956727419822080
1185956727457382401
1185956727604371456
1185956727876833280
1185956727876980736
1185956728246026241
1185956728418045954
1185956728816459784
1185956728862642177
1185956729089122304
1185956729194008579
1185956729361588225
1185956729613422593
1185956729756016647
1185956729957355522
1185956730527727616
1185956730653380614
1185956730733240321
1185956731291086853
1185956731358044160
1185956731592929280
1185956731718905857
1185956731773423616
1185956732255834112
1185956732306120704
1185956732478078976
1185956732696174597
1185956732713013248
1185956732729724930
1185956733472137216
1185956733589622785
1185956733694423040
1185956733727981573
1185956734147465216
1185956734298402816
1185956734340231168
1185956734373957633
1185956734600404998
1185956734650769414
1185956734659112961
1185956734701096961
1185956734856245249
1185956735044993024
1185956735737044993
1185956736034844672
1185956736202616832
1185956736236212224
1185956736584290305
1185956736588566528
1185956736622059521
1185956736668180480
1185956736718589953
1185956736747888640
1185956736772919296
1185956736844390402
1185956737016303616
1185956737200865281
1185956737381220353
1185956737859276801
1185956737909690370
1185956738236932097
1185956738283003906
1185956738358534146
1185956738488508417
1185956739021262848
1185956739226783753
1185956739268694016
1185956739386093569
1185956739423854592
1185956739620970497
1185956740115791872
1185956740187283463
1185956740329816065
1185956741005135872
1185956741030146048
1185956741416132614
1185956741550428164
1185956742422814720
1185956743517540353
1185956743744053249
1185956743915937792
1185956744264081408
1185956744570265601
1185956744591077377
1185956744960319490
1185956745375412229
1185956745807585282
1185956746017366018
1185956746117996547
1185956746319126528
1185956746491236352
1185956746570993664
1185956746776301568
1185956746885582848
1185956747246108673
1185956747296563201
1185956747623747586
1185956748227596288
1185956748454182912
1185956748697292800
1185956748798189568
1185956748819140613
1185956748877807616
1185956749133729792
1185956749183991808
1185956749486055426
1185956749599227905
1185956749674766337
1185956749855150080
1185956750416990208
1185956750647795713
1185956750744281090
1185956750782017541
1185956750912045056
1185956750987595776
1185956751113379840
1185956751151190018
1185956751339937792
1185956751587381248
1185956751675461632
1185956751847411725
1185956752166047744
1185956752208093185
1185956752426184704
1185956752963055617
1185956752975712256
1185956753256714243
1185956753512583169
1185956753680359425
1185956753709645834
1185956753751642114
1185956753994739713
1185956754120679424
1185956754347253762
1185956754468823042
1185956755412414464
1185956755420913674
1185956755420958720
1185956755504844800
1185956755710365696
1185956755756507136
1185956755873914881
1185956756129812480
1185956756884602882
1185956756968660992
1185956757585170434
1185956757786583046
1185956757954273281
1185956758151483392
1185956758658961412
1185956758671503360
1185956758709325825
1185956758805778433
1185956758826704896
1185956758998659078
1185956759053230082
1185956759116099584
1185956759183282176
1185956759279566850
1185956759426367489
1185956759577550849
1185956759757701121
1185956759980183552
1185956760298770432
1185956760366047233
1185956760542208003
1185956760722595843
1185956760760340481
1185956760785424388
1185956760991010817
1185956761192337409
1185956761393651713
1185956761708191744
1185956761968230400
1185956761993404416
1185956762115084291
1185956762127613952
1185956762349965318
1185956762530258944
1185956762752634880
1185956762786160640
1185956762790313984
1185956762844913664
1185956762907828224
1185956762945544194
1185956763234979840
1185956763633405953
1185956763675303936
1185956763796832257
1185956764002541569
1185956764354842626
1185956764623069184
1185956764870680577
1185956765189341185
1185956765374078977
1185956765545971714
1185956765709373440
1185956765822803974
1185956765919272966
1185956765940232193
1185956766342926336
1185956766456209408
1185956766598750214
1185956766636498946
1185956766829420547
1185956766884024322
1185956767202721795
1185956767223541760
1185956767479554049
1185956767588651008
1185956767710269447
1185956767748018177
1185956767819280384
1185956767928332289
1185956768267898880
1185956768419065857
1185956768557322240
1185956768574099456
1185956768796598272
1185956769358589953
1185956769539002368
1185956769845133320
1185956770080002049
1185956770189139968
1185956770360877056
1185956770470072320
1185956770939916291
1185956771514372097
1185956771518734336
1185956771598389248
1185956771686277120
1185956771761967106
1185956771812249600
1185956771950682118
1185956771980025857
1185956772202205184
1185956772617576448
1185956773045460993
1185956773070561281
1185956773116727298
1185956773267755010
1185956773473214465
1185956773494251520
1185956773565358081
1185956773993287681
1185956774043455488
1185956774052007936
1185956774236643334
1185956774257414144
1185956774290980865
1185956774341480449
1185956774437769216
1185956774886686721
1185956774941208577
1185956774983024640
1185956775603982337
1185956775800868864
1185956775880617985
1185956775893389312
1185956776434225157
1185956776534896640
1185956776606343170
1185956777310982145
1185956777382350849
1185956777453596673
1185956777478590464
1185956777604440065
1185956777654968321
1185956777919156224
1185956778338639876
1185956778493857793
1185956778737094656
1185956778879655937
1185956779001147392
1185956779001339905
1185956779026464769
1185956779102031873
1185956780104392704
1185956780175745029
1185956781161353220
1185956781794779136
1185956781836718082
1185956782293696513
1185956782323257346
1185956782352584704
1185956782478258176
1185956782566334465
1185956782675546112
1185956783300460545
1185956783363428352
1185956783438741504
1185956783585497088
1185956783698907137
1185956783703109634
1185956783845728256
1185956784139374599
1185956784600748034
1185956784667844608
1185956785561260032
1185956785674473473
1185956785833807874
1185956786018357249
1185956786253287425
1185956786353913859
1185956786488184833
1185956786521722880
1185956786584670209
1185956786810933248
1185956787041820673
1185956787176005632
1185956787314409473
1185956787457003525
1185956787498995712
1185956787561873408
1185956787834503168
1185956787943591936
1185956788107169792
1185956788132368384
1185956788140511232
1185956788174282752
1185956788329467905
1185956788413304832
1185956788644012033
1185956788669169664
1185956788711108611
1185956788786663432
1185956788925059073
1185956789096865792
1185956789222809605
1185956789394792451
1185956789419950080
1185956789692575746
1185956789780529152
1185956790867054598
1185956791039021059
1185956791315615744
1185956791441596420
1185956791643000832
1185956791760277504
1185956791772798976
1185956792062361600
1185956792137699329
1185956792242712578
1185956792519593984
1185956792737550336
1185956792813211649
1185956792984952832
1185956793039704064
1185956793253584897
1185956793584967681
1185956794104987648
1185956794683871233
1185956794688069633
1185956794994249734
1185956795002560513
1185956795182931968
1185956795442843651
1185956795472404481
1185956795723988994
1185956795820531712
1185956795992498176
1185956796516593665
1185956796667748352
1185956796747440133
1185956796852248577
1185956796873097216
1185956796898463745
1185956797338869766
1185956797376532481
1185956797380808704
1185956797443727360
1185956797800165381
1185956797938454529
1185956798618132480
1185956798890573825
1185956798978613248
1185956798987145216
1185956798991343616
1185956799272407040
1185956799595180033
1185956799670837248
1185956800182542336
1185956800241246209
1185956800929001473
1185956801042366464
1185956801155604480
1185956801314983936
1185956801394728960
1185956801600057345
1185956801625366528
1185956801960914946
1185956802254528512
1185956802304843777
1185956802611089408
1185956802703159297
1185956802707578880
1185956802711752709
1185956802896257024
1185956802963394560
1185956802971754496
1185956803189858306
1185956803307298816
1185956803424731136
1185956803458338816
1185956803621900288
1185956804594937856
1185956804649508866
1185956804758528002
1185956804762787841
1185956804771155969
1185956805010051073
1185956805178023936
1185956805354164225
1185956805400236037
1185956805643513856
1185956805643571202
1185956805760843777
1185956805911949314
1185956805924536320
1185956806113280007
1185956806255886341
1185956806587109377
1185956806633369600
1185956806809522176
1185956808482902018
1185956808566984705
1185956808638251008
1185956809166741504
1185956809862995968
1185956809883996163
1185956809913188352
1185956810257293313
1185956810492121088
1185956810861273089
1185956811049975809
1185956811154870272
1185956811326795782
1185956811658018816
1185956811855106051
1185956811872112641
1185956812232839168
1185956812274782210
1185956812450873344
1185956812765433857
1185956812845207552
1185956813256065025
1185956813361090561
1185956813902172163
1185956814027939840
1185956814225133568
1185956814426398720
1185956814464131073
1185956814539505664
1185956814698864641
1185956814799527936
1185956814820655105
1185956815407845379
1185956815437254656
1185956816158646272
1185956816179494912
1185956816464822274
1185956816506806274
1185956816699703297
1185956816879906816
1185956817098162177
1185956817815429120
1185956817957842944
1185956818171944961
1185956818327130112
1185956818385637376
1185956818498936832
1185956818528473088
1185956819300167682
1185956819304402945
1185956819354767360
1185956819535089664
1185956819937775616
1185956819937775618
1185956820021415936
1185956820143226887
1185956820411703302
1185956820478767105
1185956820705300480
1185956821242204160
1185956821472894977
1185956821611286530
1185956821661552640
1185956821770653698
1185956821774819331
1185956822051676160
1185956822412337152
1185956822613741569
1185956822630449162
1185956822634680323
1185956822643101699
1185956822685044736
1185956822718582785
1185956822747930624
1185956822924120064
1185956823100088320
1185956823104442370
1185956823146188801
1185956823377031168
1185956823523827713
1185956823641264128
1185956823888740352
1185956824001892352
1185956824002039814
1185956824127811584
1185956824467542016
1185956824954101760
1185956825268674565
1185956825310679040
1185956825331634178
1185956825365143552
1185956825620893697
1185956825650384897
1185956825667121153
1185956825709137920
1185956826199793665
1185956826279493632
1185956826287878146
1185956826359062529
1185956826480889857
1185956826510057472
1185956826967183360
1185956827286118403
1185956827307134976
1185956827487453184
1185956827592364032
1185956828091428865
1185956828217262080
1185956828313800704
1185956828414402563
1185956828426985473
1185956828494155776
1185956828699643906
1185956828787675137
1185956829110648839
1185956829186027521
1185956829249097731
1185956829295190016
1185956829379072003
1185956829605564416
1185956829768978436
1185956829861466119
1185956829936926724
1185956830196973573
1185956830301904896
1185956830503145472
1185956830838738945
1185956831061037056
1185956831077646337
1185956831677636609
1185956832298328065
1185956832327565312
1185956832470163456
1185956832545771523
1185956832579325953
1185956832625352705
1185956832642326528
1185956833032364035
1185956833116262406
1185956833145606145
1185956833430818816
1185956834177409027
1185956834349158400
1185956834437255168
1185956834475151362
1185956834655363073
1185956835372736512
1185956835406295041
1185956835636994049
1185956835670548480
1185956835683160065
1185956835972521992
1185956836257730569
1185956836681359360
1185956836698030082
1185956836752744448
1185956836932902912
1185956836941488134
1185956837688070144
1185956837733978112
1185956837805494272
1185956837889323008
1185956838040309762
1185956838174539790
1185956838212362240
1185956838468141057
1185956838749159424
1185956838824648709
1185956838841442309
1185956839520755712
1185956839680180224
1185956839978090498
1185956840015826944
1185956840124891136
1185956840191995904
1185956840347242501
1185956840632397826
1185956840665956354
1185956841425162241
1185956841492221952
1185956841542406144
1185956841928429569
1185956841995550721
1185956842066677763
1185956842242899970
1185956842448416770
1185956842473697281
1185956842503069701
1185956842637275137
