1185948789976289281
1185948790580076547
1185948791159054338
1185948791410585600
1185948792182509568
1185948792962437121
1185948793256206336
1185948793503543296
1185948793751179264
1185948793860214784
1185948793902116867
1185948794925568003
1185948795307085824
1185948795370180610
1185948796452298753
1185948798159347714
1185948798385872899
1185948798633177090
1185948799165968384
1185948799832858624
1185948800399134720
1185948800734633984
1185948801502068736
1185948802445971456
1185948802974453761
1185948802995212288
1185948803918172161
1185948804324843520
1185948804547137538
1185948805876854785
1185948806128586754
1185948806757511168
1185948808624201729
1185948808632553473
1185948808649289728
1185948808678707201
1185948808682921984
1185948808817065984
1185948808854884352
1185948809211338754
1185948810297655296
1185948810780037121
1185948811551789056
1185948811753119745
1185948811765657602
1185948812595957760
1185948813107838976
1185948813279842306
1185948814059794433
1185948816039645186
1185948817562177543
1185948818182823937
1185948819692769281
1185948820473044992
1185948820577947648
1185948821366419456
1185948821576007680
1185948822444355590
1185948822595223553
1185948822968635392
1185948823509704705
1185948823660761089
1185948824684187648
1185948825162113025
1185948825258778624
1185948826525409282
1185948826709958661
1185948828463255552
1185948828832280576
1185948829113344000
1185948830153359360
1185948831780954113
1185948832057778177
1185948832451964935
1185948833005604864
1185948833123127296
1185948834268172289
1185948835102806017
1185948835568373765
1185948836566573056
1185948836579045376
1185948838626021378
1185948838722523136
1185948839750057988
1185948840203034624
1185948840240787458
1185948841733959685
1185948842551844865
1185948845483708417
1185948845806673926
1185948846398099460
1185948846549016578
1185948846775513089
1185948847601790976
1185948848675528704
1185948849350828042
1185948849501663232
1185948850416226304
1185948853318623232
1185948853897433088
1185948854128205824
1185948854841237504
1185948855214305286
1185948855478706176
1185948855722037248
1185948855986249729
1185948857101946880
1185948859194843137
1185948859358470145
1185948859996000257
1185948860465799168
1185948860847284224
1185948861178810369
1185948861510180864
1185948862437101569
1185948863435198464
1185948863997153281
1185948864714596352
1185948865654067200
1185948865842876416
1185948866396471298
1185948866442600449
1185948866509758465
1185948867335987203
1185948867461812227
1185948867906420737
1185948868103589890
1185948870599151616
1185948871475769345
1185948871970689024
1185948872398573568
1185948873455329280
1185948874487324672
1185948875586179076
1185948875644919809
1185948876571906048
1185948878270599168
1185948878853591042
1185948878954258435
1185948879071657984
1185948879486889986
1185948879914704896
1185948881009467397
1185948881189773313
1185948881642774531
1185948882653601799
1185948882804576257
1185948882984939522
1185948883530203136
1185948884134182915
1185948885073780736
1185948885619040257
1185948885971165185
1185948886453673991
1185948886462095360
1185948886537588741
1185948886843695109
1185948887523254272
1185948887866957824
1185948888072626176
1185948889129476097
1185948889301618689
1185948889628717062
1185948889976729601
1185948890404675585
1185948890803007492
1185948891495174145
1185948891751092227
1185948892900270080
1185948893378469888
1185948893449785346
1185948893663694851
1185948894108307462
1185948896482267137
1185948897983848450
1185948899732676608
1185948900512927746
1185948900970106880
1185948901108518913
1185948901620224000
1185948902262034439
1185948902605893632
1185948902719184896
1185948903117656066
1185948903205683202
1185948905026002951
1185948905063768064
1185948906342907906
1185948907458748416
1185948907970297856
1185948910218555393
1185948910944174083
1185948911762059265
1185948912068153344
1185948912152203264
1185948913137836032
1185948913750003712
1185948915092381698
1185948915268554752
1185948915629281280
1185948916061294600
1185948918162579457
1185948918300983296
1185948919026483200
1185948919613792256
1185948920960245760
1185948921291575301
1185948921509625858
1185948925943058438
1185948926337265665
1185948926471524355
1185948927431852032
1185948929633878016
1185948930791612416
1185948933748678656
1185948934444867584
1185948934906269696
1185948935270985728
1185948935640076289
1185948936248446976
1185948937733193728
1185948940186861568
1185948940455366656
1185948941520642049
1185948943781421056
1185948944465039360
1185948944762839041
1185948945186357249
1185948945589116929
1185948946205569026
1185948946620964864
1185948946977447937
1185948947581304832
1185948948055412736
1185948948424466432
1185948948575469568
1185948948856557571
1185948948986519552
1185948949888323584
1185948950194479106
1185948950718582784
1185948950794248193
1185948953700896769
1185948953851940865
1185948954992742400
1185948955139428352
1185948955517079553
1185948955655442439
1185948956037136386
1185948959312924673
1185948959837216768
1185948959862415363
1185948960529244173
1185948960768299008
1185948961141641217
1185948961858678784
1185948962831896576
1185948962936766464
1185948963154944002
1185948965570826241
1185948966191415297
1185948966908809216
1185948968125161473
1185948968573906945
1185948970654162945
1185948971195191298
1185948972201971712
1185948972252368897
1185948972415762432
1185948972927672321
1185948973560979466
1185948974076874752
1185948974198468612
1185948976236945410
1185948976564097027
1185948977335820289
1185948977772015616
1185948977902039041
1185948978086580224
1185948978283716610
1185948978929635328
1185948979063857154
1185948979063906305
1185948979558862848
1185948979684663296
1185948980389253120
1185948980615753732
1185948980754223110
1185948981035196418
1185948981249105921
1185948981278298112
1185948981421064193
1185948981714706432
1185948981957931008
1185948982905921536
1185948983484567552
1185948984021401601
1185948984394674177
1185948984801710081
1185948985439248385
1185948985695047681
1185948986256965632
1185948988962492417
1185948989608419328
1185948990644391936
1185948991046979584
1185948991147663361
1185948991164506112
1185948992187895808
1185948992800247812
1185948993672667137
1185948993731383298
1185948994654130176
1185948995119714305
1185948995232980992
1185948996885499904
1185948997762125824
1185948999372681219
1185948999569891331
1185948999653691398
1185948999871848449
1185949000777768962
1185949001440530432
1185949001889267712
1185949002006614016
1185949003390902273
1185949004137451520
1185949004850438144
1185949005538349058
1185949006389825537
1185949006683426817
1185949006746259457
1185949007106969601
1185949007656488960
1185949007723421696
1185949009040556032
1185949009145454592
1185949010512752641
1185949010655354881
1185949010860957697
1185949011183853571
1185949013012467712
1185949013331365890
1185949013448617987
1185949015738933248
1185949016225390594
1185949018326585344
1185949019048161282
1185949020927250434
1185949020927287298
1185949021006905346
1185949021153705984
1185949022864982016
1185949024026841089
1185949025876533251
1185949026161778689
1185949026165747713
1185949026522423298
1185949030335037440
1185949030410526721
1185949031845040128
1185949032109219840
1185949032276992000
1185949032515944448
1185949034776858627
1185949035632291841
1185949037909958656
1185949038643941376
1185949039008854016
1185949039176630274
1185949039537348608
1185949040493682691
1185949041076703237
1185949042125217792
1185949042381152256
1185949042611773442
1185949043832307712
1185949044327223296
1185949044390019073
1185949045883322368
1185949046235484160
1185949046311018496
1185949046818643969
1185949047284273153
1185949048152317952
1185949048643174400
1185949049452748800
1185949050337681409
1185949050455187459
1185949050815877120
1185949051231059969
1185949051356958720
1185949051897802754
1185949053743501314
1185949054477504518
1185949055492460544
1185949055584800770
1185949056905940997
1185949057375539202
1185949060034727937
1185949060995469317
1185949061054025729
1185949062761197568
1185949063012700160
1185949063734165504
1185949064854151169
1185949065009172481
1185949065298747396
1185949065319723009
1185949065508356096
1185949065772752897
1185949066057961472
1185949066188021765
1185949067538550784
1185949067622387717
1185949070654951425
1185949071086891009
1185949071275638787
1185949071669743616
1185949072143929347
1185949072387198977
1185949072558964737
1185949072789856256
1185949074656235520
1185949076237385729
1185949079056068611
1185949080176005120
1185949080230473730
1185949080528269312
1185949082096939008
1185949082197512194
1185949082814169088
1185949083132936192
1185949083153944576
1185949083866947585
1185949084168937472
1185949084865179648
1185949087071379461
1185949089189552128
1185949089839636483
1185949090305183745
1185949090707922944
1185949092163264512
1185949092452720640
1185949092465139712
1185949093442379776
1185949093715156992
1185949093794865153
1185949093866233856
1185949093916487686
1185949093924933647
1185949093991985153
1185949093991985154
1185949094017155072
1185949094226944001
1185949094440816641
1185949094742614016
1185949095527104512
1185949095665508354
1185949095715901441
1185949095824896000
1185949095837552640
1185949095862718464
1185949095866880001
1185949096214958081
1185949096261107712
1185949096479285248
1185949096814747649
1185949099524317184
1185949100820316160
1185949101139156992
1185949101592141824
1185949101831131138
1185949101994713089
1185949102133170177
1185949102154100737
1185949102607097856
1185949103080914944
1185949105219981312
1185949106650451969
1185949107686383616
1185949108139450372
1185949109766754305
1185949109863227395
1185949110123352066
1185949111180238848
1185949112434413569
1185949112543432705
1185949113361293312
1185949114992869377
1185949118306406401
1185949119648583680
1185949120378224640
1185949122135810049
1185949122454609921
1185949125218574336
1185949125705113600
1185949126053240832
1185949127269650433
1185949128523542529
1185949128695500800
1185949130163662850
1185949130276786176
1185949130910244865
1185949130939613186
1185949131380051968
1185949132223078400
1185949134735466497
1185949135620341761
1185949136320892929
1185949137042366464
1185949138187378688
1185949138724294656
1185949138803777536
1185949138808115200
1185949139588173824
1185949141123424258
1185949141127421952
1185949141983207424
1185949142713094145
1185949143023271937
1185949144600301569
1185949145401450496
1185949146521440258
1185949146748018689
1185949147637174272
1185949147658182656
1185949148962574336
1185949149969211392
1185949150380208129
1185949153597284355
1185949155384090630
1185949156617023488
1185949157233778688
1185949157422436353
1185949157485416448
1185949157942538240
1185949157954998272
1185949158118711296
1185949161440432128
1185949162333974528
1185949164280143872
1185949164657692672
1185949165097897985
1185949166108737536
1185949166205390849
1185949166599593984
1185949167350403072
1185949167350439938
1185949167400751106
1185949169338314754
1185949169808297984
1185949169833385990
1185949169841856514
1185949169984376834
1185949169984425985
1185949170068267008
1185949171150413824
1185949171234344961
1185949172157108224
1185949172458913792
1185949172668817411
1185949172878499840
1185949173738332164
1185949174027739136
1185949174791069696
1185949174967209985
1185949175181119488
1185949176015867904
1185949176892395523
1185949177332801537
1185949179329286145
1185949179866243072
1185949179975290882
1185949180541321218
1185949181959196672
1185949183251013632
1185949184341528576
1185949185469812736
1185949185985699840
1185949186493222914
1185949188640690177
1185949189815095296
1185949190121234433
1185949190586847232
1185949190771429377
1185949190981111808
1185949192386236418
1185949192432295937
1185949193187266560
1185949193237454850
1185949193782923264
1185949193904558085
1185949195880062976
1185949196832116738
1185949197012553728
1185949197587103747
1185949198916771841
1185949200326025217
1185949201529819136
1185949201814802432
1185949202502733825
1185949204713213958
1185949205984153601
1185949206541979648
1185949206868946945
1185949207292723200
1185949207602970625
1185949207691190273
1185949208773353472
1185949208911568896
1185949208970313728
1185949209167585280
1185949209733849089
1185949210660737024
1185949210711134210
1185949210962747394
1185949211470303239
1185949211730305024
1185949211944202241
1185949212631949312
1185949214150283264
1185949214221754374
1185949214540517383
1185949214943207425
1185949215798771713
1185949215819730947
1185949216151089152
1185949217564561408
1185949217652707328
1185949218986483713
1185949219309400069
1185949220089618434
1185949221939138560
1185949222425767936
1185949223747051520
1185949224183255040
1185949224221003777
1185949225290477568
1185949226397618176
1185949227446353923
1185949227685482501
1185949228138319872
1185949228205514755
1185949230076235776
1185949231359676416
1185949232496201731
1185949233108738053
1185949233595273216
1185949233733623808
1185949234253750274
1185949235155480576
1185949235272925189
1185949235520380934
1185949236166352897
1185949236208123905
1185949236808040448
1185949236841664512
1185949237135081472
1185949237290373121
1185949238217232384
1185949238661918722
1185949238812909571
1185949239920283648
1185949240188522496
1185949240427720711
1185949240712925186
1185949241765777409
1185949242415894529
1185949242520551425
1185949242935955456
1185949244148125696
1185949244991115264
1185949245175554053
1185949245318131712
1185949246568222720
1185949246643675136
1185949247440642048
1185949248069591040
1185949250250854400
1185949250930331649
1185949251928498182
1185949252230504448
1185949253534769153
1185949253874737154
1185949254193504256
1185949256139640838
1185949256668078082
1185949257712488449
1185949257729302530
1185949257796411393
1185949258446508035
1185949259809603589
1185949260027744256
1185949261156044800
1185949261218926592
1185949262217121792
1185949263219396608
1185949267183226886
1185949267904651265
1185949268131139585
1185949268940611584
1185949269523648514
1185949270060519425
1185949270383431680
1185949272199569409
1185949272967008258
1185949273910923264
1185949275034918913
1185949276171489281
1185949276272316421
1185949278151348224
1185949278398795778
1185949278595739648
1185949278612541442
1185949280915415040
1185949282060378112
1185949282265899008
1185949282282758144
1185949283364888579
1185949283813642249
1185949284543406081
1185949285268934657
1185949287143755777
1185949287290724352
1185949287617839106
1185949288083230720
1185949288943235072
1185949289148760064
1185949289719238657
1185949290201604096
1185949290398658560
1185949292302946305
1185949292961255424
1185949293066293248
