1185942749972848640
1185942751965089793
1185942752380502016
1185942753261314048
1185942753517146112
1185942753563349001
1185942754456735744
1185942754972573696
1185942755094224900
1185942755744333831
1185942755907948545
1185942756591579137
1185942757573046275
1185942757661204486
1185942757719851009
1185942759183716357
1185942759619907585
1185942760169365505
1185942761213530112
1185942763210268674
1185942763377807361
1185942763847720961
1185942764208345088
1185942765462536192
1185942765521264642
1185942765764517888
1185942766552961024
1185942767257706497
1185942767270289409
1185942767698100224
1185942769031880705
1185942769216311296
1185942769379885057
1185942770160062469
1185942770336354304
1185942771124854786
1185942771745611778
1185942773305884672
1185942773456875520
1185942773691756545
1185942774622892033
1185942776342433793
1185942776439083009
1185942776552345600
1185942776720035843
1185942777206624257
1185942778712182784
1185942778964037633
1185942779391856643
1185942779589005314
1185942780520140800
1185942781153501185
1185942781786804224
1185942782214578177
1185942782642458631
1185942782873165826
1185942782902321152
1185942784060149760
1185942784383033344
1185942784659935233
1185942785213513729
1185942785473548288
1185942786069221377
1185942786304024576
1185942786878660609
1185942787394547713
1185942787558166528
1185942788149579776
1185942788321484800
1185942788380098561
1185942790347247616
1185942790993334275
1185942791320416256
1185942791739850752
1185942791873953794
1185942792083771400
1185942792301793281
1185942792599752704
1185942792624730115
1185942792826216448
1185942793044348928
1185942793128235008
1185942793581223938
1185942793895796736
1185942795527307265
1185942795837677571
1185942796131282945
1185942796420599808
1185942796793995264
1185942796949176321
1185942797100179456
1185942797549015040
1185942797754470402
1185942798169714688
1185942799461564417
1185942799826374656
1185942801017475072
1185942801231552512
1185942801588068352
1185942801852354560
1185942802233876480
1185942802385035264
1185942802447917056
1185942804318445568
1185942804498796544
1185942804842856453
1185942805367132160
1185942805698535425
1185942805950205953
1185942806445088769
1185942806512230400
1185942807061684225
1185942808600940544
1185942808777166849
1185942809196384256
1185942809691512832
1185942812111577088
1185942812270956544
1185942813499973632
1185942815097929730
1185942815534043136
1185942815970344960
1185942816591093760
1185942817580826625
1185942817719422979
1185942817870360578
1185942818155446272
1185942818461814784
1185942818985934848
1185942819795619840
1185942820663824384
1185942820856782848
1185942822157012992
1185942822719053824
1185942823729815556
1185942824036065282
1185942824761606144
1185942824765800449
1185942824916643841
1185942825155694592
1185942825579569152
1185942825814450177
1185942826376450054
1185942826951086080
1185942828180037632
1185942828922347520
1185942828993564672
1185942829354369025
1185942829752823808
1185942830679760896
1185942831489277952
1185942832026140672
1185942832768585735
1185942832961478656
1185942834060386306
1185942834463068160
1185942835482116096
1185942836623085569
1185942837063573504
1185942837587673088
1185942837755559944
1185942838162481152
1185942838590296065
1185942839362031616
1185942840326660097
1185942840892805120
1185942842050351105
1185942843057029122
1185942843485048834
1185942843845681152
1185942844420304896
1185942844499992576
1185942844562907138
1185942845775065089
1185942847121514497
1185942848673370114
1185942850774667264
1185942850908971008
1185942852142022657
1185942852200583169
1185942852490141697
1185942852821491713
1185942853027012608
1185942853677178881
1185942854025318400
1185942854562177025
1185942854725754880
1185942854742564864
1185942854805401600
1185942855136763905
1185942855564582913
1185942855623180289
1185942856139075584
1185942856504135682
1185942856546029575
1185942856583786496
1185942856688656386
1185942857942781953
1185942858320228352
1185942858404110337
1185942858790047744
1185942861180755970
1185942861470208000
1185942863554609154
1185942864016003075
1185942865450373120
1185942866306260992
1185942867455266817
1185942868399153153
1185942868541591552
1185942868701175808
1185942868910923776
1185942869116362754
1185942869175160832
1185942869523103744
1185942869976244224
1185942870219546628
1185942870559084544
1185942871238762497
1185942872786427904
1185942873973366785
1185942876460589056
1185942878436188165
1185942879308537856
1185942879837007872
1185942880042606592
1185942880281477120
1185942880566812673
1185942881418305539
1185942881573445632
1185942881611190273
1185942881737101312
1185942883553239040
1185942883909586945
1185942884387831814
1185942884886949888
1185942885528563713
1185942885625032704
1185942885851643904
1185942885868421120
1185942888766509056
1185942888905003008
1185942889186189313
1185942890029223936
1185942890545078275
1185942890842738688
1185942892491100160
1185942892734377984
1185942892927442944
1185942893002805253
1185942893070028802
1185942894668058625
1185942894714249216
1185942894819135493
1185942894999490560
1185942895620173824
1185942895704137728
1185942895896989698
1185942896094203904
1185942897591500802
1185942898648461312
1185942899168567297
1185942899508367362
1185942899630002176
1185942900057792512
1185942901760712709
1185942901794193414
1185942902146584576
1185942902158970881
1185942902301528064
1185942902775713792
1185942902976974854
1185942902985445377
1185942903014789120
1185942903060926465
1185942903107051520
1185942905040424960
1185942906655461377
1185942906944794628
1185942907628470277
1185942907737530369
1185942908790198272
1185942909100744709
1185942911260774400
1185942913949278209
1185942914184175616
1185942914414891009
1185942914515513344
1185942915119484929
1185942915576520704
1185942916096811010
1185942917355130881
1185942917401251840
1185942917468348416
1185942918638526465
1185942919221563393
1185942919364132866
1185942920022634496
1185942920404226050
1185942920534384645
1185942920542740480
1185942920882511875
1185942921020956673
1185942921671036930
1185942922874802183
1185942923948503045
1185942924116353026
1185942926578327552
1185942927798870016
1185942927912194049
1185942928520306688
1185942929782665216
1185942930906701824
1185942932139868160
1185942932337152001
1185942933134032898
1185942933939408897
1185942934195036165
1185942934253981698
1185942937256873984
1185942937399627777
1185942938318077952
1185942938485972993
1185942940218281985
1185942941514293255
1185942944290955265
1185942944294961152
1185942944303456256
1185942945620463616
1185942946048364544
1185942947138805761
1185942947868508160
1185942949047222272
1185942949244391425
1185942949428895744
1185942949559001089
1185942950087401472
1185942950372610048
1185942950989029376
1185942951433781249
1185942956072718337
1185942956550905857
1185942956957667334
1185942957414912008
1185942957465231360
1185942957599232000
1185942957679095808
1185942958790582272
1185942958803226625
1185942960296353793
1185942960484974592
1185942961197989888
1185942962376794113
1185942964574588928
1185942964889104385
1185942964935319553
1185942965190967296
1185942966709424128
1185942967300714496
1185942967602860032
1185942967711911937
1185942968240427010
1185942968454107137
1185942969645293569
1185942969980985344
1185942971134480384
1185942971549532165
1185942972946272256
1185942973139312641
1185942973495689217
1185942973940416512
1185942974074634241
1185942974305320960
1185942974930313218
1185942975609823233
1185942976155045888
1185942976511533057
1185942978017316869
1185942978390564866
1185942978868715520
1185942980823306241
1185942980894609408
1185942981167276032
1185942981955784704
1185942983419613185
1185942984321359873
1185942984488960000
1185942984904212480
1185942986355564545
1185942986460254208
1185942986481426434
1185942986972160000
1185942989241245697
1185942989677432838
1185942989987811328
1185942990663012353
1185942991279661064
1185942991355158528
1185942992244412417
1185942993527824384
1185942994945499136
1185942995243110401
1185942996551897088
1185942997717749760
1185942998707855360
1185942998770749440
1185943000830091266
1185943000964317184
1185943001052434433
1185943001115312128
1185943001190797312
1185943001480216576
1185943002784714752
1185943006408511489
1185943007155118080
1185943007578771463
1185943007926935552
1185943008199544833
1185943008723775489
1185943008954454016
1185943009122308097
1185943009361309696
1185943009638146050
1185943009852039170
1185943011445952513
1185943011651399680
1185943013245235200
1185943014851694592
1185943015078019072
1185943015107497985
1185943015355043840
1185943015552176129
1185943016177111042
1185943016286117890
1185943017406058498
1185943017791905792
1185943017791905799
1185943017825427456
1185943017859043328
1185943017955434496
1185943018018410497
1185943018186203136
1185943018676854785
1185943018957881344
1185943020132163584
1185943020602089472
1185943021650620417
1185943022598606848
1185943022715973632
1185943022950846469
1185943022971826177
1185943023173197824
1185943023336640517
1185943023626211329
1185943024028864512
1185943024267862017
1185943024611856384
1185943025798844417
1185943026780295169
1185943027136765952
1185943027933728770
1185943028118241283
1185943028588040199
1185943030039285760
1185943030148292610
1185943030433538050
1185943030563590146
1185943030819278850
1185943031020691456
1185943031217819653
1185943031976824832
1185943032597798921
1185943033621008385
1185943037156962308
1185943037324587009
1185943037857411072
1185943039304437766
1185943040097079296
1185943040701059072
1185943042529906689
1185943043246968834
1185943043272298496
1185943043767177216
1185943044740259841
1185943045180743680
1185943046317363200
1185943047072370691
1185943047282016257
1185943050046054401
1185943050280792064
1185943050633109504
1185943050717220867
1185943050943516673
1185943051191099394
1185943053200248832
1185943053430865920
1185943053627875328
1185943053862948866
1185943054227668992
1185943054361997312
1185943054391398405
1185943055075074048
1185943055209074688
1185943056413052928
1185943056828289024
1185943056828325890
1185943056983441408
1185943058686324736
1185943059206475777
1185943059688636417
1185943060385021952
1185943060787744768
1185943060955521034
1185943061311959040
1185943061894971392
1185943062041780225
1185943063115583489
1185943063820165120
1185943063878868994
1185943065468588032
1185943067234308096
1185943067569864705
1185943067901206529
1185943068077449223
1185943068521877504
1185943068563951617
1185943069222412288
1185943070145167361
1185943070635888641
1185943071332028417
1185943071407493120
1185943071793569793
1185943072187793411
1185943072192040960
1185943072334602241
1185943073781637120
1185943074045939712
1185943074184351746
1185943074712764416
1185943074733789185
1185943076809785344
1185943076918812672
1185943077568933888
1185943077644619776
1185943079594987530
1185943080375070720
1185943080521781251
1185943080693837824
1185943080832245761
1185943081637548036
1185943082501640192
1185943082870726656
1185943085148233728
1185943085592788992
1185943087165644800
1185943088616755200
1185943090063765504
1185943091628429312
1185943092144291840
1185943092437778434
1185943092723105794
1185943092886683648
1185943094052691969
1185943094283427840
1185943094652329986
1185943095705296897
1185943095889874944
1185943096242122754
1185943096284106752
1185943096296648704
1185943096321810433
1185943096409972737
1185943096418283520
1185943096435073024
1185943097982799872
1185943098951516160
1185943099434061824
1185943099903762433
1185943100352585728
1185943100449067009
1185943100872523776
1185943102172868609
1185943102730768384
1185943102739144705
1185943102839762946
1185943102999187456
1185943103573766144
1185943103590539264
1185943103649320961
1185943103687024642
1185943103724838912
1185943103745773568
1185943103808651264
1185943104295178242
1185943104865439745
1185943104999903232
1185943105104691201
1185943106463531008
1185943107981807616
1185943108996849669
1185943109814902785
1185943109949120514
1185943110255144961
1185943110293041152
1185943111085838337
1185943111165501440
1185943111261773824
1185943111383556096
1185943113287778304
1185943114067791872
1185943114118320128
1185943114319564800
1185943114567028736
1185943114768420865
1185943115468660736
1185943116093763585
1185943116441894913
1185943116798410753
1185943118065131520
1185943118098636800
1185943119960760320
1185943121038737410
1185943122020311042
1185943122523623425
1185943123232378880
1185943123530338305
1185943124083924994
1185943124415340544
1185943124830572549
1185943124939563015
1185943125522632706
1185943126004781057
1185943127284244480
1185943127837827073
1185943128475361280
1185943129473593344
1185943130480230400
1185943130601918467
1185943131709169665
1185943132006965250
1185943133068115969
1185943133458227200
1185943134154280961
1185943134167015424
1185943134922039296
1185943135978950657
1185943136482349056
1185943136817729537
1185943137274990593
1185943138554335232
1185943138755584002
1185943139221168128
1185943139250589697
1185943139762216960
1185943141104398336
1185943141502902278
1185943146246660096
1185943147639136257
1185943147945181184
1185943149241425920
1185943150050734080
1185943150529011713
1185943150545854464
1185943151468564487
1185943152307441664
1185943152504561664
1185943153137901575
1185943153943154688
1185943154878550016
1185943155201445888
1185943156484968448
1185943158187802625
1185943158238142468
1185943158552760322
1185943158678376448
1185943159626485761
1185943160104652802
1185943162243600384
1185943163569164288
1185943163770490880
1185943165309804544
1185943165477572609
1185943166387707920
1185943166899412993
1185943167394336769
1185943168199647233
1185943168476422146
1185943168640016385
1185943169411751937
1185943171567706117
1185943173111128067
1185943173350252545
1185943173887074311
1185943174474272768
1185943177225789440
1185943177632444417
1185943178123366401
1185943178957991936
1185943179230633986
1185943180681723905
1185943180828643328
1185943181474570240
1185943182267310080
1185943183081033728
1185943183513018369
1185943183944900608
1185943183991005185
1185943184729411584
1185943185241137153
1185943185283059712
1185943185333329923
1185943186017079297
1185943187115917313
1185943188915261443
1185943189003354118
1185943189296951296
1185943189699682304
1185943189905170433
1185943190093869058
1185943190148386820
1185943190286848000
1185943192061042689
1185943192207794176
1185943193759694848
1185943193902292993
1185943194091114497
1185943194153967617
1185943194753785856
1185943196263542784
1185943196288704512
1185943197274591232
1185943197501087744
1185943197605871620
1185943198734135296
1185943199103078401
1185943199661150208
1185943199795367936
1185943201116512262
1185943201951244290
1185943203452719109
1185943203620352000
1185943204513882113
1185943204849471494
1185943205604278272
1185943205881106437
1185943207428984839
1185943208502726662
1185943208666251271
1185943208980832256
1185943209173753858
1185943209324634112
1185943210104971265
1185943211077861377
1185943211904249857
1185943211996598273
1185943212113965056
1185943212529201152
1185943212558639107
1185943212885544960
1185943213833539585
1185943214307438592
1185943216249626625
1185943217533050881
1185943218304757761
1185943218610999298
1185943218787147777
1185943219357532160
1185943219772768257
1185943220091531264
1185943220372594689
1185943220427079681
1185943220431347712
1185943221865734144
1185943222054457344
1185943224382316544
1185943224554262528
1185943224608649216
1185943225334288384
1185943225791594503
1185943225896488960
1185943226336841729
1185943226575970310
1185943226781442049
1185943226815004672
1185943226827595776
1185943227364495363
1185943228555513856
1185943228928942082
1185943229138657284
1185943229344169986
1185943230136881159
1185943230522769408
1185943231432970240
1185943232309579783
1185943232838033410
1185943233429409792
1185943233894985728
1185943234327011334
1185943234763247617
1185943236847775744
1185943237133000704
1185943237833482242
1185943238349336576
1185943238865227782
1185943241352503297
1185943242552033280
1185943242686074880
1185943243315392512
1185943244024233985
1185943244498034688
1185943244892442626
1185943245374840832
1185943246163324930
1185943246364708864
1185943246473781250
1185943246477901825
1185943246486331393
1185943246486331394
1185943246507315200
1185943246511448065
1185943249468440576
1185943249502068738
1185943249560702977
1185943250194063360
1185943250420432898
1185943250558783489
1185943250651107329
1185943251360059392
1185943252920352769
1185943252941316097
1185943253213798400
