1185944763658358791
1185944764367167488
1185944764492996608
1185944765491073024
1185944765852012545
1185944766229504000
1185944766736982016
1185944767580065797
1185944767781376007
1185944770578808832
1185944771002392577
1185944771510112258
1185944771937755136
1185944774810976256
1185944775331057664
1185944776366948353
1185944776622923776
1185944776622989315
1185944778007105537
1185944778522972160
1185944778741035009
1185944778980114434
1185944780821258240
1185944781085650944
1185944781136039940
1185944784084619264
1185944784537604096
1185944785397473280
1185944786290860032
1185944787792191489
1185944788224208896
1185944789012889600
1185944789751087105
1185944789977587712
1185944792817192961
1185944793312104449
1185944793827958786
1185944793894907906
1185944793987325953
1185944794121539589
1185944794524246021
1185944794880716802
1185944795522437121
1185944795677675520
1185944796227133444
1185944796466241538
1185944797409927169
1185944798286536705
1185944799226019841
1185944800085852161
1185944800220078080
1185944800773754881
1185944801453236224
1185944802686394370
1185944803135107077
1185944803223187456
1185944804603191302
1185944804661911552
1185944806935203841
1185944807023239169
1185944807132282880
1185944807207776256
1185944808340082690
1185944809279840256
1185944813100773377
1185944813989875713
1185944816410120192
1185944816418320384
1185944818213634048
1185944818326949890
1185944818716987393
1185944820079923201
1185944820927336450
1185944821971722240
1185944823242674181
1185944824387723265
1185944825629048832
1185944826983919616
1185944827109793792
1185944827210403840
1185944827701035008
1185944827940212736
1185944828141625357
1185944829198524416
1185944829362130944
1185944829466836992
1185944830066614272
1185944831333425154
1185944831492673536
1185944831593517058
1185944831597645826
1185944832407166976
1185944832495280128
1185944834361712642
1185944834990923776
1185944835808813056
1185944836152672257
1185944836400123904
1185944836429488128
1185944837360672768
1185944837394026496
1185944837796909056
1185944839050936320
1185944840124731392
1185944840896438273
1185944843421442049
1185944846378385410
1185944847095611392
1185944847808679936
1185944849112952832
1185944851268935685
1185944853651378176
1185944854527913985
1185944854930567168
1185944861159186437
1185944862107021312
1185944862165782530
1185944862367145985
1185944862710845440
1185944862828441600
1185944863419838464
1185944864468406273
1185944864728457218
1185944866565611521
1185944866804531205
1185944867001815040
1185944867085508608
1185944867115032576
1185944868566261762
1185944869178613761
1185944870231265281
1185944873570066434
1185944873570111488
1185944874069172224
1185944874115354624
1185944874127908865
1185944874148720640
1185944874169831426
1185944874169839616
1185944874681536512
1185944876065738753
1185944876229287936
1185944878888275968
1185944879655989252
1185944880398422016
1185944880935329792
1185944881266593792
1185944881803513856
1185944882180808704
1185944882768220161
1185944882789191683
1185944883116290054
1185944883376410625
1185944885452562434
1185944885674893315
1185944888245927938
1185944889202069504
1185944889399402497
1185944890208903168
1185944890561257473
1185944891555119104
1185944892041773069
1185944893744545792
1185944894868602880
1185944895300620288
1185944895309144064
1185944897431461888
1185944898693992448
1185944900585611265
1185944900589834242
1185944901181202432
1185944902502436864
1185944902682759169
1185944902934388744
1185944904788086784
1185944905283227648
1185944905480392711
1185944906470047750
1185944907032064000
1185944907212558336
1185944907946561537
1185944911054540800
1185944911725486081
1185944912077955072
1185944912522399744
1185944913298542598
1185944913420181504
1185944914741334016
1185944915039010818
1185944916104568832
1185944917299867648
1185944917538934786
1185944918239281152
1185944918960697344
1185944919506145281
1185944919690620928
1185944920634216454
1185944921305305088
1185944921854926849
1185944923503316992
1185944924513918976
1185944925596274688
1185944925696909312
1185944931149471744
1185944931631861762
1185944931719794688
1185944932214886400
1185944932659404806
1185944932877516800
1185944934618222596
1185944936040062978
1185944938808250368
1185944938925703169
1185944939143655425
1185944940636827650
1185944941173735424
1185944941777838081
1185944942037757952
1185944942884974594
1185944942973050880
1185944943929548801
1185944944340586497
1185944944424427521
1185944944541884417
1185944947804917760
1185944948174131200
1185944949185011713
1185944949747015681
1185944950212612098
1185944950384533504
1185944951055618048
1185944952792145922
1185944953098326017
1185944953156976646
1185944953639395328
1185944955572768768
1185944956608712704
1185944957103869953
1185944957296742403
1185944957783334912
1185944957887975426
1185944959624585216
1185944960849317890
1185944961583403008
1185944963843936256
1185944964888436736
1185944966201257985
1185944966369034243
1185944967446843392
1185944967874830341
1185944967879020545
1185944969049264128
1185944969565163520
1185944969959411718
1185944970882093062
1185944971083313152
1185944971918135301
1185944972262068224
1185944974442938368
1185944974950572034
1185944975395172354
1185944975587995649
1185944975961292800
1185944976427012096
1185944978771587073
1185944978922655744
1185944979182641158
1185944979685949441
1185944983288930307
1185944983473397761
1185944985008590848
1185944987466452993
1185944987864842240
1185944987898449921
1185944988099776517
1185944989043437568
1185944989509079045
1185944989605486592
1185944989970255874
1185944989974564865
1185944990637277188
1185944990884782086
1185944991337713664
1185944991639588864
1185944992801533952
1185944993179013121
1185944994114355200
1185944997889105921
1185944997960531968
1185944998316920837
1185944998975377409
1185944999541776387
1185945000422629381
1185945002263793670
1185945002939211783
1185945003044065280
1185945004155404288
1185945004801437696
1185945004885204992
1185945007410368515
1185945007716491265
1185945009033535488
1185945009205456898
1185945012183289856
1185945013114540033
1185945015077556224
1185945015383744512
1185945016042229764
1185945017132736512
1185945017870946304
1185945018088869889
1185945018776915968
1185945020957900802
1185945020966277120
1185945021033275392
1185945021083725828
1185945021268320257
1185945021419266048
1185945022107127810
1185945023386279937
1185945023449198592
1185945024703467521
1185945025923964929
1185945026519617537
1185945027786100737
1185945028096593920
1185945028142649344
1185945028557819904
1185945028595802116
1185945028767682560
1185945028788662275
1185945029120057344
1185945029195399174
1185945029279469568
1185945029342302209
1185945029996662785
1185945030902464512
1185945033134018561
1185945033385492480
1185945035029786624
1185945035143090177
1185945035860131840
1185945035973517315
1185945036392939521
1185945036736864256
1185945038506864641
1185945039354118144
1185945039714865160
1185945039991689217
1185945041111408640
1185945041577086978
1185945041958649856
1185945044504731650
1185945044735397889
1185945046547402752
1185945048074084352
1185945049588228098
1185945051869974529
1185945052889206787
1185945052964708352
1185945053178384384
1185945054805929984
1185945055040688128
1185945056441700354
1185945058341728259
1185945058756976640
1185945058975141888
1185945059386019840
1185945059662843910
1185945061974040576
1185945061982457856
1185945063173562373
1185945064666779650
1185945064960331776
1185945066549977088
1185945067120402433
1185945068466774019
1185945069259501568
1185945069465034755
1185945069695705093
1185945070899302401
1185945071071436801
1185945072745025537
1185945072862412800
1185945073248165889
1185945074212802560
1185945075571924996
1185945075890700289
1185945076763103234
1185945078591840256
1185945078688124928
1185945079829037056
1185945079845937152
1185945080609300480
1185945081049690112
1185945081058156544
1185945081490104321
1185945082568028160
1185945082698129411
1185945083193053184
1185945083985588224
1185945084556206080
1185945085176889345
1185945085684281344
1185945088305848326
1185945088544923650
1185945088595238912
1185945089241178114
1185945091086716928
1185945091174780930
1185945092118347776
1185945093653577729
1185945093666197505
1185945094379188225
1185945094538461184
1185945095197122561
1185945095507283968
1185945095532695552
1185945096543494144
1185945098317635589
1185945098623823875
1185945099177320448
1185945101056409600
1185945101283057664
1185945101689856001
1185945102050574337
1185945102440685568
1185945102784462849
1185945102843293697
1185945103044612098
1185945103078174720
1185945103195525120
1185945103690424321
1185945104135143430
1185945104139374594
1185945106127437826
1185945107008241664
1185945107473879040
1185945107595444224
1185945107712937984
1185945107792584704
1185945108006539264
1185945109239619584
1185945109340344320
1185945110179135488
1185945110841831424
1185945111097675776
1185945111798210560
1185945113383469057
1185945114209914881
1185945114587193345
1185945114834804737
1185945116697079808
1185945116818792448
1185945117703786501
1185945118861336576
1185945119033135104
1185945120052563968
1185945120446828544
1185945121688379393
1185945122044727296
1185945122569105408
1185945122657177600
1185945123688837125
1185945124246700032
1185945124708204545
1185945125375094785
1185945125425471493
1185945125714829314
1185945125773565953
1185945126763450370
1185945127774281728
1185945127975411712
1185945128088813568
1185945130055979008
1185945131507179520
1185945134149451776
1185945135168647174
1185945137022521344
1185945138104803328
1185945140793360384
1185945141841977344
1185945144102662144
1185945145658748928
1185945146065653761
1185945146833006593
1185945147294404608
1185945147873345536
1185945149630832642
1185945150691987456
1185945152101244928
1185945153296650244
1185945153502101504
1185945154055745537
1185945159537774592
1185945159671992322
1185945160380747779
1185945160674414593
1185945162897350656
1185945163023163392
1185945163073490944
1185945163140493312
1185945165200084993
1185945165313302530
1185945165573382146
1185945166059839488
1185945166391271424
1185945166743511040
1185945168781987840
1185945169260175362
1185945169629253633
1185945170237362176
1185945171780870154
1185945172175142912
1185945172917526528
1185945173886488576
1185945175513804800
1185945175736160257
1185945176906305536
1185945177753452544
1185945177967382528
1185945178084970501
1185945178386980866
1185945178902806529
1185945178982486020
1185945179917864961
1185945180370808833
1185945181562048516
1185945183516418048
1185945183814344705
1185945184703582208
1185945185001209857
1185945185248796672
1185945185391386624
1185945186569990145
1185945186964295680
1185945187706499073
1185945188931375110
1185945189006880771
1185945189174657027
1185945189761855488
1185945190474731520
1185945191376551936
1185945192215515137
1185945192559460361
1185945196556705792
1185945196707696640
1185945197051559936
1185945197475254278
1185945197789794308
1185945197923971073
1185945200520323078
1185945200574844928
1185945201086324736
1185945204467077121
1185945205196906497
1185945206509789189
1185945206853636096
1185945206887190532
1185945207315075073
1185945207839182849
1185945207935770625
1185945208875339777
1185945209055666177
1185945209198338051
1185945209344905216
1185945211068932097
1185945214181085193
1185945216634839040
1185945216697749504
1185945217754492929
1185945218018893826
1185945220447440896
1185945222934679552
1185945223366471681
1185945224356474880
1185945224830443521
1185945225799307264
1185945226562756610
1185945226977763328
1185945227472846848
1185945227758112769
1185945228198457346
1185945228244606982
1185945228257222660
1185945228274012160
1185945228303372289
1185945228345335810
1185945228496097286
1185945231243522049
1185945231306510337
1185945231486668805
1185945232464068609
1185945232610910209
1185945232925483008
1185945232963178496
1185945234410131457
1185945234552819713
1185945234561212419
1185945235353935873
1185945236519956480
1185945237254037505
1185945237627133953
1185945238138949632
1185945238822633473
1185945242224287746
1185945244795375616
1185945246116433920
1185945246271705088
1185945248326926336
1185945248603787266
1185945248746364928
1185945249635549184
1185945249685872641
1185945249744424961
1185945249757192194
1185945249824362496
1185945250369622016
1185945250440843266
1185945250482794496
1185945251237814272
1185945251376177152
1185945254186442752
1185945254916018176
1185945256124211202
1185945257206112256
1185945258024210433
1185945258955284482
1185945259097952256
1185945259479429120
1185945259517337601
1185945260343599104
1185945260960223232
1185945261505306625
1185945261589307394
1185945262327566339
1185945263191379969
1185945263313080322
1185945266093989888
