1185964392891863041
1185964393068150784
1185964393655353344
1185964394330513408
1185964395152711680
1185964395609935872
1185964396213760000
1185964397270835200
1185964397879054342
1185964398847971334
1185964399397363713
1185964399451955202
1185964399988805632
1185964400718614532
1185964400970227714
1185964401641349121
1185964401771212802
1185964401939111937
1185964402635345920
1185964402748596225
1185964403906273280
1185964404136914946
1185964404493434880
1185964404740939792
1185964406141792256
1185964406473138176
1185964406859091970
1185964407580442624
1185964408276766720
1185964409002352641
1185964409123823616
1185964409291788291
1185964409384034305
1185964409417617413
1185964409631334401
1185964410021519360
1185964410319376387
1185964410541690880
1185964411170840577
1185964411422461952
1185964411711901697
1185964411917361153
1185964412542189570
1185964412714323970
1185964412944830464
1185964412961775617
1185964412995297280
1185964413079212034
1185964413251137536
1185964413284519936
1185964413486014464
1185964413939044354
1185964415503478784
1185964415528685568
1185964417038594049
1185964417810190336
1185964417902694402
1185964418514984962
1185964419232092161
1185964419450322944
1185964419664302080
1185964419706216448
1185964420129873921
1185964421429915648
1185964421845262337
1185964422025633794
1185964423548166144
1185964423695011840
1185964424353452032
1185964424412237825
1185964424500264960
1185964424638672896
1185964424831455238
1185964425267818496
1185964425607553030
1185964426249359360
1185964426823950337
1185964426878509057
1185964427008450560
1185964427142500352
1185964427608297472
1185964428623257601
1185964429235703810
1185964429424226304
1185964429751521282
1185964432066842624
1185964432339456000
1185964432494608385
1185964433081810945
1185964433601728512
1185964433736159233
1185964433807421440
1185964434318974976
1185964435615207425
1185964435753590785
1185964435908845568
1185964436034486273
1185964436445716485
1185964436605022208
1185964436630233089
1185964436718272512
1185964437192097792
1185964437246750721
1185964437527846912
1185964438110777350
1185964438115012608
1185964438547058689
1185964438588928002
1185964438983233538
1185964439759212544
1185964440455389184
1185964440560324608
1185964440618860544
1185964440778346497
1185964440937783297
1185964441109708801
1185964441239732224
1185964441294295042
1185964441457709056
1185964441470414848
1185964441504026625
1185964443039158273
1185964443261382656
1185964443299123207
1185964443362041856
1185964444666548226
1185964444859412480
1185964445719289863
1185964446402973698
1185964446717370369
1185964446985969671
1185964447371874305
1185964447418011651
1185964447518642176
1185964447719940096
1185964447816474624
1185964447891972096
1185964448579751937
1185964448835502080
1185964448953126912
1185964449573720070
1185964449775210496
1185964450014269450
1185964450689490944
1185964451205439489
1185964451490648065
1185964451754852353
1185964452082044928
1185964453214457856
1185964453575057409
1185964453675835392
1185964453793292288
1185964454225350656
1185964454804180994
1185964456154554368
1185964456498458625
1185964456850927617
1185964456863395840
1185964457559805957
1185964457828196352
1185964458339950592
1185964458574786560
1185964459019395077
1185964459367550977
1185964459933753351
1185964460361555978
1185964460374142977
1185964460797759490
1185964461183717377
1185964461510811648
1185964461871587330
1185964461984645120
1185964462269964291
1185964462328532993
1185964462487953408
1185964463436062721
1185964463645712384
1185964464308477958
1185964464539090944
1185964464547549186
1185964465243803651
1185964467114278912
1185964467156221952
1185964468200759298
1185964468838137856
1185964469198848000
1185964469295431685
1185964469299666944
1185964470163648517
1185964470734147584
1185964470771675137
1185964472575365121
1185964472680116227
1185964472684482565
1185964472814325760
1185964472982298624
1185964472999038977
1185964473183428608
1185964473300979716
1185964474525577217
1185964474768990209
1185964474865307648
1185964474928373760
1185964475129745414
1185964475406540802
1185964475742117889
1185964475876286465
1185964476090085377
1185964476807467016
1185964477516263424
1185964478157996033
1185964478988476417
1185964479152033793
1185964479357444096
1185964479722463233
1185964480221634565
1185964480372625415
1185964480481710081
1185964481026895872
1185964481073111043
1185964482050301953
1185964482226458624
1185964482478116870
1185964482876596224
1185964482935345159
1185964483149271041
1185964483681947649
1185964484378189825
1185964485401403394
1185964485489676288
1185964485749723137
1185964485967790082
1185964486315954177
1185964486601015296
1185964486785675265
1185964487138054144
1185964487821668353
1185964488048152579
1185964488887062529
1185964489281327105
1185964490329739264
1185964490589921281
1185964490623467520
1185964490690617344
1185964490744983553
1185964490749304832
1185964491202351106
1185964492439597057
1185964492510912512
1185964492510973952
1185964492632535040
1185964492934369285
1185964493165203456
1185964493798555648
1185964493865672704
1185964493941231616
1185964493974753280
1185964494171836416
1185964494704562180
1185964494830350336
1185964494918426625
1185964495207882753
1185964495551762433
1185964495644090369
1185964495845449728
1185964496076050434
1185964496264675328
1185964496516505600
1185964496617127939
1185964496822702081
1185964496873050115
1185964497418309632
1185964497590075392
1185964497762181120
1185964497766367232
1185964497867022337
1185964498080940032
1185964498110369793
1185964498676518914
1185964499406348288
1185964499523854337
1185964499552964608
1185964499641094144
1185964499859316736
1185964500496699392
1185964500538798080
1185964500744314880
1185964500773756929
1185964501243482112
1185964501696311297
1185964501956530176
1185964503130759168
1185964503978172417
1185964504850415616
1185964505072885762
1185964505320148993
1185964505395691521
1185964505785749504
1185964505957879810
1185964506054348800
1185964506176020481
1185964506603765766
1185964506997936128
1185964507094487053
1185964507300016128
1185964507543330816
1185964507954405376
1185964508134686722
1185964508545769472
1185964509225193478
1185964509749493760
1185964512006021120
1185964512370974721
1185964512593285120
1185964512756809730
1185964512844959746
1185964512953950208
1185964513109184512
1185964513331437568
1185964513402740736
1185964514547769350
1185964514858192899
1185964515357270016
1185964515499757568
1185964515520761856
1185964516464611330
1185964516644999168
1185964516653387776
1185964517555093504
1185964517555163137
1185964517618016258
1185964517689303040
1185964517978755081
1185964519178162176
1185964519396216832
1185964519673065472
1185964520272875522
1185964520923189248
1185964521174851584
1185964521304842241
1185964521703251974
1185964521707491328
1185964523636682755
1185964525117431811
1185964525155180545
1185964525499146243
1185964525624930304
1185964525687902218
1185964526228914176
1185964526237147138
1185964526379962369
1185964526447009793
1185964527319474178
1185964527499825154
1185964527604715520
1185964527965343746
1185964528149979136
1185964528971988998
1185964528972042240
1185964529529884672
1185964531266326528
1185964532004540416
1185964532197482497
1185964532415553536
1185964532637691904
1185964533266956293
1185964533325750274
1185964533904498688
1185964534244220929
1185964534244302851
1185964534697082880
1185964534894342144
1185964535175270402
1185964535389274113
1185964535708041217
1185964535741632514
1185964536806944769
1185964536819572738
1185964537461268481
1185964537972813824
1185964538300108800
1185964538304385025
1185964538534993921
1185964538572824576
1185964538711216130
1185964538862030854
1185964539579453441
1185964539856244738
1185964539940085767
1185964540200022017
1185964540669956097
1185964540749668352
1185964541332656135
1185964541747834880
1185964542196502528
1185964543048146945
1185964543924736002
1185964544088301568
1185964545451479040
1185964545782628352
1185964545958961157
1185964546818576384
1185964548412575747
1185964548655931397
1185964549259706368
1185964549461204994
1185964550635417601
1185964550644011009
1185964550664916993
1185964551163875328
1185964552548241410
1185964552820801537
1185964553068257281
1185964553399656454
1185964553470914561
1185964553647116289
1185964553949065224
1185964554758578178
1185964554825527296
1185964554855026692
1185964555035394049
1185964555639447552
1185964555727335424
1185964555735724032
1185964556289478661
1185964556796993544
1185964557119840261
1185964557308698627
1185964557392437248
1185964557568745473
1185964557572947968
1185964557811892225
1185964559363801088
1185964559623954432
1185964560227983360
1185964560336982016
1185964560739688448
1185964561171656704
1185964561179926528
1185964561582542848
1185964562308390912
1185964563222663171
1185964565105971203
1185964565315502080
1185964566921932800
1185964567253393408
1185964567408582663
1185964567517642752
1185964567584821250
1185964567744012289
1185964569149218817
1185964569342173189
1185964569409310725
1185964569879027712
1185964570034266113
1185964571263193088
1185964571347030016
1185964571699433472
1185964572232110080
1185964572622118913
1185964572840288258
1185964573003800583
1185964573049937922
1185964573825724417
1185964573985259520
1185964574194966529
1185964574694170625
1185964575717580801
1185964576602574850
1185964576690425861
1185964577198166017
1185964577856610308
1185964578120884224
1185964578137616384
1185964578322075649
1185964578800312321
1185964579937017857
1185964579983151105
1185964580910108673
1185964581367119875
1185964582411612160
1185964582667460608
1185964582877184001
1185964583023984643
1185964583300804608
1185964584110317572
1185964584471011328
1185964584638660608
1185964584806604810
1185964584856903681
1185964584957464576
1185964584969981953
1185964585011970048
1185964585364406275
1185964585884536834
1185964585968377859
1185964586144583681
1185964586278805510
1185964586886975489
1185964587054579712
1185964587176419328
1185964587407069184
1185964587885256705
1185964588044558336
1185964588216528899
1185964588589834242
1185964589156126720
1185964589231542273
1185964590225657857
1185964590556946432
1185964594117914630
1185964594818248704
1185964594830827520
1185964595372056577
1185964595917271040
1185964596663902208
1185964596781293568
1185964596785491969
1185964596940673024
1185964597561430016
1185964597813174272
1185964597855039493
1185964597855117312
1185964598505148417
1185964598526173185
1185964598555545600
1185964599281115136
1185964599339896833
1185964599390003200
1185964599813853184
1185964600015183872
1185964600254173184
1185964601416077320
1185964603936858113
1185964603962019841
1185964604519780353
1185964604612059136
1185964604985434113
1185964605467746304
1185964606197567490
1185964606520381440
1185964607497588736
1185964607527182337
1185964607892008961
1185964608042995715
1185964608449843200
1185964609565548545
1185964610760953857
1185964610995867649
1185964612132491265
1185964613231349760
1185964613399171072
1185964613965438978
1185964614003183617
1185964615064260608
1185964615106289665
1185964615148150785
1185964615399825409
1185964615609602050
1185964615794077702
1185964615957659648
1185964617027047424
1185964618092597259
1185964618671247360
1185964620810506241
1185964621057921024
1185964621196230656
1185964623033524224
1185964623033524230
1185964623083782144
1185964623356399622
1185964623356411905
1185964623792619520
1185964623977209856
1185964624929312770
1185964625227063296
1185964625231114240
1185964625503895553
1185964625508098048
1185964626099523584
1185964626401484800
1185964626812571649
1185964627475218433
1185964627676393472
1185964627747885056
1185964627768827906
1185964627777249281
1185964627924078592
1185964629073285122
1185964629937274881
1185964630167846912
1185964631677902848
1185964631879225345
1185964632051257344
1185964632172830720
1185964632256598022
1185964632525234177
1185964634307780609
1185964635565916160
1185964636304281604
1185964636329435138
1185964636769792003
1185964637243744256
1185964637596114944
1185964637612888065
1185964638405451776
1185964638451752961
1185964638669852678
1185964638678028288
1185964638715990016
1185964639353479168
1185964639445835776
1185964639743549440
1185964639936364546
1185964641572347906
1185964642218250240
1185964642658594816
1185964642721521664
1185964643019304961
1185964643854012418
1185964644252430336
1185964644621606916
1185964644646735873
1185964645280092161
1185964645330210816
1185964645397475329
1185964646391529473
1185964647171514368
1185964647267979264
1185964647477694464
1185964647674978306
1185964647817629696
1185964648132206592
1185964648710967301
1185964648937463811
1185964649323339776
1185964649432387585
1185964649625411585
1185964649885392897
1185964650371960835
1185964650866692096
1185964650904588290
1185964651626029056
1185964652070690816
1185964652343128064
1185964652821434370
1185964653001805824
1185964654058594304
1185964656185266176
1185964656311132162
1185964656990380032
1185964657447706629
1185964657607094274
1185964657980461061
1185964658269835265
1185964658391273472
1185964658462789632
1185964658496327681
1185964658580217856
1185964659242876930
1185964659427500032
1185964660182392832
1185964661377617921
1185964661910454272
1185964661910495232
1185964662099234816
1185964662275207168
1185964662623555587
1185964663017627648
1185964663550496768
1185964663663726593
1185964664036962304
1185964664472997889
1185964665563762694
1185964665597300738
1185964665878319105
1185964666016669697
1185964666033508352
1185964666217848833
1185964667170181122
1185964667623088128
1185964668403228680
1185964669007212546
1185964669254680576
1185964669653127169
1185964670517235714
1185964670529818624
1185964671590916103
1185964671939104770
1185964673868288000
1185964674023591936
1185964674090782720
1185964674199805952
1185964675374170112
1185964675646795776
1185964675902652416
1185964676879802368
1185964677701996544
1185964678037544960
1185964678532481024
1185964678775824385
1185964678968680448
1185964678998085632
1185964680528961536
1185964680562577408
1185964680839335937
1185964681078464514
1185964681187463171
1185964681216823298
1185964681514618882
1185964681757888512
1185964681866829824
1185964682416402432
1185964682470940675
1185964682932314113
1185964683087364097
1185964683142062081
1185964683288875008
1185964683376910341
1185964683473252352
1185964684047998977
1185964684375031808
1185964684417130496
1185964685415333891
1185964685759258626
1185964687097237507
1185964687306809346
1185964688451850241
1185964688464592896
1185964688582021120
1185964688896679937
1185964689475268608
1185964689680994304
1185964690788233216
1185964691421630464
1185964691908108295
1185964692260433920
1185964693380317184
1185964694584078336
1185964694663815168
1185964694697328642
1185964694735069184
1185964695049494528
1185964695225810945
1185964695871787010
1185964696614178816
1185964696844681216
1185964697205575680
1185964697356513280
1185964697465561092
1185964697717297153
1185964698023403520
1185964699239747588
1185964699818418176
1185964700607090694
1185964701567668224
1185964701642977282
1185964701802479616
1185964701991292930
1185964702993661952
1185964703324856320
1185964703849291777
1185964706164400128
1185964706298646528
1185964707108315136
1185964707217395714
1185964708416897025
1185964708471496704
1185964709121609729
1185964709842837504
1185964710430199809
1185964710715416576
1185964711327625216
1185964711382339584
1185964712925782017
1185964713026445312
1185964713785602053
1185964715639525376
1185964716520280064
1185964716851695618
1185964717875044352
1185964718034477056
1185964718860754945
1185964718873370624
1185964718881673218
1185964719104053249
1185964719385055234
1185964719536037888
1185964720056164354
1185964720513323008
1185964720827834369
1185964721175969795
1185964721360519169
1185964721540870149
1185964721805185024
1185964721939206151
1185964722266529794
1185964722648211463
1185964722782375937
1185964723038294017
1185964723118006272
1185964723386368001
1185964723436695556
1185964723998642176
1185964724695060480
1185964724888002560
1185964725600948226
1185964725860995075
1185964726112571392
1185964726347546628
1185964727287058432
1185964727412953094
1185964727509442565
1185964727773679617
1185964728025260034
1185964728268529665
1185964728818044930
1185964728847421442
1185964729027747840
1185964729061261313
1185964730147586048
1185964730361569281
1185964730982305793
1185964731116466178
1185964731137515521
1185964732332814337
1185964734153187328
1185964734450937867
1185964735214313472
1185964735436677120
1185964738296958976
1185964738762510337
1185964739379322880
1185964739475718144
1185964740142665729
1185964740377563136
1185964740411117571
1185964740910170113
1185964741145124864
1185964741170290688
1185964741472243712
1185964741535158272
1185964741979770884
1185964742122364929
1185964742210396161
1185964742524985345
1185964743036682240
1185964743716155392
1185964744378912770
1185964744693432322
1185964744957661184
1185964745435865089
1185964745687478272
1185964745691713536
1185964745716830212
1185964745922363404
1185964746090143752
1185964746547355648
1185964746761293826
1185964746903711745
1185964747302297600
1185964747461550080
1185964748820680705
1185964749357490177
1185964749592375297
1185964750246682628
1185964750288633856
1185964750498402307
1185964750926241796
1185964751660048384
1185964752427720706
1185964752733900801
1185964753094529024
1185964753262383105
1185964753753165824
1185964755569303554
1185964756206833665
1185964756420714498
1185964756424908801
1185964756642992130
1185964756991012864
1185964757460946944
1185964757527994371
1185964758345945090
1185964759222497281
1185964759298007040
1185964759310581760
1185964760464015360
1185964760468197376
1185964760526999557
1185964761562992640
1185964761630085121
1185964762615689216
1185964762678513664
1185964762888146944
1185964763551019014
1185964763559280640
1185964764574420993
1185964765987966976
1185964766524837888
1185964767015559169
1185964767422406656
1185964767552397312
1185964767783112705
1185964767854374912
1185964768269651968
1185964768689041408
1185964768709857280
1185964768718405632
1185964768730988546
1185964769326579712
1185964770022834181
1185964770811416576
1185964770979127297
1185964771046281217
1185964771209818113
1185964772568764416
1185964773659172864
1185964774477185025
1185964774808608768
1185964775131492357
1185964775211184128
1185964775236349952
1185964775836180481
1185964776247050241
1185964776339464192
1185964776620548096
1185964776750538753
1185964776930889729
1185964777304186881
1185964778063302656
1185964779967582209
1185964780055617539
1185964780462497800
1185964781225857024
1185964781485867008
1185964781674684417
1185964781854973952
1185964782190551040
1185964782504906752
1185964783700455427
1185964784048623616
1185964784908427264
1185964787873828864
1185964787970301954
1185964788150689795
1185964788402311170
1185964789333405706
1185964790721712135
1185964791233417223
1185964791535493121
1185964791698993152
1185964791719968769
1185964791791325184
1185964792634363904
1185964792852316160
1185964793263321090
1185964793490038785
1185964793703948290
1185964793787748352
1185964794312044544
1185964794815406080
1185964794924404736
1185964794953764865
1185964795239030784
1185964795725570053
1185964795788443649
1185964795973062657
1185964796031750144
1185964796098859011
1185964796233113601
1185964797579481088
1185964797604585472
1185964797659111430
1185964797722025987
1185964798359547910
1185964798737047553
1185964798799945728
1185964799311712263
1185964799584288769
1185964800049909762
1185964800242790400
1185964800276385794
1185964801060683776
1185964801526325249
1185964801836630018
1185964802348183552
1185964802411302912
1185964802625228801
1185964802788577286
1185964802839121920
1185964803057246209
1185964803162021888
1185964806639149058
1185964806861402114
1185964807800971276
1185964808044195840
1185964808128094208
1185964808253988864
1185964808576868352
1185964809210212352
1185964809864581121
1185964810019770370
1185964811244359682
1185964811831697408
1185964811835920384
1185964812779638785
1185964813152931846
1185964813370953729
1185964813417103362
1185964813459046400
1185964813601538048
1185964813912027138
1185964814897766401
1185964815279366146
1185964815447183365
1185964816244051969
1185964816894025728
1185964817196224512
1185964817208795139
1185964817842130946
1185964818060238849
1185964818097795072
1185964818383200256
1185964818395783169
1185964818550927363
1185964818571911169
1185964818764840961
1185964818865577984
1185964818924265472
1185964819226058752
1185964819599560704
1185964820618719232
1185964821017190400
1185964821075939329
1185964821730254848
1185964822741114881
1185964823013662720
1185964823470903298
1185964823697342465
1185964823726690304
1185964823978266624
1185964824448122881
1185964824758501376
1185964824821469187
1185964824938926083
1185964825530241024
1185964825710514183
1185964825819656193
1185964826222354435
1185964826784423942
1185964827136745472
1185964828147486720
1185964828244021248
1185964828306890754
1185964828516589568
1185964828688637958
1185964829485522951
1185964829724545024
1185964830391291904
1185964830467002368
1185964830664077313
1185964830831845381
1185964830840311808
1185964830844477441
1185964831486173185
1185964832719331328
1185964833264394240
1185964833415581699
1185964833419792386
1185964833524666369
1185964833537175555
1185964833738498049
1185964834174705664
1185964834707464192
1185964835575664640
1185964835797909505
1185964835974144001
1185964836884307968
1185964837865697287
1185964838301904896
1185964840550047744
1185964840898023424
1185964841091158017
1185964841426657280
1185964841649004544
1185964841669926915
1185964841720266753
1185964842445877249
1185964843762946048
1185964843804844033
1185964844098433026
1185964844165386240
1185964844333387776
1185964844756938752
1185964845369135104
1185964845855887363
1185964845906169857
1185964846317223939
1185964846325612545
1185964846661144576
1185964846791249920
1185964847160184832
1185964847177048067
1185964847193714688
1185964847776837632
1185964847873134592
1185964848338784256
1185964848468971520
1185964848502300672
1185964848779333635
1185964849261465606
1185964849404268544
1185964850519760896
1185964850914222081
1185964851316842514
1185964851429953537
1185964852029902849
1185964852138987521
1185964852705222657
1185964853401440260
1185964853443186688
1185964853485289472
1185964854806491139
1185964854873604097
1185964854982709248
1185964855796350990
1185964857071427584
1185964858270982150
1185964858384277505
1185964859097309184
1185964859537707019
1185964859956985857
1185964859969675264
1185964860212940805
1185964860330385413
1185964860376412160
1185964860523368451
1185964860535902209
1185964860758200322
1185964860804403202
1185964861303541762
1185964861898948609
1185964862721142785
1185964863249682433
1185964863870382080
1185964864222707714
1185964864445059072
1185964864730271745
1185964865778835467
1185964865883688962
1185964866080821248
1185964866479120384
1185964866848182273
1185964867389247488
1185964867754348545
1185964867922075650
1185964868295200768
1185964868320579586
1185964869054615554
1185964869650132997
1185964869721280513
1185964870409342977
1185964871000739840
1185964871319343105
1185964871579512833
1185964871697010689
1185964871835422721
1185964872384663553
1185964873252950016
1185964873336930305
1185964873689120769
1185964874255552513
1185964874402353152
1185964874603606023
1185964874666524672
1185964874876248066
1185964875153063941
1185964875236986885
1185964875438329857
1185964875589324800
1185964875794780162
1185964875975200769
1185964877568974849
1185964877820628993
1185964878156034048
1185964878286196736
1185964878449795072
1185964878541930496
1185964878974128131
1185964879976521733
1185964880802861057
1185964881184509953
1185964882606395394
1185964882618998785
1185964882769993735
1185964883239682049
1185964883369705472
1185964883881447427
1185964883915001858
1185964884074418176
1185964884846088194
1185964885043224576
1185964885269794816
1185964885924106241
1185964886884540416
1185964887643693057
1185964888058978305
1185964888218329093
1185964888256077825
1185964888428089344
1185964888692314113
1185964889044590593
1185964889275109376
1185964889971539968
1185964891754127361
1185964893125709826
1185964893217918978
1185964894883123202
1185964894971224065
1185964895386427398
