1185968922513891336
1185968922526474240
1185968923079929856
1185968923906367489
1185968924388679681
1185968924871004160
1185968925336637441
1185968925357441024
1185968925424701440
1185968926469038081
1185968926678802432
1185968927303553024
1185968927672881152
1185968929136615425
1185968929170219011
1185968932626337797
1185968932810739712
1185968932819066880
1185968932903100419
1185968933247094786
1185968933603610624
1185968933851013121
1185968934006251523
1185968934366801920
1185968934895398913
1185968937227489284
1185968937764175872
1185968937906982913
1185968938473218048
1185968938976514049
1185968939316273154
1185968940033478662
1185968940561899521
1185968940880666624
1185968940893249537
1185968940914216966
1185968940964634624
1185968941165957127
1185968941690245121
1185968942486966272
1185968943078481920
1185968943372132353
1185968943661486080
1185968944516980736
1185968944550682624
1185968945725169665
1185968946605805569
1185968946739957760
1185968947335585792
1185968948023644161
1185968948077924352
1185968948191383558
1185968948254085120
1185968948904452096
1185968948916948994
1185968949156073472
1185968949789429761
1185968950598782976
1185968951005794304
1185968951261646850
1185968951769096192
1185968952964288512
1185968953006407683
1185968953509593089
1185968953509724161
1185968954717720576
1185968955053068289
1185968955673985024
1185968955787218944
1185968956189954049
1185968957146181632
1185968957230112774
1185968957272014849
1185968957670313985
1185968957745967109
1185968959645814784
1185968959696375810
1185968960136716289
1185968961009176577
1185968961017516038
1185968961277612032
1185968961709576202
1185968962405720064
1185968962607161352
1185968962762354689
1185968964922499073
1185968965207638023
1185968965345873920
1185968965492838400
1185968965627068416
1185968965807411200
1185968966008737792
1185968966860066821
1185968967808159745
1185968967837466624
1185968968386797568
1185968968554598400
1185968968713957376
1185968968760201222
1185968969041223680
1185968969116729345
1185968969393426432
1185968969628426242
1185968969661870080
1185968969716420608
1185968969741754368
1185968969792020480
1185968969980796928
1185968971092299777
1185968971432038401
1185968971490529281
1185968972287463424
1185968973398953984
1185968973688573952
1185968973931786240
1185968974443532290
1185968974447677443
1185968974628032518
1185968975110377472
1185968975491911680
1185968975559176194
1185968976263647232
1185968976427274240
1185968976586825729
1185968976888827904
1185968977014677506
1185968977039843328
1185968978625257473
1185968979212414976
1185968979334090752
1185968981116628999
1185968981124902912
1185968981196316674
1185968981754208256
1185968983108923392
1185968984165740544
1185968985436639232
1185968985688432645
1185968985826836482
1185968985889804290
1185968986439204864
1185968986841698304
1185968986934132736
1185968987005435904
1185968987064037376
1185968987919785984
1185968989257773058
1185968989454962695
1185968989916336129
1185968990302199808
1185968990499332101
1185968991975673857
1185968992319492097
1185968993137508354
1185968993254957059
1185968993355436032
1185968993645072384
1185968994198675457
1185968994211319810
1185968994416758784
1185968994475560960
1185968994819272705
1185968994840432640
1185968994848858112
1185968994852855808
1185968994857246721
1185968994966216704
1185968995356368897
1185968995704496129
1185968995750567949
1185968995947745280
1185968995960119297
1185968996052590597
1185968996140670976
1185968996971110404
1185968997210185730
1185968997621227521
1185968997629644800
1185968998229237760
1185968998430720005
1185968998967644162
1185969000183812096
1185969000305614850
1185969002352463873
1185969002377551872
1185969002419511296
1185969002679394304
1185969002964770816
1185969002994192386
1185969003287793671
1185969004327899136
1185969004827041795
1185969005317836800
1185969005703467010
1185969006693322752
1185969006810816512
1185969007263809536
1185969007440154626
1185969007809028097
1185969008702578690
1185969008765526017
1185969009172332545
1185969009340174336
1185969011420323841
1185969011453906944
1185969011462492160
1185969011747708928
1185969011860729857
1185969012582338563
1185969012993339403
1185969013278597120
1185969013790334978
1185969013836439554
1185969014151008257
1185969015480553472
1185969015577071618
1185969015648374785
1185969015698493440
1185969015749070848
1185969016579481600
1185969016839426048
1185969017015676931
1185969017711820800
1185969017741348864
1185969018206863361
1185969018425004033
1185969018986995712
1185969018991042561
1185969019582648320
1185969019754598401
1185969020408872960
1185969020752805889
1185969020945649666
1185969021079953416
1185969021323055106
1185969021637812224
1185969022619279370
1185969022774497281
1185969022875115527
1185969023135019010
1185969023164522498
1185969024531865601
1185969024636784640
1185969024720613377
1185969025215541250
1185969025479778311
1185969025760813064
1185969025978982401
1185969025995673602
1185969026876334080
1185969028348764162
1185969028554035201
1185969028730212353
1185969028948316160
1185969028960940032
1185969029413949441
1185969029573271552
1185969029665570816
1185969030420500481
1185969030835908609
1185969031200890880
1185969031381057536
1185969032215891969
1185969032589119488
1185969032656232460
1185969033205702673
1185969033826504704
1185969034203992064
1185969034371579906
1185969034858250240
1185969034942189568
1185969035021668352
1185969035093168128
1185969035168636929
1185969035214802945
1185969035701313536
1185969035705540609
1185969035973935104
1185969036737339393
1185969036863180801
1185969036997214209
1185969038394118145
1185969038557634563
1185969040214364160
1185969040612888576
1185969042995208192
1185969043892789249
1185969044165480448
1185969044677152769
1185969045012733952
1185969045025296385
1185969046161895424
1185969046597951488
1185969047080488961
1185969047562850308
1185969048095469568
1185969048422682624
1185969049341190144
1185969049387327488
1185969049462853633
1185969050440159233
1185969050809073664
1185969050838417408
1185969051216089088
1185969051291607047
1185969052201771009
1185969052893638658
1185969052927381504
1185969053250265088
1185969053325762561
1185969053375987713
1185969053598437377
1185969054454108160
1185969054579855365
1185969055263580161
1185969055758344192
1185969057423642625
1185969057536851968
1185969057784315908
1185969057805275144
1185969057817907201
1185969057830449153
1185969058132312064
1185969058199429120
1185969058220400642
1185969058379784192
1185969059738861568
1185969059751350274
1185969060510609408
1185969061147992065
1185969061567574018
1185969061592797184
1185969061810839553
1185969062968475653
1185969063748603906
1185969064042225665
1185969064394579969
1185969064847564803
1185969065074053120
1185969065753489408
1185969065820475393
1185969066680426497
1185969067309621248
1185969068043624448
1185969068307832832
1185969068567744512
1185969068983181312
1185969069121425408
1185969069352202241
1185969069469687808
1185969070635507713
1185969071067713536
1185969071218671620
1185969072393068545
1185969072757862401
1185969073215213569
1185969073449922560
1185969073898868738
1185969074125324289
1185969074209079296
1185969074490281985
1185969074863562752
1185969075358326784
1185969076293771264
1185969076318769152
1185969076360884231
1185969077187203072
1185969078541934593
1185969078663614472
1185969079007490049
1185969079091433477
1185969079229640705
1185969079372267520
1185969079917666304
1185969081062699019
1185969081704468482
1185969082581110784
1185969083034017792
1185969083251974144
1185969083721945088
1185969085210857473
1185969085240217600
1185969085496119299
1185969085504458753
1185969085810696193
1185969086162984967
1185969086410313728
1185969086968283138
1185969087404498945
1185969087693938688
1185969089006710787
1185969089099059200
1185969089656676352
1185969089707159552
1185969090323574784
1185969090567069702
1185969091250663424
1185969091468619776
1185969092253159424
1185969094241280001
1185969094857805824
1185969095029575681
1185969095499550722
1185969095839117312
1185969095956746240
1185969096279707648
1185969096334237701
1185969099249201153
1185969099794472961
1185969100163559427
1185969100381659137
1185969101052792832
1185969101648420864
1185969102394933249
1185969102415790080
1185969103510654976
1185969106119462912
1185969106685775873
1185969107977551878
1185969108141203457
1185969108476579840
1185969108573216770
1185969109290250240
1185969110515097601
1185969110607421440
1185969111135899649
1185969111563669505
1185969111790182405
1185969112222179328
1185969112369061888
1185969112557740033
1185969112775720960
1185969112918511617
1185969113237217280
1185969113384017920
1185969113799086080
1185969114231255040
1185969114805866497
1185969115221168129
1185969115548323841
1185969116265381890
1185969116730937344
1185969117976768513
1185969118085898240
1185969118719217664
1185969120732467200
1185969121604845568
1185969121873186816
1185969121911037953
1185969122200477700
1185969122720378880
1185969123286761473
1185969123622379520
1185969124029206528
1185969125228765185
1185969125836771328
1185969125866127360
1185969126797463553
1185969127204237312
1185969127225266177
1185969127489523714
1185969128118439936
1185969128747589632
1185969129385332737
1185969129515343879
1185969129540521984
1185969129720897536
1185969130102505475
1185969131511664640
1185969131817971713
1185969132593922048
1185969132895756288
1185969133504126983
1185969133663539200
1185969134129025024
1185969134145851394
1185969134275837969
1185969134456188928
1185969134716235777
1185969135282479106
1185969136133791745
1185969137329283075
1185969137396391941
1185969137404788737
1185969138033971202
1185969138998697985
1185969139090767873
1185969139652972545
1185969139715858433
1185969140093177856
1185969141326462977
1185969142358261760
1185969142672826368
1185969143692103681
1185969143843041284
1185969144254160896
1185969144556150788
1185969144568729601
1185969145252327424
1185969145424285697
1185969146913275905
1185969148121227264
1185969148511358976
1185969149182267392
1185969149333233664
1185969149807353857
1185969149845164035
1185969150226771969
1185969150243561475
1185969151539601408
1185969151925510147
1185969152684511232
1185969153842143232
1185969153871699968
1185969153993166848
1185969154110697472
1185969154228129792
1185969154840547328
1185969154890727425
1185969155008151552
1185969155012468737
1185969155117158400
1185969155171700736
1185969155989622786
1185969156262387712
1185969156518232064
1185969157478768641
1185969158477012993
1185969158925635584
1185969159080943616
1185969159643041793
1185969159890358272
1185969160024662017
1185969160817385473
1185969161303986178
1185969161362493440
1185969162021199874
1185969162029535233
1185969162423865347
1185969163568910336
1185969164864950272
1185969166630739974
1185969166899187713
1185969168039809024
1185969168044253185
1185969168048361484
1185969168434286594
1185969168501354497
1185969169189220352
1185969169268756480
1185969170090999809
1185969170174894082
1185969170523054082
1185969171210702848
1185969171257057280
1185969171848294400
1185969171969953792
1185969171995222017
1185969172939005952
1185969173190643712
1185969173429547008
1185969173597446144
1185969173626851334
1185969173828112384
1185969174297923585
1185969175690276865
1185969175715602432
1185969175765966853
1185969176357158912
1185969176629972993
1185969176906813440
1185969176948555776
1185969178630676481
1185969181507776512
1185969183286353921
1185969183302934528
1185969183307325440
1185969183466688514
1185969183525199873
1185969184607371265
1185969184879992832
1185969185165168646
1185969185370734592
1185969187166064641
1185969187723849729
1185969188411559936
1185969188864712707
1185969188873129984
1185969189170958337
1185969189292593158
1185969189649108994
1185969190114676737
1185969191804788736
1185969192639619072
1185969192694157312
1185969193742503937
1185969193826607106
1185969194094886917
1185969194736803844
1185969195147763715
1185969195625746432
1185969196192190465
1185969196271751168
1185969197215412224
1185969198041686016
1185969198167662593
1185969198272352256
1185969199824408577
1185969200155840512
1185969200541716480
1185969200562626560
1185969202001301504
1185969202802413568
1185969203255185408
1185969204366733312
1185969204597538821
1185969204668882944
1185969205033623553
1185969205318959106
1185969205327417344
1185969205495128065
1185969205713108992
1185969205914591234
1185969205994278914
1185969206820528130
1185969207923630081
1185969208103854080
1185969208259239937
1185969208271802368
1185969208510894082
1185969208942829569
1185969209206984705
1185969210003988481
1185969210905653248
1185969211232935936
1185969211484426240
1185969212440940544
1185969212864548867
1185969212973551616
1185969213002772480
1185969215162990595
1185969216102522880
1185969216962347009
1185969217159532546
1185969217746735104
1185969222381441024
1185969222733578241
1185969222863769600
1185969222893129729
1185969223216062469
1185969223442534405
1185969223996186625
1185969224071745537
1185969224788992000
1185969226986803200
1185969227112603649
1185969227364220934
1185969227481702400
1185969227553038337
1185969228542812160
1185969228849078272
1185969229696327680
1185969230216339457
1185969230728060931
1185969230862094337
1185969231663259648
1185969232313380865
1185969232523210754
1185969232640692225
1185969234070986752
1185969235685789698
1185969236717514757
1185969237992574978
1185969238563000326
1185969238919602177
1185969239238119424
1185969244489601024
1185969245710106628
1185969246360297472
1185969246695809030
1185969246733385728
1185969247433961472
1185969248612618240
1185969248939794435
1185969249178673152
1185969250432880646
1185969250881679363
1185969252207124481
1185969252236312577
1185969252425031680
1185969253356195840
1185969253649924096
1185969255340220417
1185969255428177922
1185969255952650241
1185969256011386880
1185969256065896448
1185969257063927809
1185969257219268608
1185969257517072391
1185969260411138048
1185969260855730176
1185969261895917568
1185969262265077765
1185969262390730753
1185969263456276480
1185969264718536704
1185969264748093440
1185969266538893312
1185969266983624707
1185969267122102272
1185969267700895745
1185969268082597888
1185969269026123776
1185969269445681153
1185969270087401472
1185969270372683777
1185969271530295297
1185969272259928070
1185969272301989889
1185969272423682048
1185969272528334848
1185969272922824704
1185969274524971008
1185969276236091392
1185969276823461894
1185969276882161670
1185969277133713408
1185969277461061632
1185969277721104386
1185969277746241536
1185969278203420673
1185969278308233216
1185969279184719872
1185969279369433088
1185969279793074176
1185969280279633921
1185969283530153986
1185969283643379713
1185969283697991681
1185969284138160128
1185969286352982017
1185969287678349312
1185969288202592256
1185969288668205062
1185969289313914880
1185969289737703427
1185969289746096128
1185969290186514434
1185969290870165510
1185969291457265665
1185969291507535872
1185969292069785602
1185969292904411138
1185969294150123520
1185969294556971015
1185969296628994049
1185969296633225216
1185969296981352448
1185969298097016834
1185969298340057089
1185969299640475649
1185969300181532672
1185969300303015938
1185969300663873543
1185969300978438145
1185969301246939136
1185969301318180864
1185969301494226944
1185969302169640962
1185969302731657216
1185969303352311808
1185969303432118273
1185969303734177792
1185969305353179138
1185969305483169795
1185969307957768192
1185969308716933120
1185969309224521728
1185969309228523520
1185969309530689537
1185969309534871553
1185969310981750784
1185969311241981957
1185969311426347009
1185969311770447875
1185969312252809216
1185969312751915009
1185969312772825088
1185969314022776832
1185969314211479552
1185969314630918146
1185969315155193857
1185969315977187328
1185969316375810056
1185969316430266368
1185969316593917952
1185969317059407872
1185969319114661888
1185969320519753728
1185969320666583040
1185969320897200129
1185969321417170944
1185969321484455937
1185969321513762817
1185969321559891968
1185969321757032449
1185969321907904512
1185969322474266624
1185969323287801857
1185969324311359488
1185969324898607110
1185969328627376128
1185969328929198081
1185969329054965760
1185969329231122433
1185969329701031939
1185969330065948673
1185969330162458624
1185969330309206028
1185969331152281608
1185969333702287362
1185969333715066880
1185969333916327936
1185969334054805510
1185969334298009600
1185969334381924354
1185969335120138243
1185969335774433282
1185969335782780933
1185969335812136960
1185969336835624961
1185969337611493376
1185969338521718786
1185969339301875712
1185969339444252672
1185969339444252673
1185969340199424000
1185969341503639553
1185969341579182082
1185969341629644802
1185969342061711363
1185969342091059206
1185969342724366336
1185969342976086016
1185969342996996097
1185969343231860741
1185969343248687104
1185969343278080003
1185969343366078464
1185969343881977857
1185969343953362946
1185969344272048128
1185969344544526336
1185969344712531969
1185969345194844160
1185969345450655745
1185969345547161602
1185969346578796544
1185969347086434306
1185969348084715521
1185969348785123328
1185969348906606592
1185969349632200704
1185969349783240704
1185969350097985536
1185969350869692416
1185969351171723266
1185969351507218434
1185969352098496512
1185969352337739776
1185969354330038272
1185969354640216064
1185969355458088960
1185969355726774273
1185969356309532672
1185969356360028165
1185969356607545344
1185969358004203520
1185969358058721281
1185969358486560773
1185969359304495104
1185969359379976192
1185969360117985280
1185969360378183680
1185969360403386369
1185969360910766081
1185969361154199553
1185969361590411266
1185969361909104640
1185969362051780610
1185969363297263617
1185969363599417345
1185969363876302848
1185969364027269121
1185969364161437697
1185969365163925507
1185969365868523520
1185969365897773056
1185969366095015936
1185969366451523584
1185969366451544065
1185969366589935616
1185969367328145409
1185969367386935297
1185969368485826560
1185969368947187717
1185969369257349120
1185969369299542016
1185969370561953793
1185969370767466502
1185969371128193025
1185969371295965184
1185969371312603136
1185969371312726017
1185969371530878977
1185969371937562625
1185969372021645317
1185969372323598337
1185969372558442498
1185969373368012800
1185969373858750464
1185969374030643200
1185969374072463360
1185969374160572416
1185969374311714821
1185969374542344193
1185969374592671746
1185969375272210432
1185969376308137984
1185969377780350980
1185969378782695427
1185969379042906112
1185969379353268225
1185969379881738247
1185969379994984448
1185969380749959168
1185969380921892865
1185969381777510401
1185969381806788608
1185969382826094593
1185969383602053122
1185969383753093122
1185969384474497031
1185969385103474688
1185969385464315905
1185969385510461440
1185969385837649921
1185969386064154624
1185969386638626816
1185969386932375552
1185969389096579072
1185969389482512390
1185969391516581889
1185969391764033536
1185969392267550720
1185969392292679680
1185969392414273541
1185969392510738435
1185969392552681473
1185969392997339137
1185969393123000320
1185969393873936384
1185969394591002624
1185969394700046336
1185969394750541827
1185969395161554946
1185969396042391552
1185969396201803777
1185969396835115008
1185969397489455104
1185969397803950080
1185969398999158785
1185969399741767680
1185969400026939393
1185969400874061824
1185969400937095169
1185969401012674565
1185969401415241729
1185969402291712000
1185969402665033728
1185969403617087488
1185969403638276096
1185969404032487426
1185969404611354625
1185969404665892865
1185969405664075778
1185969406695731200
1185969407404568577
1185969407543201792
1185969407656448000
1185969408293949445
1185969408331649024
1185969408788910081
1185969408814014465
1185969410617548801
1185969410722254850
1185969411481636865
1185969411494051840
1185969411888504832
1185969412752457730
1185969415008817153
1185969415340384261
1185969415365517313
1185969415457824770
1185969418205126657
1185969419639574530
1185969421325623296
1185969422369996801
1185969422571319296
1185969423284428803
1185969424542699520
1185969424563658753
1185969424651771906
1185969425662517249
