1185951306537676800
1185951306541862914
1185951306545938432
1185951306739015680
1185951306860711944
1185951306973884416
1185951307137372160
1185951307200229376
1185951307212849152
1185951307213033475
1185951307384774658
1185951307481387008
1185951307548545025
1185951307556966400
1185951307611422720
1185951307758276610
1185951307779039232
1185951307816943617
1185951308072701952
1185951308118929408
1185951308207050752
1185951308219604993
1185951308253147137
1185951308278185990
1185951308412575745
1185951308437549056
1185951308500602882
1185951308739698688
1185951308760715264
1185951308878143488
1185951308936818689
1185951308970385409
1185951309079465986
1185951309083623425
1185951309146611712
1185951309330911232
1185951309377261570
1185951309402263552
1185951309486153729
1185951309507289089
1185951309561643009
1185951309586993152
1185951309641519104
1185951309654102018
1185951309696028673
1185951309708566535
1185951309813506053
1185951310014746624
1185951310056693761
1185951310107107330
1185951310119604225
1185951310270496770
1185951310283034625
1185951310320820224
1185951310333517824
1185951310333579264
1185951310400643072
1185951310505533441
1185951310518128641
1185951310572449794
1185951310580981761
1185951310593445888
1185951310748749832
1185951310761340928
1185951310857809922
1185951311004667909
1185951311042355200
1185951311042433024
1185951311054983168
1185951311109513216
1185951311134711809
1185951311289835522
1185951311415648258
1185951311549911042
1185951311663194113
1185951311667138560
1185951311675695104
1185951311684161538
1185951311767973888
1185951311805767680
1185951311822512131
1185951311864455169
1185951311935627264
1185951311939981313
1185951312069967877
1185951312078364674
1185951312149659648
1185951312279736322
1185951312355172353
1185951312422330369
1185951312489439232
1185951312522993664
1185951312648650752
1185951312678027264
1185951312757714944
1185951312791261184
1185951312808009728
1185951312824979456
1185951312908898304
1185951312980119552
1185951313131163654
1185951313261142016
1185951313265418240
1185951313416183813
1185951313416392704
1185951313550626817
1185951313579925504
1185951313626107904
1185951313659645953
1185951313919643648
1185951313936306176
1185951314036969479
1185951314104201216
1185951314112647169
1185951314192338945
1185951314209099776
1185951314230104065
1185951314322309123
1185951314385219584
1185951314582355968
1185951314662043648
1185951314787762177
1185951314808885249
1185951314888609792
1185951314930556928
1185951314947248131
1185951315081474049
1185951315089907723
1185951315194720256
1185951315198926853
1185951315207360512
1185951315261833217
1185951315505172488
1185951315530260481
1185951315668717568
1185951315698094080
1185951315719004160
1185951315865804800
1185951315899359234
1185951315974873088
1185951316058804226
1185951316075515904
1185951316134289410
1185951316247535617
1185951316251758592
1185951316314644480
1185951316364988418
1185951316419502080
1185951316553555970
1185951316570443783
1185951316658589698
1185951316729876490
1185951316872515584
1185951317212172289
1185951317232996353
1185951317258362881
1185951317321310208
1185951317413511168
1185951317459521536
1185951317472239617
1185951317807644673
1185951317900050434
1185951318109802496
1185951318176915456
1185951318281723904
1185951318294355971
1185951318315159553
1185951318323748865
1185951318365655042
1185951318483066882
1185951318600552449
1185951318973784064
1185951319007354891
1185951319015809024
1185951319019773952
1185951319103803392
1185951319112200193
1185951319191781377
1185951319204384769
1185951319292559367
1185951319300939778
1185951319401619457
1185951319409995781
1185951319472967680
1185951319565012992
1185951319598780418
1185951319695265792
1185951319842050048
1185951320127266816
1185951320286609410
1185951320357781505
1185951320374743041
1185951320437612544
1185951320567533568
1185951320638967809
1185951320710230017
1185951320802500608
1185951320965955584
1185951321108684806
1185951321167261696
1185951321247113216
1185951321326804992
1185951321339375617
1185951321482055681
1185951321670553601
1185951321796567045
1185951321872109573
1185951321985298436
1185951322006327304
1185951322018856960
1185951322253791233
1185951322287362055
1185951322308259842
1185951322538946561
1185951322631262208
1185951322648072192
1185951322794651648
1185951322958262273
1185951322974982144
1185951323059044353
1185951323101028358
1185951323180752896
1185951323256213521
1185951323289731073
1185951323629510658
1185951323805622279
1185951323860164608
1185951323952254981
1185951324095074312
1185951324099239936
1185951324103266304
1185951324220866560
1185951324279660545
1185951324321521668
1185951324657065984
1185951324732559362
1185951324732579841
1185951324741029889
1185951324929527808
1185951325026021377
1185951325101518849
1185951325139263488
1185951325139456001
1185951325210759169
1185951325227339776
1185951325261049856
1185951325261094913
1185951325370175488
1185951325449805824
1185951325458255872
1185951325567115264
1185951325600673792
1185951325672148993
1185951325709914112
1185951325760176131
1185951325999292418
1185951326343053312
1185951326393421824
1185951326431301640
1185951326506647552
1185951326552805376
1185951326624071680
1185951326804566017
1185951327031103488
1185951327123378176
1185951327257387008
1185951327534362624
1185951327735693312
1185951327777677313
1185951327962185730
1185951328008376321
1185951328046071808
1185951328067043329
1185951328075431936
1185951328088014849
1185951328100593665
1185951328113065985
1185951328138223616
1185951328276746241
1185951328427790336
1185951328436137985
1185951328524259330
1185951328620728323
1185951328779915264
1185951328792649728
1185951329031806977
1185951329048502272
1185951329073717249
1185951329191186432
1185951329216131074
1185951329232965632
1185951329266651143
1185951329287655424
1185951329295970306
1185951329467940865
1185951329564233728
1185951329631514626
1185951329635749888
1185951329648304129
1185951329828659201
1185951329832882176
1185951329866440705
1185951329967063040
1185951330063527936
1185951330378100737
1185951330445099008
1185951330461990913
1185951330499584006
1185951330508197890
1185951330537484291
1185951330629640193
1185951330646609920
1185951330650787840
1185951330793218048
1185951330839552007
1185951330873069569
1185951330881495042
1185951330935771136
1185951330986319874
1185951331061657600
1185951331107921921
1185951331145736192
1185951331212812288
1185951331372195841
1185951331413983232
1185951331611271169
1185951331678392322
1185951331690930176
1185951331703492609
1185951331745456130
1185951331808399361
1185951332001124352
1185951332093566982
1185951332211015681
1185951332219457537
1185951332555022337
1185951332584300544
1185951332617850881
1185951333129555968
1185951333133750274
1185951333150531586
1185951333175742464
1185951333305569280
1185951333377069056
1185951333452529666
1185951333519712256
1185951333729423360
1185951333821624323
1185951334127849472
1185951334132047873
1185951334463229953
1185951334689726464
1185951334694031361
1185951334748565507
1185951334840729600
1185951334891020290
1185951334903767040
1185951334983503872
1185951335004270593
1185951335004430337
1185951335008669696
1185951335021236227
1185951335234990080
1185951335302213632
1185951335310606336
1185951335449006085
1185951335469989890
1185951335528779776
1185951335625084928
1185951335646138368
1185951335704924162
1185951335742619648
1185951335826501633
1185951335948128257
1185951335977570304
1185951336032063489
1185951336036212737
1185951336132681729
1185951336312889344
1185951336463921152
1185951336698957824
1185951336828944384
1185951336912830464
1185951337021874178
1185951337105653760
1185951337239855105
1185951337240023040
1185951337281916928
1185951337281916929
1185951337470726146
1185951337525186560
1185951337542017026
1185951337550417922
1185951337827176448
1185951337856540672
1185951337894367232
1185951338003255296
1185951338116435970
1185951338275819521
1185951338540212224
1185951338657734657
1185951338661851137
1185951338884153346
1185951338934472706
1185951338976268288
1185951339064549387
1185951339072933889
1185951339085328384
1185951339383160832
1185951339400126464
1185951339496562690
1185951339509100545
1185951339655897088
1185951339777531904
1185951339861270533
1185951339978903552
1185951339995717632
1185951340121460738
1185951340129853444
1185951340217995266
1185951340289282049
1185951340301824000
1185951340314451979
1185951340419276800
1185951340444274688
1185951340528205825
1185951340561911808
1185951340654186497
1185951340679163904
1185951340683497472
1185951340859658245
1185951340910039040
1185951340964515841
1185951341023289345
1185951341258203136
1185951341295915009
1185951341400580096
1185951341681790981
1185951341681795072
1185951341694332929
1185951341866147843
1185951341929218061
1185951341933408261
1185951341941870592
1185951341975351296
1185951342000361474
1185951342076014593
1185951342185111553
1185951342231207944
1185951342399016960
1185951342533206016
1185951342629658626
1185951343040749569
1185951343095287808
1185951343124586496
1185951343149756421
1185951343313330177
1185951343330152448
1185951343397216257
1185951343632146437
1185951343728627714
1185951343783096321
1185951343812501504
1185951344022249473
1185951344038993920
1185951344110297089
1185951344147877888
1185951344169017344
1185951344231882753
1185951344294842368
1185951344311582720
1185951344336736257
1185951344365953024
1185951344714227714
1185951344768835584
1185951344936542208
1185951345012023300
1185951345108496385
1185951345230204930
1185951345255170053
1185951345263566849
1185951345347616770
1185951345376972800
1185951345414721537
1185951345427308544
1185951345569865730
1185951345611640832
1185951345666334720
1185951345716715521
1185951345791995904
1185951345846538241
1185951346035326976
1185951346060607491
1185951346257780744
1185951346303946758
1185951346308067328
1185951346329083904
1185951346387771392
1185951346387832835
1185951346429779969
1185951346555441152
1185951346689826816
1185951346698047488
1185951346928898050
1185951347025334273
1185951347033530370
1185951347084091393
1185951347243409408
1185951347293638657
1185951347360882690
1185951347407048706
1185951347411226624
1185951347511824384
1185951347759288320
1185951347914395649
1185951347985666048
1185951348082167808
1185951348107501568
1185951348120047616
1185951348140851200
1185951348329574400
1185951348350767104
1185951348594036736
1185951348627509248
1185951348761726977
1185951348853858304
1185951348916928512
1185951348963139586
1185951348979879938
1185951349004996609
1185951349063634944
1185951349088964611
1185951349126643712
1185951349160038403
1185951349608984576
1185951349688524800
1185951349730504704
1185951349860634626
1185951349894025216
1185951349919375361
1185951349961351168
1185951350095376384
1185951350137479168
1185951350191820802
1185951350271696896
1185951350322061312
1185951350414348288
1185951350498168832
1185951350519152640
1185951350619852800
1185951350632222720
1185951350733135874
1185951350909296641
1185951351009894401
1185951351026655233
1185951351085424640
1185951351118946309
1185951351135703040
1185951351181860864
1185951351219642369
1185951351257403393
1185951351290957832
1185951351324532736
1185951351462871041
1185951351647473664
1185951351664205824
1185951351693553664
1185951351735369730
1185951351903342597
1185951352058454016
1185951352066904064
1185951352100474881
1185951352117178370
1185951352159199232
1185951352192749568
1185951352259862528
1185951352268001280
1185951352448569350
1185951352477962240
1185951352545042433
1185951352603762690
1185951352838639617
1185951352851177473
1185951352859611142
1185951352863612928
1185951352889004034
1185951352972697600
1185951353165746176
1185951353375526913
1185951353429868544
1185951353450979329
1185951353488789505
1185951353547321344
1185951353643917312
1185951353815928832
1185951353971060738
1185951354050605057
1185951354071633921
1185951354084188160
1185951354176581635
1185951354243764225
1185951354453417987
1185951354482810882
1185951354508005377
1185951354524585984
1185951354562347008
1185951354625253376
1185951354944020480
1185951354998669313
1185951355002855426
1185951355053236231
1185951355065602049
1185951355149733889
1185951355174903808
1185951355183210498
1185951355183271937
1185951355359420417
1185951355665403906
1185951355707383808
1185951355837583360
1185951356038680576
1185951356147896320
1185951356328300544
1185951356374392832
1185951356441563140
1185951356491878400
1185951356537860097
1185951356907151371
1185951357041135616
1185951357062266881
1185951357125025793
1185951357284409344
1185951357422882817
1185951357485944832
1185951357494288384
1185951357498470403
1185951357544493057
1185951357582413824
1185951357704032256
1185951357704069122
1185951357787869184
1185951357787951104
1185951357825511424
1185951357976449024
1185951358026997760
1185951358043721728
1185951358089945089
1185951358123495424
1185951358169600000
1185951358203154433
1185951358505148427
1185951358593175554
1185951358647590914
1185951358739980290
1185951358790389760
1185951358798557184
1185951358806982656
1185951358827950080
1185951359033585665
1185951359054561280
1185951359121743874
1185951359155298305
1185951359188787203
1185951359767666688
1185951359880880135
1185951359927029765
1185951360027693057
1185951360090398720
1185951360136765440
1185951360224759808
1185951360627433473
1185951360677642240
1185951360690376706
1185951360774279170
1185951360782610433
1185951360799268864
1185951360799432706
1185951360937680902
1185951360958771201
1185951361046847489
1185951361093062667
1185951361114034178
1185951361223008258
1185951361248063488
1185951361252245504
1185951361336332290
1185951361428529154
1185951361474666497
1185951361508229123
1185951361655099397
1185951361701175296
1185951361751384066
1185951361785040896
1185951361797705728
1185951361877368833
1185951361898352640
1185951361977999361
1185951362032386048
1185951362091106304
1185951362095419392
1185951362116395010
1185951362141454336
1185951362154143745
1185951362200363008
1185951362254852101
1185951362296635394
1185951362313527296
1185951362389069824
1185951362414071808
1185951362695057408
1185951362871246848
1185951362913226752
1185951363261521925
1185951363366301701
1185951363395665920
1185951363467038721
1185951363529957376
1185951363706081282
1185951363760394240
1185951363819360256
1185951363982864385
1185951363991257094
1185951364138094592
1185951364263878657
1185951364494561285
1185951364536524801
1185951364603699202
1185951364654010376
1185951364670775296
1185951364716945408
1185951364842754050
1185951364922384386
1185951364926492672
1185951365002125312
1185951365132177408
1185951365203410951
1185951365240983554
1185951365262118914
1185951365270556672
1185951365354254342
1185951365413126144
1185951365442486273
1185951365534814213
1185951365551579137
1185951365702586377
1185951365748670466
1185951365903912961
1185951365941682177
1185951366042324994
1185951366096703488
1185951366096805891
1185951366130225152
1185951366193336325
1185951366218506242
1185951366222450688
1185951366256168961
1185951366398779393
1185951366465966080
1185951366478327808
1185951366512103426
1185951366549790723
1185951366591778817
1185951366675664897
1185951366767759360
1185951366839181314
1185951366897786880
1185951366897786881
1185951367078301697
1185951367166398465
1185951367246024704
1185951367518666759
1185951367547932673
1185951367745167361
1185951367845818369
1185951367866830849
1185951367891845120
1185951367975899136
1185951368000860160
1185951368319852545
1185951368575668224
1185951368605061121
1185951368659558400
1185951368793726979
1185951368839712769
1185951368860880898
1185951368961351680
1185951369078943746
1185951369099915270
1185951369292726272
1185951369347256320
1185951369473265667
1185951369527791625
1185951369552977920
1185951369573928962
1185951369586495489
1185951369712279552
1185951369896873996
1185951369930391553
1185951370039513090
1185951370148483074
1185951370194501633
1185951370320453632
1185951370379087872
1185951370387640320
1185951370412728323
1185951370492465152
1185951370534215680
1185951370664431617
1185951370769289216
1185951370806882306
1185951370840543233
1185951370903461897
1185951371020910592
1185951371037728768
1185951371062845440
1185951371113172993
1185951371129962496
1185951371197112320
1185951371205496832
1185951371218083842
1185951371281031168
1185951371293421568
1185951371444359168
1185951371461382144
1185951371796697088
1185951371826094081
1185951372027535360
1185951372119855107
1185951372136632328
1185951372220518400
1185951372245553154
1185951372329402374
1185951372430192641
1185951372442787841
1185951372539088896
1185951372736380929
1185951372837085188
1185951372891447296
1185951372933550080
1185951372983853057
1185951373256474625
1185951373407313920
1185951373608677377
1185951373717889026
1185951373822742528
1185951374099570688
1185951374263181313
1185951374355369985
1185951374418202624
1185951374443462656
1185951374472859648
1185951374519029760
1185951374594531334
1185951374674026498
1185951374799974400
1185951374862934018
1185951374892130310
1185951374925795328
1185951375005499394
1185951375068422146
1185951375118815232
1185951375156334593
1185951375324114944
1185951375362084864
1185951375370444805
1185951375487840258
1185951375609470976
1185951375622135809
1185951375718531072
1185951375802286080
1185951375919931397
1185951375949217792
1185951376087511045
1185951376246919168
1185951376247005184
1185951376255471616
1185951376498667520
1185951376574238720
1185951376683257857
1185951376737591296
1185951376813232128
1185951376930684931
1185951377194999809
1185951377232728065
1185951377257828352
1185951377333243904
1185951377442385920
1185951377484333057
1185951377492602881
1185951377496911873
1185951377530355713
1185951377870114817
1185951377886982147
1185951377954131969
1185951378063155201
1185951378193051650
1185951378310651904
1185951378360950785
1185951378549755904
1185951378595864576
1185951378599890944
1185951378633580544
1185951378662780928
1185951378776248322
1185951378818113537
1185951378864164865
1185951379136712704
1185951379149508608
1185951379220652032
1185951379262705666
1185951379321475072
1185951379455696900
1185951379468226563
1185951379493441537
1185951379627614213
1185951379917017088
1185951380143595520
1185951380206276608
1185951380294508547
1185951380508250112
1185951380856606725
1185951380986646532
1185951381087145984
1185951381137625090
1185951381208875009
1185951381368299521
1185951381838090242
1185951382140051459
1185951382442074114
1185951382467174401
1185951382475554816
1185951382529929216
1185951382639202306
1185951382701891585
1185951382706085888
1185951382823718915
1185951382836142081
1185951383029084160
1185951383100542977
1185951383163293697
1185951383255732224
1185951383327072257
1185951383331188741
1185951383389904897
1185951383473786880
1185951383477989377
1185951383549366274
1185951383578648581
1185951383624781825
1185951383666737153
1185951383683514369
1185951383779864577
1185951383897415686
1185951383935045632
1185951384006361088
1185951384056844288
1185951384182624257
1185951384283123712
1185951384300077056
1185951384358793218
1185951384384016384
1185951384459534342
1185951384652386305
1185951384811769858
1185951384929222656
1185951384975237122
1185951385017303040
1185951385067642880
1185951385159757825
1185951385193349121
1185951385243832321
1185951385268948994
1185951385361235969
1185951385382092801
1185951385411604480
1185951385449385989
1185951385453510657
1185951385512267776
1185951385583587329
1185951385675862016
1185951385713627139
1185951385738797056
1185951385772269568
1185951385906364419
1185951385910689792
1185951385927458818
1185951386091085825
1185951386317381632
1185951386334355456
1185951386875256832
1185951386946752514
1185951386967691265
1185951387064193025
1185951387110330370
1185951387139694594
1185951387341000706
1185951387361759232
1185951387370303490
1185951387424821248
1185951387533959168
1185951387546509313
1185951387554910209
1185951387634618369
1185951387676561410
1185951387697303553
1185951387726819328
1185951387953311745
1185951387991101440
1185951388095909888
1185951388356042752
1185951388578258944
1185951388628467712
1185951388645416961
1185951388662145024
1185951388670578693
1185951388750286848
1185951388783824898
1185951388850769920
1185951389056405507
1185951389081657345
1185951389106819073
1185951389215686656
1185951389224013825
1185951389257621505
1185951389371043841
1185951389492613122
1185951389567963136
1185951389580779521
1185951389874343938
1185951389958037504
1185951390092451846
1185951390113382400
1185951390298005504
1185951390419562496
1185951390427947008
1185951390440411136
1185951390503444481
1185951390507720704
1185951390545469442
1185951390574743552
1185951390729998336
1185951391111618565
1185951391124246533
1185951391157805058
1185951391287779328
1185951391354884096
1185951391501582336
1185951391652683776
1185951391656792064
1185951391757590528
1185951391761731584
1185951391803674624
1185951391849820160
1185951391967256583
1185951392105672708
1185951392122494978
1185951392239968257
1185951392244162560
1185951392353210368
1185951392373936128
1185951392399351813
1185951392478957574
1185951392483217408
1185951392533491713
1185951392789344256
1185951393305255941
1185951393351454720
1185951393531740161
1185951393560940547
1185951393649188871
1185951393829523459
1185951393900908544
1185951393955373057
1185951394102161413
1185951394194427909
1185951394404155392
1185951394563534850
1185951394613870594
1185951394676838406
1185951394685214720
1185951394718736384
1185951394785906688
1185951394832011264
1185951394878103552
1185951395037401088
1185951395062702080
1185951395083624448
1185951395238862853
1185951395251441664
1185951395259637760
1185951395364687872
1185951395587018752
1185951395591196681
1185951395708592128
1185951395742138371
1185951395784151045
1185951395918176261
1185951395981254656
1185951395989590016
1185951396006416384
1185951396010643456
1185951396018868224
1185951396182540288
1185951396279083008
1185951396295794688
1185951396320944136
1185951396392329217
1185951396421656576
1185951396505497602
1185951396589264897
1185951396710866944
1185951396778127360
1185951396778168320
1185951396786589703
1185951396832727041
1185951397168275456
1185951397369528320
1185951397373775873
1185951397428125696
1185951397491236865
1185951397499621382
1185951397512040448
1185951397512187904
1185951397675749376
1185951397742817282
1185951397742829569
1185951397956726789
1185951397998665729
1185951398040690688
1185951398086791168
1185951398099210240
1185951398204190730
1185951398216785920
1185951398250332162
1185951398317510656
1185951398464081920
1185951398678204416
1185951398724341767
1185951398778691584
1185951398862700544
1185951398900457472
1185951398921416706
1185951399072296961
1185951399122735104
1185951399189925888
1185951399215058944
1185951399231868930
1185951399269535745
1185951399361875969
1185951399378640896
1185951399407951872
1185951399479271424
1185951399529586689
1185951399529668609
1185951399546445825
1185951399605166082
1185951399701635072
1185951399802265601
1185951399995154432
1185951400007815169
1185951400158793728
1185951400167124992
1185951400234246144
1185951400339087360
1185951400439767051
1185951400443830272
1185951400620105730
1185951400674680832
1185951400703868928
1185951400796311552
1185951400821448704
1185951400829706241
1185951400997601282
1185951401161220097
1185951401182187520
1185951401228361728
1185951401417105408
1185951401656098817
1185951401685508096
1185951401697927168
1185951401752584193
1185951401844838400
1185951401999884288
1185951402088128520
1185951402096508928
1185951402180268033
1185951402343841792
1185951402356563968
1185951402377568259
1185951402385915905
1185951402503364610
1185951402507542528
1185951402868334592
1185951402893500422
1185951402897620992
1185951402952032262
1185951402989936640
1185951403086360578
1185951403136770049
1185951403207884800
1185951403375759360
1185951403400781830
1185951403556134917
1185951403581300736
1185951403694530565
1185951403966992384
1185951403979739136
1185951404055322631
1185951404168368128
1185951404210278402
1185951404227252224
1185951404231417856
1185951404403449857
1185951404407562241
1185951404499832832
1185951404529049600
1185951404617293824
1185951404881596422
1185951404961259525
1185951404969648130
1185951404973801476
1185951405057536007
1185951405078728705
1185951405091250176
1185951405263216642
1185951405275631617
1185951405305057280
1185951405338697729
1185951405556809728
1185951405682638848
1185951405682692097
1185951406106316801
1185951406122917888
1185951406127108101
1185951406366306305
1185951406605209600
1185951406613622790
1185951406752174080
1185951406773149700
1185951407033204742
1185951407058366468
1185951407108587520
1185951407163265024
1185951407184195584
1185951407234412544
1185951407263887360
1185951407708479489
1185951407712681984
1185951407767199746
1185951407888879616
1185951408098566144
1185951408102805504
1185951408123592704
1185951408136314881
1185951408341676034
1185951408547356674
1185951408807448577
1185951408916271104
1185951409205907456
1185951409222631424
1185951409273032704
1185951409524662274
1185951409570799616
1185951409767796736
1185951409797251078
1185951409872740353
1185951410346696705
1185951410380267525
1185951410392690693
1185951410409672704
1185951410501890048
1185951410724188161
1185951410740965378
1185951410912923653
1185951410959073282
1185951410967502848
1185951411009277952
1185951411017801729
1185951411214934016
1185951411261063169
1185951411265294336
1185951411286265856
1185951411294466050
1185951411370020864
1185951411764453379
1185951411848339456
1185951411911233536
1185951412150247426
1185951412154458115
1185951412305481729
1185951412326293504
1185951412532006914
1185951412544405504
1185951412611637251
1185951412724715523
1185951412796248065
1185951413039329280
1185951413161070596
1185951413245022208
1185951413299380224
1185951413588975617
1185951413693632514
1185951413811077120
1185951413823823873
1185951414272614404
1185951414280962050
1185951414456995840
1185951414578827266
1185951414675279873
1185951414687862784
1185951414691991552
1185951414700429313
1185951414733828096
1185951414809432064
1185951414822023168
1185951415040167936
1185951415103098887
1185951415111430147
1185951415153221633
1185951415153221634
1185951415212171268
1185951415224754176
1185951415233142786
1185951415346352128
1185951415501574144
1185951415518126080
1185951415677718529
1185951415723790336
1185951415723794434
1185951415828713472
1185951415900004353
1185951416084549632
1185951416143114241
1185951416155889669
1185951416227188739
1185951416294215682
1185951416394883073
1185951416541573120
1185951416613036037
1185951416629825541
1185951416772452353
1185951416805986305
1185951416831004672
1185951416889872385
1185951417024073729
1185951417229557761
1185951417443467267
1185951417590341637
1185951417665757184
1185951417674035201
1185951417695125504
1185951417846161409
1185951417908912128
1185951417909108736
1185951417909108737
1185951417950978049
1185951418005327872
1185951418026315777
1185951418030657536
1185951418160680960
1185951418206838786
1185951418231902208
1185951418273763328
1185951418353627136
1185951418403971074
1185951418437365761
1185951418600968192
1185951418785681408
1185951418831650816
1185951418936479745
1185951418949214208
1185951418978652162
1185951418982813702
1185951419049734146
1185951419075121153
1185951419121197058
1185951419435761664
1185951419460964352
1185951419485962246
1185951419574243328
1185951419611963392
1185951419683213314
1185951419691606027
1185951419725074433
1185951419775324160
1185951419813318662
1185951419825672193
1185951420236869633
1185951420241121280
1185951420253687808
1185951420383727616
1185951420467556352
1185951420601769984
1185951420777938944
1185951420811501570
1185951420849315840
1185951420933115906
1185951421012725761
1185951421021249537
1185951421348212738
1185951421503545344
1185951421608398848
1185951421612597248
1185951421641834497
1185951421646213121
1185951421927165953
1185951421973323776
1185951421985968130
1185951422044672003
1185951422271164419
1185951422338207744
1185951422438760448
1185951422593941505
1185951422740926464
1185951423118352386
1185951423172923392
1185951423395028993
1185951423550197760
1185951423621750786
1185951423693053953
1185951423873183744
1185951423948886017
1185951424091320320
1185951424452190210
1185951424942891009
1185951424993214464
1185951425052008454
1185951425135820800
1185951425156792321
1185951425282445312
1185951425395920897
1185951425429299200
1185951425517555712
1185951425739640833
1185951425874006016
1185951426041827329
1185951426108895239
1185951426117156864
1185951426385600512
1185951426444328961
1185951426473795585
1185951426536562690
1185951426553503744
1185951426671009793
1185951426717061121
1185951426855354368
1185951426985517056
1185951427023298560
1185951427094552577
1185951427237040130
1185951427274956801
1185951427295940608
1185951427379769344
1185951427644088321
1185951427656634368
1185951427673370624
1185951427706982400
1185951427765637120
1185951427807580160
1185951427937501184
1185951427967029248
1185951427996377088
1185951428038270985
1185951428050915328
1185951428285739008
1185951428352921601
1185951428373893120
1185951428403224576
1185951428663222274
1185951428709244928
1185951428839297024
1185951428847648768
1185951428860186624
1185951428998815745
1185951429078503425
1185951429132869632
1185951429460148224
1185951429464379397
1185951429464416261
1185951429644697601
1185951429732683778
1185951429942374401
1185951429976039426
1185951430034808834
1185951430156443648
1185951430198415360
1185951430290464768
1185951430416490498
1185951430450012160
1185951430454075393
1185951430533959685
1185951430588411904
1185951430689079297
1185951430752067587
1185951431255347200
1185951431301500928
1185951431330861056
1185951431456677888
1185951431469207562
1185951431703982080
1185951431787995137
1185951431817334786
1185951431888703496
1185951431980994560
1185951431993348101
1185951432198873089
1185951432211456000
1185951432224194562
1185951432467533824
1185951432639426560
1185951432874352640
1185951432924635136
1185951432924696580
1185951433012797440
1185951433037770754
1185951433084014595
1185951433104986113
1185951433356541955
1185951433570439168
1185951433570639872
1185951433574752256
1185951433604157446
1185951433780322304
1185951433830682627
1185951433868414977
1185951433977409536
1185951433985843200
1185951434065494019
1185951434120093697
1185951434224951297
1185951434409418752
1185951434451275776
1185951434640109569
1185951434769981441
1185951435017654272
1185951435181178882
1185951435323826176
1185951435365801985
1185951435634216960
1185951435688763395
1185951435747401728
1185951435751510016
1185951435831304194
1185951436049387520
1185951436078800898
1185951436091383809
1185951436103925760
1185951436351430656
1185951436527587328
1185951436552704001
1185951436749889538
1185951437156691968
1185951437160927236
1185951437165076481
1185951437366448131
1185951437387423744
1185951437441757186
1185951437559422976
1185951437580320770
1185951437584584706
1185951437689360384
1185951437886504961
1185951438016528387
1185951438133964800
1185951438339497985
1185951438343720961
1185951438394015747
1185951438440226817
1185951438494666752
1185951438532468737
1185951438666719233
1185951438729547776
1185951438784081921
1185951438800732160
1185951438872162304
1185951438922489856
1185951438955925504
1185951439014617088
1185951439035752448
1185951439203356672
1185951439232720897
1185951439320952833
1185951439350304768
1185951439526301697
1185951439572611080
1185951439627128832
1185951439719264257
1185951439870418945
1185951439882993669
1185951439937363968
1185951440004628480
1185951440096911366
1185951440222773248
1185951440306606081
1185951440424046594
1185951440587624448
1185951440617066497
1185951440734310401
1185951440734318592
1185951440856072194
1185951440990363652
1185951441053200385
1185951441074212866
1185951441195802626
1185951441287958529
1185951441392828416
1185951441401384961
1185951441632088066
1185951441652858881
1185951441732673546
1185951441770278912
1185951441833332736
1185951442181545984
1185951442206482434
1185951442269605889
1185951442340896770
1185951442391228416
1185951442626105344
1185951442642845701
1185951442793881602
1185951442844241921
1185951442902880256
1185951442990968832
1185951443057950720
1185951443162931202
1185951443272065030
1185951443406262272
1185951443418615809
1185951443460579328
1185951443523637250
1185951443527716864
1185951443720822787
1185951443838275587
1185951443846479873
1185951443863396357
1185951443867406336
1185951443980816384
1185951444039540738
1185951444165431298
1185951444223975424
1185951444257705985
1185951444274466816
1185951444291207168
1185951444307824640
1185951444312219648
1185951444488347649
1185951444530290688
1185951444622548992
1185951444660342784
1185951444685512706
1185951444748394497
1185951444815503362
1185951444819677184
1185951444983263233
1185951445100593152
1185951445134143488
1185951445276864512
1185951445373390850
1185951445419515904
1185951445436325889
1185951445478232064
1185951445549535232
1185951445977305089
1185951446103154689
1185951446237417473
1185951446291759104
1185951446434496513
1185951446505799680
1185951446556131328
1185951446572982273
1185951446606450690
1185951446648287232
1185951446937821184
1185951446941847552
1185951447042711553
1185951447302713344
1185951447533412356
1185951447768326144
1185951447772364800
1185951447839584258
1185951447839657984
1185951448103899136
1185951448229658627
1185951448363700224
1185951448363884546
1185951448623923200
1185951448707801089
1185951448825303040
1185951448900816900
1185951449072709632
1185951449131311104
1185951449299243009
1185951449458663424
1185951449521573888
1185951449534074883
1185951449605443586
1185951449668182016
1185951449794142214
1185951449907417088
1185951450192498689
1185951450276356096
1185951450326884359
1185951450498600961
1185951450758729728
1185951450981109760
1185951451115347968
1185951451169857537
1185951451245268992
1185951451299885056
1185951451316543489
1185951451685752832
1185951451803213825
1185951451891339266
1185951452054855680
1185951452201701377
1185951452340072449
1185951452507840512
1185951452541411329
1185951452998582272
1185951453296414720
1185951453493354501
1185951453720010752
1185951453787103233
1185951453795487746
1185951453992706049
1185951454000869377
1185951454147645440
1185951454160400384
1185951454189801472
1185951454537900032
1185951454554660869
1185951454697144321
1185951454705733633
1185951454885888000
1185951455028662273
1185951455037001728
1185951455078944769
1185951455234220032
1185951455380795398
1185951455426990080
1185951455481434112
1185951455548567552
1185951455632490497
1185951455699750913
1185951455934476288
1185951455968186374
1185951455993184256
1185951456022523904
1185951456278515714
1185951456295378945
1185951456496672768
1185951456584720385
1185951456651812864
1185951456811257859
1185951457016733696
1185951457196953600
1185951457415065600
1185951457520111616
1185951457843011585
1185951457880793090
1185951458216370176
1185951458857906176
1185951459155861506
1185951459256479744
1185951459273297920
1185951459411554309
1185951459499745281
1185951459629772802
1185951460225245184
1185951460317638656
1185951460351188998
1185951460649062400
1185951460716101634
1185951460846161920
1185951460988575744
1185951461009698817
1185951461181739008
1185951461215211521
1185951461244571648
1185951461320118275
1185951461370400771
1185951461521477632
1185951461613674496
1185951461668204545
1185951461785649154
1185951461810692101
1185951461865340928
1185951461949300738
1185951462247010304
1185951462536421377
1185951462574219265
1185951462725054464
1185951462855270400
1185951462951739393
1185951463039741952
1185951463064903680
1185951463148679169
1185951463148785666
1185951463496921093
1185951463576489985
1185951463643574274
1185951463702454273
1185951463727435782
1185951463781978112
1185951463845044227
1185951464062996480
1185951464281333762
1185951464298078208
1185951464755056642
1185951465002549248
1185951465103343616
1185951465141088256
1185951465329909760
1185951465505820673
1185951465522597888
1185951465732558848
1185951465879330820
1185951465891872771
1185951465979994112
1185951466034548736
1185951466042920960
1185951466508283905
1185951466579611648
1185951466634113024
1185951466672066562
1185951466831265792
1185951466940448768
1185951466948890628
1185951467326394369
1185951467544297472
1185951467615768582
1185951467624161280
1185951467682709504
1185951467871457281
1185951468165062656
1185951468303585282
1185951468303650816
1185951468337139714
1185951468475551750
1185951468811182085
1185951468815151104
1185951468865478661
1185951468924395520
1185951468945379330
1185951468999921666
1185951469020663808
1185951469062672384
1185951469150855169
1185951469180203008
1185951469188669441
1185951469528330241
1185951469549346816
1185951469578661891
1185951469608013824
1185951469624811520
1185951469658181635
1185951469691965448
1185951469700288512
1185951469792444417
1185951469947760640
1185951470169911299
1185951470304350213
1185951470325239811
1185951470467731456
1185951470564323331
1185951470937661440
1185951471273234437
1185951471285739520
1185951471453560834
1185951471642259456
1185951471852032001
1185951471872856067
1185951472120483841
1185951472149815296
1185951472271249410
1185951472334364675
1185951472359370752
1185951472447438849
1185951472636301312
1185951472678252545
1185951472682459136
1185951472774795265
1185951472858611717
1185951472959262720
1185951472963506178
1185951473051394048
1185951473345142784
1185951473391284224
1185951473399717891
1185951473479405568
1185951473512960000
1185951473672294406
1185951473680732160
1185951473798144001
1185951473856733189
1185951473882021888
1185951473907179521
1185951474406309888
1185951474599321603
1185951474729271296
1185951474733506560
1185951474750242816
1185951474934829056
1185951475131920385
1185951475236630529
1185951475341692928
1185951475433984001
1185951475458985984
1185951475547045888
1185951475576406016
1185951475614310407
1185951475698196480
1185951475752689664
1185951475840585729
1185951476067135493
1185951476071489538
1185951476117577728
1185951476289548288
1185951476486721536
1185951476520230914
1185951476595806208
1185951477027786754
1185951477061312518
1185951477061341184
1185951477099106304
1185951477203984385
1185951477413695488
1185951477501779969
1185951477820526592
1185951477900218368
1185951478202195968
1185951478307008512
1185951478307082242
1185951478336360448
1185951478487236608
1185951478541967365
1185951478659371010
1185951478826930187
1185951478864863232
1185951478894252032
1185951478957125633
1185951479229607937
1185951479242223616
1185951479686926336
1185951479695368192
1185951479749922816
1185951479972204546
1185951480097980417
1185951480156753922
1185951480307703809
1185951480630648833
1185951480957808640
1185951481599414273
1185951481683480576
1185951481779970048
1185951481863790594
1185951481905795073
1185951481964515329
1185951482002194432
1185951482157375489
1185951482270699522
1185951482530729985
1185951482564268032
1185951482585243648
1185951482597855235
1185951482786525185
1185951482803306496
1185951482924937216
1185951482996318208
1185951483029807111
1185951483134730240
1185951483151474689
1185951483155619842
1185951483197612034
1185951483277303812
1185951483369406466
1185951483617075203
1185951483679985670
1185951483897843713
1185951484216672258
1185951484351041537
1185951484434931712
1185951484556521474
1185951484611051520
1185951484627881984
1185951484653068290
1185951484678152192
1185951484749516802
1185951484862709765
1185951484975779840
1185951484992610305
1185951485080686592
1185951485332353029
1185951485529595907
1185951485575614466
1185951485659697152
1185951485709996035
1185951485760167936
1185951485814886402
1185951486209118209
1185951486414610432
1185951486460739586
1185951486464929792
1185951486636888065
1185951486754414593
1185951487001812994
1185951487073177600
1185951487085678594
1185951487085760515
1185951487161225216
1185951487265927168
1185951487270293509
1185951487425466373
1185951487429632000
1185951487505121283
1185951487853285376
1185951487865712643
1185951487945519107
1185951487958147072
1185951488012509184
1185951488012627968
1185951488025055232
1185951488373411841
1185951488540995584
1185951488788652032
1185951488821981190
1185951488822009856
1185951488851484674
1185951489107341318
1185951489442877440
1185951489531006982
1185951489719750658
1185951489841340427
1185951490076237824
1185951490336329729
1185951490348847104
1185951490457907200
1185951490864812032
1185951491259019264
1185951491301040133
1185951491305152515
1185951491523272709
1185951491733032961
1185951491833634817
1185951492194390016
1185951492294856704
1185951492500529153
1185951492576043008
1185951492727103488
1185951492739608576
1185951492806721536
1185951493008101376
1185951493209247744
1185951493305884678
1185951493494431746
1185951493607682048
1185951493616218112
1185951493632999425
1185951493733736448
1185951493767204869
1185951493918285825
1185951493935058944
1185951494048243712
1185951494425722881
1185951494471729152
1185951494509682688
1185951494543155200
1185951494811484160
1185951494958395395
1185951494979244032
1185951495071682561
1185951495117856768
1185951495172382729
1185951495226843141
1185951495289823234
1185951495650459648
1185951495738421248
1185951495805648903
1185951495881220096
1185951495931531264
1185951496036331521
1185951496141262848
1185951496178929664
1185951496761950208
1185951496812351489
1185951496917192704
1185951496980054016
1185951496992628736
1185951497026265093
1185951497034567680
1185951497294635014
1185951497374388224
1185951497865105409
1185951497965723651
1185951498318110720
1185951498389336064
1185951498561306624
1185951498645200901
1185951498712375296
1185951498720763905
1185951498959753221
1185951499169325056
1185951499345694720
1185951499349889025
1185951499437957120
1185951499547041793
1185951499614130177
1185951500020916227
1185951500318597121
1185951500381626370
1185951500440231936
1185951500540866560
1185951500624904194
1185951500930965504
1185951501082079232
1185951501211947011
1185951501711134722
1185951501820280832
1185951501845454854
1185951501853675525
1185951501899980800
1185951502004838400
1185951502235361281
1185951502336176128
1185951502348759043
1185951502390779905
1185951502436896768
1185951502445273090
1185951502688493568
1185951502709350401
1185951502730432512
1185951502772396033
1185951502801784834
1185951502914863104
1185951502969561091
1185951503032442881
1185951503254802433
1185951503451865091
1185951504064307201
1185951504110243841
1185951504219463685
1185951504609562631
1185951504865218562
1185951504890384386
1185951504907157504
1185951505007960066
1185951505154805760
1185951505263845376
1185951505414836224
1185951505427378178
1185951505616117762
1185951505725083649
1185951505762967552
1185951505905356801
1185951505939079174
1185951506090090496
1185951506094272512
1185951506274701312
1185951506278834176
1185951506794721280
1185951507235164162
1185951507243589634
1185951507432312832
1185951507683913728
1185951507851677696
1185951507914448902
1185951508493418496
1185951508589727744
1185951508740956160
1185951508937863169
1185951509059723264
1185951509403590656
1185951509495738368
1185951509562847232
1185951509617528833
1185951509722402816
1185951509898502146
1185951509902778368
1185951510070464512
1185951510200492038
1185951510536085504
1185951510615744512
1185951510984830980
1185951511060402176
1185951511077097472
1185951511181836288
1185951511202992128
1185951511244918784
1185951511366524928
1185951511395758080
1185951511467233280
1185951511488151558
1185951511551057921
1185951511924367360
1185951511995662336
1185951512058421248
1185951512067039232
1185951512138276869
1185951512268345344
1185951512339582976
1185951512402546688
1185951512427675648
1185951512641581059
1185951512675045376
1185951512679370754
1185951513304154113
1185951513555939328
1185951513610539008
1185951513786683392
1185951514084495360
1185951514138796033
1185951514356924417
1185951514382262272
1185951514461913090
1185951514608701442
1185951514671624193
1185951514696663046
1185951514772332546
1185951514776526856
1185951514793332737
1185951514961104896
1185951515023941634
1185951515149770752
1185951515179208704
1185951515263098880
1185951515279839232
1185951515292372992
1185951515325931527
1185951515401510912
1185951515577585664
1185951515707662338
1185951516101939200
1185951516756189185
1185951516953174016
1185951516991115267
1185951517037223945
1185951517154664448
1185951517263704068
1185951517326622720
1185951517469265921
1185951517578289154
1185951518014394368
1185951518035451905
1185951518052237313
1185951518215852034
1185951518282919936
1185951518429777920
1185951518459084800
1185951518756917250
1185951518865805313
1185951519134212098
1185951519197270016
1185951519373443072
1185951519402708992
1185951519469912065
1185951519629119488
1185951519633530880
1185951519771910144
1185951519905964033
1185951520019353600
1185951520048779269
1185951520078073856
1185951520291876865
1185951520698834951
1185951520728203264
1185951520858263552
1185951521126715394
1185951521256673281
1185951521495769090
1185951521579642880
1185951521617391616
1185951521663606786
1185951521759989760
1185951521818730496
1185951521977982976
1185951522015842304
1185951522213027840
1185951522317881345
1185951522405961728
1185951522598932481
1185951522636496896
1185951522745704449
1185951522766626817
1185951522766704641
1185951522783420418
1185951522900848640
1185951522967953410
1185951523035123714
1185951523064426496
1185951523152547842
1185951523370483713
1185951523437604866
1185951523647283200
1185951523664285697
1185951523735400449
1185951523819401216
1185951524037517314
1185951524054360065
1185951524649947137
1185951524821831682
1185951525153234945
1185951525186822145
1185951525736210433
1185951525819961344
1185951525891268610
1185951526294040577
1185951526499618816
1185951526516191233
1185951526700765184
1185951526797246464
1185951526822535168
1185951526923186179
1185951527040671744
1185951527309135874
1185951527342612480
1185951527371968512
1185951527371968513
1185951527682183169
1185951527959175168
1185951528017977345
1185951528038944773
1185951528063885313
1185951528072278016
1185951528122748935
1185951528152195072
1185951528693071874
1185951528709959680
1185951528756092929
1185951528940638209
1185951529557053441
1185951529725026309
1185951529800470531
1185951529913737216
1185951530115047425
1185951530182152192
1185951530517577728
1185951530576420869
1185951530870018053
1185951530962358273
1185951531046244355
1185951531159281665
1185951531222360066
1185951531310272513
1185951531339829254
1185951531440443395
1185951531834601472
1185951532027658240
1185951532107419648
1185951532170264576
1185951532350672896
1185951532468068355
1185951532681957377
1185951532979646464
1185951533034344456
1185951533202116608
1185951533223034880
1185951533290184707
1185951533378293762
1185951533449568256
1185951533705379841
1185951534095519746
1185951534338789378
1185951534418452481
1185951534498172929
1185951534556815361
1185951534766538753
1185951534770741248
1185951534896603137
1185951535081152512
1185951535399702528
1185951535454248960
1185951535571914753
1185951535798325248
1185951535798337536
1185951535869681664
1185951536016478208
1185951536016482307
1185951536138067968
1185951536268152833
1185951536393797632
1185951536549117952
1185951537295745026
1185951537354420225
1185951537463468032
1185951537505488896
1185951537589305355
1185951537757147138
1185951537820033025
1185951537824223233
1185951537912254464
1185951538260430848
1185951538314911744
1185951538361057281
1185951538642116609
1185951539153833986
1185951539208294400
1185951539396890624
1185951539669680129
1185951539812294656
1185951539959140353
1185951540038664192
1185951540047155201
1185951540160401408
1185951540235751424
1185951540273483777
1185951540470792196
1185951540592467969
1185951540684775425
1185951540722323456
1185951540756045825
1185951540885876736
1185951540940607494
1185951541217366017
1185951541221560320
1185951541376815105
1185951541393526785
1185951541456441345
1185951541569769472
1185951541615845377
1185951541716369408
1185951541842370561
1185951541892661248
1185951542014304256
1185951542152593409
1185951542278418432
1185951542395965442
1185951542534463488
1185951542639235073
1185951542748286976
1185951542777733131
1185951542882553865
1185951542920318977
1185951542941085698
1185951543062867973
1185951543113256963
1185951543427784704
1185951543779938304
1185951544056995841
1185951544363102208
1185951544497377283
1185951544602169344
1185951544715313154
1185951544765767680
1185951544862220288
1185951544975482880
1185951545009065985
1185951545050963968
1185951545080340482
1185951545122271232
1185951545705283585
1185951545864740865
1185951546003148800
1185951546225364992
1185951546275745798
1185951546279972870
1185951546556727296
1185951546565152768
1185951546665820160
1185951546670026752
1185951547068428289
1185951547236212736
1185951547630522369
1185951547668226048
1185951547689074689
1185951547836026881
1185951547869585408
1185951547991248896
1185951548054081537
1185951548058288128
1185951548100231168
1185951548200968194
1185951548251217921
1185951548251295744
1185951548347748353
1185951548393873415
1185951548444217344
1185951548490178560
1185951548540633088
1185951548695818243
1185951548779532288
1185951549153038336
1185951549274705920
1185951549316579328
1185951549723435009
1185951549870223368
1185951549874302976
1185951549933142016
1185951549958152193
1185951550142849025
1185951550197231616
1185951550428110849
1185951550570672128
1185951550612611072
1185951550637629440
1185951550641967107
1185951550746832896
1185951550973370368
1185951551141142530
1185951551195451398
1185951551308754944
1185951551321530368
1185951551342415875
1185951551396990979
1185951551434571782
1185951551640100865
1185951551753457664
1185951551862517761
1185951551891767296
1185951551992545292
1185951552055336962
1185951552332283906
1185951552378462210
1185951552600788992
1185951552604901376
1185951552789303296
1185951552801927168
1185951552936333312
1185951552961298434
1185951553120808961
1185951553238261760
1185951553267437568
1185951553401679872
1185951553418645505
1185951553615728641
1185951553733255169
1185951553879977985
1185951553947144195
1185951554173636609
1185951554286678017
1185951554320437248
1185951554328657921
1185951554374905857
1185951554936827905
1185951555016679427
1185951555297710082
1185951555364589568
1185951555448688645
1185951555591131136
1185951555612270593
1185951555658272770
1185951555662598145
1185951555809431557
1185951556002299905
1185951556073611264
1185951556128116736
1185951556144959490
1185951556182691842
1185951556430110725
1185951556585213953
1185951556979560449
1185951557143146499
1185951557151576065
1185951557180973057
1185951557361328128
1185951557373911042
1185951557466103808
1185951557524832256
1185951557654843399
1185951557713563649
1185951557881233408
1185951558141300737
1185951558535712768
1185951558825107457
1185951559038861312
1185951559089360896
1185951559353585668
1185951559479369740
1185951559575834624
1185951559764586496
1185951559764586497
1185951559940825091
1185951559957524480
1185951560125173760
1185951560653783040
1185951560653836289
1185951560745934848
1185951560758525953
1185951560905494529
1185951561048121345
1185951561274548224
1185951561425608705
1185951561626869761
1185951561744338944
1185951561945698305
1185951562016919552
1185951562151219205
1185951562230841345
1185951562344083463
1185951562440544261
1185951562763571200
1185951562767536128
1185951562918780930
1185951562973138945
1185951562994257920
1185951563258515456
1185951563308617728
1185951563346534403
1185951563392544768
1185951563417903106
1185951563438645248
1185951563522674688
1185951563724050433
1185951563816288256
1185951563879190528
1185951564071981056
1185951564097359872
1185951564101554184
1185951564277702658
1185951564323704832
1185951564382556163
1185951564395143168
1185951564428697602
1185951564638359553
1185951564663422976
1185951564764078080
1185951564806152193
1185951564818763777
1185951565057802241
1185951565196087296
1185951565397381125
1185951565481467904
1185951565674438656
1185951565905121280
1185951565934481409
1185951565942792192
1185951565963780101
1185951566013984768
1185951566253232129
1185951566378852352
1185951566492250112
1185951566622277633
1185951566731399168
1185951566743953408
1185951566844448768
1185951567054282752
1185951567100465152
1185951567293419521
1185951567318540288
1185951567549214721
1185951567653945344
1185951567796674560
1185951567800762369
1185951567834439682
1185951567981223936
1185951567989608450
1185951568153186305
1185951568174206977
1185951568228704257
1185951568471814144
1185951568501395456
1185951568501399553
1185951568559890433
1185951568606253058
1185951568895664129
1185951568933335041
1185951568958578688
1185951569101148160
1185951569138913284
1185951569310826497
1185951569310863360
1185951569583525890
1185951569637859328
1185951569646379009
1185951569700896769
1185951569851944960
1185951569860321281
1185951570103558151
1185951570124345344
1185951570145370112
1185951570418118656
1185951570866794497
1185951571194122240
1185951571391275008
1185951571416367104
1185951571416403969
1185951571701460992
1185951571701620736
1185951571957501954
1185951571974262787
1185951572007755783
1185951572062330880
1185951572146229250
1185951572217516034
1185951572372660224
1185951572494340096
1185951572611751938
1185951572628557825
1185951572645138432
1185951572704055298
1185951572834041860
1185951573089968131
1185951573341560833
1185951573362429952
1185951573463175168
1185951573668704256
1185951573853294593
1185951573882687496
1185951574083932167
1185951574104924160
1185951574121693185
1185951574675378182
1185951574734131201
1185951574864084993
1185951575031705601
1185951575082176515
1185951575459672064
1185951575476453376
1185951575690416140
1185951576080470017
1185951576239816705
1185951576294334464
1185951576302604289
1185951576562601984
1185951576646705152
1185951576881393664
1185951576986390529
1185951577208688640
1185951577523310595
1185951577594613762
1185951577607200772
1185951577971949568
1185951578114555904
1185951578114678785
1185951578211180545
1185951578295062529
1185951578454396928
1185951578488000512
1185951578525782016
1185951578739675136
1185951578840272903
1185951579050008576
1185951579196837889
1185951579251318789
1185951579305840644
1185951579339395078
1185951579595247618
1185951579616231424
1185951579750289408
1185951579767226369
1185951579804860416
1185951579859501057
1185951580027281416
1185951580060835841
1185951580065091585
1185951580190838786
1185951580237062146
1185951580253761536
1185951580266348545
1185951580346032130
1185951580371030016
1185951580434190336
1185951580467728385
1185951580606156806
1185951580723535873
1185951580895563777
1185951581252046849
1185951581256200195
1185951581482688512
1185951581684092930
1185951581952499713
1185951581994278914
1185951582183018496
1185951582464237568
1185951582535458816
1185951582610972672
1185951582631944194
1185951582774595584
1185951582875246593
1185951582908755974
1185951582971711488
1185951582988443649
1185951583256895496
1185951583382556672
1185951583592255488
1185951583617593347
1185951583768600578
1185951583869263872
1185951583881879555
1185951584095801346
1185951584250822656
1185951584850718720
1185951584942985216
1185951584968011778
1185951584993366016
1185951585148588034
1185951585224069122
1185951585265967106
1185951585387634688
1185951585391861760
1185951585433718785
1185951585517625351
1185951585576345600
1185951585739821056
1185951585836437506
1185951585848872965
1185951585924472832
1185951586012536837
1185951586209562624
1185951586239090688
1185951586343968769
1185951586587238402
1185951586834669571
1185951586964705283
1185951587035840512
1185951587107098624
1185951587270909952
1185951587392311297
1185951587413450752
1185951587509780480
1185951587874824193
1185951587920777216
1185951588030013441
1185951588059402240
1185951588063404032
1185951588072017920
1185951588122271747
1185951588352954369
1185951588516536323
1185951588814327809
1185951588936044546
1185951589074382850
1185951589095206912
1185951589443555328
1185951589737156608
1185951589783277568
1185951589800009728
1185951589846007809
1185951590613766144
1185951590697623552
1185951590819123201
1185951590836047872
1185951590861230087
1185951591070863365
1185951591083495424
1185951591154802688
1185951591444238336
1185951591507070978
1185951591557484551
1185951591628754949
1185951591725035521
1185951592069111810
1185951592224149509
1185951592371163138
1185951592584867840
1185951592648007681
1185951592786227201
1185951592832475144
1185951592979357696
1185951593205776390
1185951593264373760
1185951593373601792
1185951593449046016
1185951593503567874
1185951593641979906
1185951593658830848
1185951593683804161
1185951593729941504
1185951593746690048
1185951593973215232
1185951594048819201
1185951594455719937
1185951594573111297
1185951594636034049
1185951594644246533
1185951594837245952
1185951595068100609
1185951595206455297
1185951595214843905
1185951595306999808
1185951595386867717
1185951595441410048
1185951595546251264
1185951595583983616
1185951595944665093
1185951596083060736
1185951596347297793
1185951596435460096
1185951596510957569
1185951596833718272
1185951596959686656
1185951597010083841
1185951597102354432
1185951597215399937
1185951597215526912
1185951597446209537
1185951597509173249
1185951597593026568
1185951597597089792
1185951597773369344
1185951597857333248
1185951597953781762
1185951598196989953
1185951598339641344
1185951598356451331
1185951598377394178
1185951598419292160
1185951598499041285
1185951598549327872
1185951598612226048
1185951598616424449
1185951598633242624
1185951598725488640
1185951598763302913
1185951598926802946
1185951599027339264
1185951599153295362
1185951599421743104
1185951599434354688
1185951599518048256
1185951599593754625
1185951599732183040
1185951599878967297
1185951600344518656
1185951600357072896
1185951600461930497
1185951600487084037
1185951601053356032
1185951601057357825
1185951601112031232
1185951601132879872
1185951601195917314
1185951601233743872
1185951601326018560
1185951601380462593
1185951601623785477
1185951601640513536
1185951601674149889
1185951601896411137
1185951602089385987
1185951602093387776
1185951602143838209
1185951602265321472
1185951602533949440
1185951602567532545
1185951602819162113
1185951602827579393
1185951603045605381
1185951603087609857
1185951603112763392
1185951603179671554
1185951603200872448
1185951603305697280
1185951603389599744
1185951603456561160
1185951603464888321
1185951603528011782
1185951603838205953
1185951603884515328
1185951603892899841
1185951603980824577
1185951604090036225
1185951604136140800
1185951604349947904
1185951604404445185
1185951604832460803
1185951604857544705
1185951604912078848
1185951605004259329
1185951605155389441
1185951605218271234
1185951605235113984
1185951605323108353
1185951605616730113
1185951605671235585
1185951605734232065
1185951605746569216
1185951606132613125
1185951606359154689
1185951606422020098
1185951606455570434
1185951606522765314
1185951606698840069
1185951606711435266
1185951606723895296
1185951606828929024
1185951606879199232
1185951607030243331
1185951607478878209
1185951607508361217
1185951607533400066
1185951607575515136
1185951607604809728
1185951607713910785
1185951608212987904
1185951608313733121
1185951608347062272
1185951608556937217
1185951608783290373
1185951608796000257
1185951608875577344
1185951609102225408
1185951609123233799
1185951609186127873
1185951609244868615
1185951609265803266
1185951609278423041
1185951609328553984
1185951609496506371
1185951609588613121
1185951610004000772
1185951610024943617
1185951610134040576
1185951610310053889
1185951610553413632
1185951610943328257
1185951610968653824
1185951611362910215
1185951611409043457
1185951611497209858
1185951611639734273
1185951611723698178
1185951612113694722
1185951612122157056
1185951612176666625
1185951612201656320
1185951612226940929
1185951612423921664
1185951612428279808
1185951612755496960
1185951612759695360
1185951612864548866
1185951612872749056
1185951612898025472
1185951613111934976
1185951613544026114
1185951613577498624
1185951613590147074
1185951613602684938
1185951613699022848
1185951613762101248
1185951613846016000
1185951613854408705
1185951613887889408
1185951613892153346
1185951613963382789
1185951614051536896
1185951614630121472
1185951614663704576
1185951614726742016
1185951614735192065
1185951614835671041
1185951614986792961
1185951615041359874
1185951615678849026
1185951615808872448
1185951615871832064
1185951615951523841
1185951616018632704
1185951616165396480
1185951616299622402
1185951616341630977
1185951616370954240
1185951616500764672
1185951616756785153
1185951617029296129
1185951617247563778
1185951617285312518
1185951617352384513
1185951617532809216
1185951617935446016
1185951618006564864
1185951618015080448
1185951618094850049
1185951618145148928
1185951618795278336
1185951619374108678
1185951619495747584
1185951619898318859
1185951619957084160
1185951620183547906
1185951620196159489
1185951620678541314
1185951620825337858
1185951620984688645
1185951621181771776
1185951621244694528
1185951621265743874
1185951621269905408
1185951621274095616
1185951621349437441
1185951621647392771
1185951621974499330
1185951622016446465
1185951622482018309
1185951622515580937
1185951622515613702
1185951623081857024
1185951623341887488
1185951623383867392
1185951623463362560
1185951623480250370
1185951623589384199
1185951623606091776
1185951623614324738
1185951623706750977
1185951623761154049
1185951623815860224
1185951623870386176
1185951623886991361
1185951624075894789
1185951624247808000
1185951624302333953
1185951624373686274
1185951624424017920
1185951624449200129
1185951624457576449
1185951624524468225
1185951624738439168
1185951624847613953
1185951624876838912
1185951624876974080
1185951624877035520
1185951624881147905
1185951625375911936
1185951625476792320
1185951625757761543
1185951625879273473
1185951625917059073
1185951626005073920
1185951626072416257
1185951626479263746
1185951626764308481
1185951626768502784
1185951626772697090
1185951626860859392
1185951627058044928
1185951627175350272
1185951627284566017
1185951627309715456
1185951627330519040
1185951627401781248
1185951627611688962
1185951627624235008
1185951627674443780
1185951627674640384
1185951627703980033
1185951627775266816
1185951627808772099
1185951627896905729
1185951627905249282
1185951627947081729
1185951627968163840
1185951628052041729
1185951628387667983
1185951628635136000
1185951628701995010
1185951628857233410
1185951628928659456
1185951628974686209
1185951629201362944
1185951629255815168
1185951629255872519
1185951629385830400
1185951629507551232
1185951629608148998
1185951630228967425
1185951630388162560
1185951630409252865
1185951630665097221
1185951630937743367
1185951630996451328
1185951631134863360
1185951631592083456
1185951631826923521
1185951632217034752
1185951632300879872
1185951632397393920
1185951632699334656
1185951632732934144
1185951632892186624
1185951632950988800
1185951633047318529
1185951633051541504
1185951633244672002
1185951633252990981
1185951633399791616
1185951633634713600
1185951633840033793
1185951634079145984
1185951634607824897
1185951634687324160
1185951634817503232
1185951634821648384
1185951635077513216
1185951635165433856
1185951635169693696
1185951635178250241
1185951635249467392
1185951635471851520
1185951635492745217
1185951635677147136
1185951635706531840
1185951635878502400
1185951636201574400
1185951636335857666
1185951636419686400
1185951636553961472
1185951636650450944
1185951636709097472
1185951636960796672
1185951637304741888
1185951637418008581
1185951637577195521
1185951637581553664
1185951637753479175
1185951637791227905
1185951637816242176
1185951637820575745
1185951637841612800
1185951637896093697
1185951637963182080
1185951637996802049
1185951638013407234
1185951638231670784
1185951638369910784
1185951638676267009
1185951638705577986
1185951638814633984
1185951638852395008
1185951638927753216
1185951638944698369
1185951638986678273
1185951639292858368
1185951639397683200
1185951639410298880
1185951639481372673
1185951639636709378
1185951639900954629
1185951640328773632
1185951640559505408
1185951640920186880
1185951640974696448
1185951641016655873
1185951641327099905
1185951641524158464
1185951641553518594
1185951641582702593
1185951641587126272
1185951641700372480
1185951641792634881
1185951641805185025
1185951641826156546
1185951641901637632
1185951642065223680
1185951642295750661
1185951642295918592
1185951642325340160
1185951642358824961
1185951642379784192
1185951642476265477
1185951642652295168
1185951642652307456
1185951642673389569
1185951643138965510
1185951643336085504
1185951643407392768
1185951643780747264
1185951643889815559
1185951644065894402
1185951644099534848
1185951644175032322
1185951644208582656
1185951644233527296
1185951644317560832
1185951644393136128
1185951645106094080
1185951645152223232
1185951645227769856
1185951645282250753
1185951645311438848
1185951645492011013
1185951645563142145
1185951645743472640
1185951646104186881
1185951646154551296
1185951646217625600
1185951646435696641
1185951646502789120
1185951646502805504
1185951646511259649
1185951646569943040
1185951646779658240
1185951646809018368
1185951647048065026
1185951647433920513
1185951647467487238
1185951647689859074
1185951648096702466
1185951648100696065
1185951648150999040
1185951648469962753
1185951648574775297
1185951648654462982
1185951648927010816
1185951648952266752
1185951648973230080
1185951649061318658
1185951649094930432
1185951649120112640
1185951649145049088
1185951649262645256
1185951649665294336
1185951649816293377
1185951649837264898
1185951650017624070
1185951650080538624
1185951650114134018
1185951650223136768
1185951650327851008
1185951650336391170
1185951650445312000
1185951650667749376
1185951650885832710
1185951650936246272
1185951651091234816
1185951651552780288
1185951651825250304
1185951651837992960
1185951651846336512
1185951651879964674
1185951652043481089
1185951652253196288
1185951652295204866
1185951652383219712
1185951652425023493
1185951652530012160
1185951652769079297
1185951652848816129
1185951652894908416
1185951653213736962
1185951653234724865
1185951653276672001
1185951653368860672
1185951653477978112
1185951653524131847
1185951653641510916
1185951653771599873
1185951653842903040
1185951654107066369
1185951654295654403
1185951654450995200
1185951654488825856
1185951654492983296
1185951654496964608
1185951654702702592
1185951654711103488
1185951654752985088
1185951654878810115
1185951654979522562
1185951655252152321
1185951655419883521
1185951655461904385
1185951655566757892
1185951655856132096
1185951655994503168
1185951656149696512
1185951656199876608
1185951656204070912
1185951656439177226
1185951656485089280
1185951656497668096
1185951656850145280
1185951656917307394
1185951657005342721
1185951657022099456
1185951657072484353
1185951657089228800
1185951657198342144
1185951657345064960
1185951657366081536
1185951657416417280
1185951657483476992
1185951657714208768
1185951657718374403
1185951657848389634
1185951657957482497
1185951658045513728
1185951658058113029
1185951658137788418
1185951658242662401
1185951658326425601
1185951658502742017
1185951658959761408
1185951659400335365
1185951659400351744
1185951659484209152
1185951659492548617
1185951659647733760
1185951660109160448
1185951660285288448
1185951660297854976
1185951660339687425
1185951660415340546
1185951660700557312
1185951660843196424
1185951660931211264
1185951661019283456
1185951661212094465
1185951661275172865
1185951661551955969
1185951661577125888
1185951661707202560
1185951661908471808
1185951661954682880
1185951662319591425
1185951662336348160
1185951662533332997
1185951662734749697
1185951662822825984
1185951662839599106
1185951662914981888
1185951663003070464
1185951663091269637
1185951663120474112
1185951663498113027
1185951663582003200
1185951663640604673
1185951663800160257
1185951664106328065
1185951664236322816
1185951664299229184
1185951664349634561
1185951664429289473
1185951664454492162
1185951664764788736
1185951664794144770
1185951664873717762
1185951664882245633
1185951664991285254
1185951665049890816
1185951665532424193
1185951665641480193
1185951665725292544
1185951665867780096
1185951665956032514
1185951666098585601
1185951666153107456
1185951666199257090
1185951666283008001
1185951666354491392
1185951666610290689
1185951666799108096
1185951667017129984
1185951667046383616
1185951667436417024
1185951667499360256
1185951667499474945
1185951667893743616
1185951667935678466
1185951668137009152
1185951668137013248
1185951668296441861
1185951668380360704
1185951668594184192
1185951668611043328
1185951669118365699
1185951669344825344
1185951669722501121
1185951669982498816
1185951670305316864
1185951670318063617
1185951670322249728
1185951670380793857
1185951670510899200
1185951670594871296
1185951670976548864
1185951670993375232
1185951671760949250
1185951671760965632
1185951671794458626
1185951671823679488
1185951671899308032
1185951672104828928
1185951672562008071
1185951672566042625
1185951672704614404
1185951672838905858
1185951672851410944
1185951672855449601
1185951672918368256
1185951673220354048
1185951673241526272
1185951673354772481
1185951673409310721
1185951673740644353
1185951673765810181
1185951673971363848
1185951674021625861
1185951674357211137
1185951674432663552
1185951674457833472
1185951674466230279
1185951674747228166
1185951674772443137
1185951674877251589
1185951674881445890
1185951674885533701
1185951674898272256
1185951674931843074
1185951675141505024
1185951675187519488
1185951675472863232
1185951675686637568
1185951675741278208
1185951675959218177
1185951676072517632
1185951676081102854
1185951676257243137
1185951676387037184
1185951676546596864
1185951676580147201
1185951676928151556
1185951676949073921
1185951677364555782
1185951677477785602
1185951677641351170
1185951677884620801
1185951678215929857
1185951678270451712
1185951678333366272
1185951678538715144
1185951678635397122
1185951678798934017
1185951678807400453
1185951678819950592
1185951678954201091
1185951679151259653
1185951679159701504
1185951679360962561
1185951679402991617
1185951679570677760
1185951679595737089
1185951679700594691
1185951679809757184
1185951679893651458
1185951680094973954
1185951680145379328
1185951680187326468
1185951680191438849
1185951680296378368
1185951680388485121
1185951680740888582
1185951681084706817
1185951681122623489
1185951681206521856
1185951681441419264
1185951681537871872
1185951681546203137
1185951681554665475
1185951681655107584
1185951681697189889
1185951681776930818
1185951682028539904
1185951682066354177
1185951682276085763
1185951682292867073
1185951682376720384
1185951682699694080
1185951682708103179
1185951682720681985
1185951682846478336
1185951682850631681
1185951682880069635
1185951682926133248
1185951682963881985
1185951683018407936
1185951683127455745
1185951683446218752
1185951683685302273
1185951683874054145
1185951684033503232
1185951684469678082
1185951684524171264
1185951684738072576
1185951684876390401
1185951684931047424
1185951685006516225
1185951685128179712
1185951685161566208
1185951685421785088
1185951685518254080
1185951685543370757
1185951685597892608
1185951686390616064
1185951686675849216
1185951686726180865
1185951686797467650
1185951686805852161
1185951686856204289
1185951687015587842
1185951687053328384
1185951687141449729
1185951687187582976
1185951687497961473
1185951687577604098
1185951687627948033
1185951687766183937
1185951688148094978
1185951688169005056
1185951688185827329
1185951688194252805
1185951688299036672
1185951688374382592
1185951688798199810
1185951689284689921
1185951689309904896
1185951689385353217
1185951689465106432
1185951689511030785
1185951689527959562
1185951689578336264
1185951690018697216
1185951690048049154
1185951690098262016
1185951690215903234
1185951690220068865
1185951690354319360
1185951690685595649
1185951690685648898
1185951690912083968
1185951690995822593
1185951691113451520
1185951691486707712
1185951691583176707
1185951691708993536
1185951691813904384
1185951691906174980
1185951691977433091
1185951692254109696
1185951692312891392
1185951692325560320
1185951692451241989
1185951692493332480
1185951692522696705
1185951692602462209
1185951692656906241
1185951692673683458
1185951692786827264
1185951693072003072
1185951693143334912
1185951693479010304
1185951693600710657
1185951693785255937
1185951693822930945
1185951693931978752
1185951693990694912
1185951694414331904
1185951694670258176
1185951694682763264
1185951694884167681
1185951694909333512
1185951695576150016
1185951695764934657
1185951695928528896
1185951696079466497
1185951696331124737
1185951696473804801
1185951696826044423
1185951697006280704
1185951697123893248
1185951697174183936
1185951697341861889
1185951697488826368
1185951697551740928
1185951697744605185
1185951697744683010
1185951697757245441
1185951697925038087
1185951697992114176
1185951698222747649
1185951698222796801
1185951698428317699
1185951698805776385
1185951698855940096
1185951698918920200
1185951699040649216
1185951699523031041
1185951699648831490
1185951699707543552
1185951699791253505
1185951699858362368
1185951700101849090
1185951700152213504
1185951700265439233
1185951700416450560
1185951700521123846
1185951700529680384
1185951700663885825
1185951700714217474
1185951700915572736
1185951701062291457
1185951701120868352
1185951701729046529
1185951701825740800
1185951702010040320
1185951702098370565
1185951702110867456
1185951702224117767
1185951702521962496
1185951702547087360
1185951702819786752
1185951703255912450
1185951703591538688
1185951703654453249
1185951703868137472
1185951704069689344
1185951704489050112
1185951704690368518
1185951705260871680
1185951705348870145
1185951705453731840
1185951705818652673
1185951705894137857
1185951705961127936
1185951706204590084
1185951706305028096
1185951706368172034
1185951706431012864
1185951706535878659
1185951706577805312
1185951706657497088
1185951706758156290
1185951706842128384
1185951706904969217
1185951707047452672
1185951707051810817
1185951707064344578
1185951707089571840
1185951707403968512
1185951707487862784
1185951707831963650
1185951707920064513
1185951708209397760
1185951708259737601
1185951708297465858
1185951708326846465
1185951708448514053
1185951708737916929
1185951708951781378
1185951709052489728
1185951709673283584
1185951709736161280
1185951709744418817
1185951709861953536
1185951710033960962
1185951710260400129
1185951710310735872
1185951710314991617
1185951710327562240
1185951710373666817
1185951710373695489
1185951710398898177
1185951710545616896
1185951710600036353
1185951710713397249
1185951710772187137
1185951710813884417
1185951711049011200
1185951711300608002
1185951712034447360
1185951712097525761
1185951712130957312
1185951712164679681
1185951712357560329
1185951712475058177
1185951712978309120
1185951712978395136
1185951713183883264
1185951713221660672
1185951713469128705
1185951713733369856
1185951713921908737
1185951714161168384
1185951714286931968
1185951714291019777
1185951714375077888
1185951714408419328
1185951714416963585
1185951714635124736
1185951714685403136
1185951714790105088
1185951714895126529
1185951715058733056
1185951715092242437
1185951715121664000
1185951715150962688
1185951715209728001
1185951715302035456
1185951715318743040
1185951715444609025
1185951715599638529
1185951715683688449
1185951715759214592
1185951715813515265
1185951715994021890
1185951716119924737
1185951716526579713
1185951716560293890
1185951716614823938
1185951716987957248
1185951716988071936
1185951717281730564
1185951717403189248
1185951717600436224
1185951717755674626
1185951717902434304
1185951718082789376
1185951719085219841
1185951719395614720
1185951719584423937
1185951719676633089
1185951719756353542
1185951719773089798
1185951719861215232
1185951719890522119
1185951720070889474
1185951720091930625
1185951720112832513
1185951720154599424
1185951720318406660
1185951720339378176
1185951720351981568
1185951720377061377
1185951720389652480
1185951720452644864
1185951720645582848
1185951720704221184
1185951720960077832
1185951721069170690
1185951721207619584
1185951721220202496
1185951721354387457
1185951721559941121
1185951721564135424
1185951721597657089
1185951721689899014
1185951721756995586
1185951721954172929
1185951722629451776
1185951722792984578
1185951723082268674
1185951723271135232
1185951723808088065
1185951723854139398
1185951723866775555
1185951723875131392
1185951723933839360
1185951723959062532
1185951723979988993
1185951724256800769
1185951724361650176
1185951724378316800
1185951724499980288
1185951724605001730
1185951724881756161
1185951724994998272
1185951725104046081
1185951725146038274
1185951725384941568
1185951725443784705
1185951725452189698
1185951725481615363
1185951725930405894
1185951725942988800
1185951726102368259
1185951726244892673
1185951726987304963
1185951727083761665
1185951727238946821
1185951727314489345
1185951727742267394
1185951727826145281
1185951727855513600
1185951727901663235
1185951728308383744
1185951728476282881
1185951729042386944
1185951729097019393
1185951729097031680
1185951729105408000
1185951729856274433
1185951729893797888
1185951729914990594
1185951729940140032
1185951729948463104
1185951729965322240
1185951730091155456
1185951730095329282
1185951730464251907
1185951730799906819
1185951730825072640
1185951731001241602
1185951731059851264
1185951731064029185
1185951731378774018
1185951731433328642
1185951731512950784
1185951731617861637
1185951731731124225
1185951731978506241
1185951732003737600
1185951732024709124
1185951732083376128
1185951732192481288
1185951732288966656
1185951732364386305
1185951732557172737
1185951732855181312
1185951733056450560
1185951733199069184
1185951733245194242
1185951733257773061
1185951733350064132
1185951733568155648
1185951733593194496
1185951733626785793
1185951733626949639
1185951733794721792
1185951733933060098
1185951734021214210
1185951734050557953
1185951734130204673
1185951734339985408
1185951734469840896
1185951734499282944
1185951734600032256
1185951734780350464
1185951735077957637
1185951735149449217
1185951735237529601
1185951735409446914
1185951735484948485
1185951735594045440
1185951735598198785
1185951735690547201
1185951735753461760
1185951735925411841
1185951736072155136
1185951736424325120
1185951736537718785
1185951736780902400
1185951736890048513
1185951736894312450
1185951736965619712
1185951737011523584
1185951737124982784
1185951737200435200
1185951737204613120
1185951737384976385
1185951737447882752
1185951737447886851
1185951737502265346
1185951737695408128
1185951737787453442
1185951738056056833
1185951738802720770
1185951739029016576
1185951739259822080
1185951739498893312
1185951739498913792
1185951739553431552
1185951739645702144
1185951740136427521
1185951740304199680
1185951740413272080
1185951740505411584
1185951740517969920
1185951740702552065
1185951740941619200
1185951741034074113
1185951741172424706
1185951741277130757
1185951741407383552
1185951741478522880
1185951741524754433
1185951741608710145
1185951741868756992
1185951742028107781
1185951742208434177
1185951742237855744
1185951742480900096
1185951742548201473
1185951742816641024
1185951742946664448
1185951743319969798
1185951743416426501
1185951743470919684
1185951743936532480
1185951743986692097
1185951744569856000
1185951744611762177
1185951744662081541
1185951744754368513
1185951744855027713
1185951744880197632
1185951744892833792
1185951745110892551
1185951745115148292
1185951745119141888
1185951745375125504
1185951745375195136
1185951745509351424
1185951745534509059
1185951745605799937
1185951745605799938
1185951745735905282
1185951745744232448
1185951745777766401
1185951745911902208
1185951745987502081
1185951746398531586
1185951746792800258
1185951747262439424
1185951747472265219
1185951747698765831
1185951747812089857
1185951747816198145
1185951747950481411
1185951748093042688
1185951748629958656
1185951749074374658
1185951749133295617
1185951749225492481
1185951749737074688
1185951749787541504
1185951750047453184
1185951750160822274
1185951750173446144
1185951750534111236
1185951750638985218
1185951750731120640
1185951750773182466
1185951750802628613
1185951750819405825
1185951750819405826
1185951750861283328
1185951751205208065
1185951751431581697
1185951751431688192
1185951751662428161
1185951751784009730
1185951751863590912
1185951751922425861
1185951752044105734
1185951752245436417
1185951752258052096
1185951752283144192
1185951753243639811
1185951753243713538
1185951753344299008
1185951753419808768
1185951753503678464
1185951753805524992
1185951754007056385
1185951754049015808
1185951754174619649
1185951754459996161
1185951754782945280
1185951754829156353
1185951755038838794
1185951755072430085
1185951755298856960
1185951755416276994
1185951755550494722
1185951755713929218
1185951755777007618
1185951755810545669
1185951755990982656
1185951756032696320
1185951756133515264
1185951756196311041
1185951756401938432
1185951756426960897
1185951756435410945
1185951756485844992
1185951756737486849
1185951756909461505
1185951756951441410
1185951756951478273
1185951756963987456
1185951757068881920
1185951757123371011
1185951757211488257
1185951757232414720
1185951757597401094
1185951757639323653
1185951757643534336
1185951757660229632
1185951757664477184
1185951757744136192
1185951757974884352
1185951757991579648
1185951758264209409
1185951758356549632
1185951758385856512
1185951758406823936
1185951758536691712
1185951758922571777
1185951759258279937
1185951759325257729
1185951759405142017
1185951759417647104
1185951759606272000
1185951759656603648
1185951759874826240
1185951760147472391
1185951760604643328
1185951760625455104
1185951760659177472
1185951760684322816
1185951760696971267
1185951761141583874
1185951761372270592
1185951761397440514
1185951761502232576
1185951761539969029
1185951761699262465
1185951761707626496
1185951761871323137
1185951761955205121
1185951762018177024
1185951762081046528
1185951762152382470
1185951762173300737
1185951762466758656
1185951762961842183
1185951763083350016
1185951763435839492
1185951763494518785
1185951763519737856
1185951763712614400
1185951763872075777
1185951764132126726
1185951764161454081
1185951764551483397
1185951764601663493
1185951764857737216
1185951765021315072
1185951765113507841
1185951765348241408
1185951765591670784
1185951765767831554
1185951765885313025
1185951765985841152
1185951766124335112
1185951766212308993
1185951766237667328
1185951766287933440
1185951767072133120
1185951767361667074
1185951767478951936
1185951767743344640
1185951767890223105
1185951767910993921
1185951768141815809
1185951768326393856
1185951768397713415
1185951768515153921
1185951768661786624
1185951768817090561
1185951769182068736
1185951769278533632
1185951769354014722
1185951769395957760
1185951769404162048
1185951769924440064
1185951769987174400
1185951769987301379
1185951770121588737
1185951770205401088
1185951770431938560
1185951770440327168
1185951771341946882
1185951771509657600
1185951771551764480
1185951771899973637
1185951772080132096
1185951772470317056
1185951772554121216
1185951772612841472
1185951772659109888
1185951773263044608
1185951773837680644
1185951774043234304
1185951774152282115
1185951774156480512
1185951774554746886
1185951774613458946
1185951774802403329
1185951774819213312
1185951774940811264
1185951774961745921
1185951775213457408
1185951775284776961
1185951776006135810
1185951776308117506
1185951776350052354
1185951776396267520
1185951776803098626
1185951777046355968
1185951777209884673
1185951777230864384
1185951777293766656
1185951777407033346
1185951777436225537
1185951777503481856
1185951777633591300
1185951777696473089
1185951778069630976
1185951778124259328
1185951778170429440
1185951778262663168
1185951778363322371
1185951778459783168
1185951778518388737
1185951778547757056
1185951778929610757
1185951779202027520
1185951779210571776
1185951779227258880
1185951779424477185
1185951779432751112
1185951779483086849
1185951779760017410
1185951779802046464
1185951780112199681
1185951780137558016
1185951780154347522
1185951780489875457
1185951780506456064
1185951780934508544
1185951781035094024
1185951781060300808
1185951781135798272
1185951781353852929
1185951781458759682
1185951781643309056
1185951781647462400
1185951781806727169
1185951782134079491
1185951782268260352
1185951782343761921
1185951782415060992
1185951782486380545
1185951782691917824
1185951783090298881
1185951783144820737
1185951783316795392
1185951783794987018
1185951784185073665
1185951784541589504
1185951784650641411
1185951784696713216
1185951784705101830
1185951785191538688
1185951785330106368
1185951785493483520
1185951785539817473
1185951785573376002
1185951785657061381
1185951785736908801
1185951785820798977
1185951785883787269
1185951786131218433
1185951786173161472
1185951786420572161
1185951786575847425
1185951786638729220
1185951786710032388
1185951786902970368
1185951786928095232
1185951786928164865
1185951786991005698
1185951787011981313
1185951787024551941
1185951787041337345
1185951787058171904
1185951787163013121
1185951787288797185
1185951787368493056
1185951787435483136
1185951787699843074
1185951787796357122
1185951787938959362
1185951788052238337
1185951788479893504
1185951788584833029
1185951789016682496
1185951789163667458
1185951789541216257
1185951789599866886
1185951789927022599
1185951789943787521
1185951790002507776
1185951790052892678
1185951790136737793
1185951790287740930
1185951791067873281
1185951791076302848
1185951791248269314
1185951791478968321
1185951791562797057
1185951791592153088
1185951791881453570
1185951791986421760
1185951792049381376
1185951792162627585
1185951792233897984
1185951792422625280
1185951792473006080
1185951792531726336
1185951792544309248
1185951792598667266
1185951792984543232
1185951793202810885
1185951793236320256
1185951793324314625
1185951793383002112
1185951793559162886
1185951793592918024
1185951793609674752
1185951793773191168
1185951793991376897
1185951794033233920
1185951794247000064
1185951794385563648
1185951794389606401
1185951794393993216
1185951794515632129
1185951794863771650
1185951795043958784
1185951795052367874
1185951795253841921
1185951795270606848
1185951795455123456
1185951795786534913
1185951795958423552
1185951796143017992
1185951796310761472
1185951796344303618
1185951796486987778
1185951796491177985
1185951796868595714
1185951796944101378
1185951796944162817
1185951797237735424
1185951797430673411
1185951797468381185
1185951797896273920
1185951798084984832
1185951798164643841
1185951798168821760
1185951798185607169
1185951798743445505
1185951798949023744
1185951799129395201
1185951799435579397
1185951799712174086
1185951799716564996
1185951799863369729
1185951800249274370
1185951800588812289
1185951800655937536
1185951800702058496
1185951800735744000
1185951800819630082
1185951800823865345
1185951800970665985
1185951801100488705
1185951801155047425
1185951801318825985
1185951801415217153
1185951801419485185
1185951801696231426
1185951802019201030
1185951802086297611
1185951802253967360
1185951802279243776
1185951802300207106
1185951802442698752
1185951802522587139
1185951802652528642
1185951802811801600
1185951802883227650
1185951803046686720
1185951803067813888
1185951803495591939
1185951803805880320
1185951804082872320
1185951804166676480
1185951804183498752
1185951804229668866
1185951804456128512
1185951804460339201
1185951804506419200
1185951804628131842
1185951804938428418
1185951805030703104
1185951805152231425
1185951805164929025
1185951805290766338
1185951805412388866
1185951805416587264
1185951805735202816
1185951806007980037
1185951806054158336
1185951806108639232
1185951806125305857
1185951806280499201
1185951806393765890
1185951806519726080
1185951806645399553
1185951806666313728
1185951806716862471
1185951806733590528
1185951806834302977
1185951807018799104
1185951807106965505
1185951807266148357
1185951807337566208
1185951807408881669
1185951807673004035
1185951807832576003
1185951808235200517
1185951808373612545
1185951808381956096
1185951808474075136
1185951809191530496
1185951809199718401
1185951809333907458
1185951809376079884
1185951809476726784
1185951809585713152
1185951809640321025
1185951809644486662
