1185951809795309568
1185951809795514368
1185951809837453312
1185951809883594753
1185951810051366914
1185951810290356226
1185951810319716352
1185951810328113152
1185951810584043523
1185951810659540993
1185951810680283136
1185951810852392960
1185951810898579456
1185951811116687360
1185951811124858880
1185951811217362944
1185951811225694208
1185951811292798977
1185951811359952899
1185951811586445312
1185951811607285765
1185951811766763521
1185951811976515587
1185951812333035522
1185951812794249216
1185951812840493058
1185951812890832896
1185951812957937665
1185951813071179777
1185951813201285120
1185951813243158529
1185951813360484352
1185951813494812672
1185951813507452928
1185951813532389380
1185951813666856960
1185951813956259841
1185951814094442496
1185951814258171904
1185951814308507651
1185951814514073600
1185951814572748801
1185951814702661634
1185951814975475713
1185951815004803072
1185951815030005765
1185951815277268993
1185951815793369090
1185951815952732162
1185951816032251904
1185951816154046466
1185951816170655744
1185951816594284544
1185951816615202817
1185951816661385216
1185951816682528768
1185951816900497408
1185951817194188800
1185951817303281664
1185951817324257280
1185951817378619395
1185951817538162688
1185951817550553090
1185951817626214402
1185951818167308293
1185951818175647744
1185951818272129027
1185951818376859648
1185951818410594305
1185951818527977472
1185951818603520005
1185951818708213760
1185951818737577984
1185951819081453568
1185951819328917506
1185951819429662720
1185951819559776257
1185951819723411456
1185951819769565184
1185951819933081607
1185951819933114368
1185951820100841472
1185951820146851841
1185951820184719360
1185951820239253504
1185951820469940224
1185951820725796866
1185951820939776000
1185951821166252033
1185951821183012864
1185951821199794176
1185951821468229633
1185951821518520320
1185951821707141120
1185951821724049408
1185951821916987392
1185951821954727936
1185951822327865346
1185951822776684544
1185951823070404611
1185951823720521730
1185951823775047680
1185951823896514560
1185951823988957184
1185951824005742593
1185951824047759361
1185951824123088896
1185951824148422656
1185951824660094976
1185951824676872192
1185951824739786753
1185951824785870851
1185951824890732547
1185951825041612800
1185951825402482691
1185951825511383040
1185951825524121606
1185951825670877184
1185951825922531328
1185951825985507333
1185951826039980037
1185951826107125760
1185951826111356928
1185951826157264897
1185951826216132610
1185951826312605696
1185951826350366720
1185951826451062784
1185951826497007617
1185951826845339648
1185951826992087046
1185951827084357634
1185951827143118848
1185951827537354752
1185951827554193408
1185951827575132166
1185951827671633920
1185951827960852480
1185951828032262146
1185951828074258437
1185951828711759872
1185951829001027584
1185951829269635073
1185951829273636864
1185951829332516866
1185951829353549824
1185951829357715463
1185951829437374465
1185951829559074817
1185951829659717633
1185951829689065472
1185951829860978688
1185951829865172993
1185951830003585026
1185951830083174400
1185951830095745025
1185951830272106496
1185951830330626048
1185951830372683778
1185951830511177728
1185951830569816069
1185951830594981890
1185951830867615746
1185951830993522689
1185951831006035970
1185951831027081221
1185951831161278464
1185951831282851840
1185951831337267200
1185951831568142339
1185951831656189953
1185951831697969154
1185951832037834753
1185951832042102784
1185951832050487298
1185951832054611968
1185951832616718338
1185951832671244289
1185951832792846336
1185951832981626891
1185951833099067393
1185951833472192515
1185951833753305090
1185951834067886080
1185951834097291264
1185951834286018561
1185951834604785667
1185951834650873858
1185951834671865861
1185951834936086528
1185951835351343104
1185951835493982208
1185951835640815616
1185951835678543874
1185951835963691009
1185951836030799872
1185951836039069696
1185951836156710912
1185951836399984641
1185951836819382273
1185951836823543811
1185951836919992324
1185951837213646851
1185951837293285377
1185951837482082305
1185951837574221824
1185951837989543937
1185951838257995777
1185951838715203586
1185951838815825921
1185951838899785728
1185951838908100608
1185951839294033927
1185951839541293057
1185951839554023427
1185951839575072774
1185951839617011713
1185951839876874241
1185951839952334849
1185951840007000064
1185951840422092800
1185951840724275201
1185951840766255104
1185951840791384064
1185951840795537408
1185951840850141184
1185951840871092225
1185951840879419395
1185951841185603584
1185951841416286208
1185951841512837120
1185951841726730242
1185951841768615942
1185951841806364674
1185951841898696710
1185951841940463616
1185951841948798978
1185951841957363718
1185951842058022913
1185951842070491136
1185951842125176834
1185951842502696961
1185951842989232130
1185951843148537858
1185951843538604040
1185951843676872705
1185951843693793283
1185951843714768901
1185951843941339137
1185951844302016512
1185951844675149825
1185951844847292416
1185951845023387649
1185951845048389635
1185951845442818049
1185951845463855104
1185951845468049410
1185951845539295232
1185951845749022721
1185951845799337984
1185951845891674114
1185951845912666117
1185951845979701248
1185951846051000320
1185951846118121472
1185951846504042497
1185951846789201920
1185951847158370305
1185951847204323329
1185951847217012736
1185951847388827648
1185951847560994820
1185951847980453890
1185951848538267648
1185951848626343936
1185951848789790720
1185951848982831106
1185951849079173120
1185951849087524864
1185951849246933000
1185951849519681537
1185951849741987842
1185951850060832771
1185951850081783808
1185951850262138880
1185951850320846848
1185951850513784835
1185951850685751307
1185951850966798336
1185951851016884225
1185951851025518599
1185951851663056898
1185951851700731904
1185951851725971456
1185951851734355968
1185951851750969344
1185951851818164226
1185951851889467394
1185951851931488256
1185951851960815616
1185951852073893889
1185951852178755584
1185951852313096193
1185951852363419649
1185951852384411649
1185951852413587457
1185951852501721089
1185951852514418691
1185951852589932544
1185951852661227520
1185951852732583938
1185951852845768705
1185951852942237701
1185951853021974528
1185951853353340930
1185951853374267394
1185951853575467008
1185951854011830274
1185951854066393093
1185951854276030465
1185951854620037120
1185951854943002632
1185951855064563718
1185951855072948224
1185951855081328641
1185951855102365704
1185951855546904579
1185951855576268805
1185951856100593665
1185951856176046080
1185951856381448193
1185951856700329990
1185951856737935361
1185951856909963264
1185951857027366912
1185951857123962881
1185951857283346438
1185951857404981250
1185951857476296704
1185951857564405761
1185951857719627777
1185951857832800257
1185951857996390400
1185951858101084162
1185951858180923393
1185951858206134280
1185951858214494209
1185951858575183872
1185951858868789250
1185951859003056128
1185951859082694656
1185951859221155840
1185951859401297920
1185951859602837520
1185951860169023489
1185951860311646208
1185951860374429698
1185951860408147968
1185951860475207680
1185951860487790598
1185951860697567233
1185951860777205760
1185951861083430913
1185951861184053250
1185951861217476608
1185951861343260673
1185951861456736257
1185951861687406592
1185951861800656896
1185951862064697344
1185951862136037377
1185951862169710592
1185951862375272448
1185951862513520641
1185951862534500353
1185951862631075840
1185951862882799616
1185951863046397953
1185951863218290688
1185951863344111616
1185951863520333826
1185951863599964160
1185951863704883200
1185951863704903681
1185951863713218560
1185951863755231233
1185951863927197696
1185951863931191298
1185951863952289792
1185951864120061952
1185951864132702208
1185951864325627904
1185951864380108800
1185951864476569602
1185951864631844864
1185951864694685697
1185951864854106112
1185951864937824256
1185951864963194881
1185951865281957891
1185951865294479364
1185951865361633282
1185951865554399233
1185951865760038917
1185951865789399040
1185951866003378178
1185951866057678848
1185951866162733056
1185951866385031168
1185951866401775616
1185951866435166208
1185951866468868096
1185951866582130694
1185951866649305088
1185951866691227648
1185951866783449090
1185951866812686336
1185951866812882944
1185951867018153985
1185951867056132097
1185951867177754624
1185951867358064642
1185951867399999488
1185951867488100355
1185951867492286464
1185951867731185665
1185951867760730112
1185951867840413696
1185951867894935553
1185951867987283971
1185951868070973440
1185951868154982402
1185951868276621315
1185951868347965442
1185951868465209344
1185951868561715201
1185951868578684935
1185951868658290690
1185951869035864064
1185951869207793664
1185951869237153793
1185951869262151687
1185951869467811848
1185951869841104897
1185951869887229953
1185951869954351107
1185951870172434432
1185951870206074880
1185951870558396418
1185951870570946563
1185951870604341248
1185951870617116672
1185951870906486787
1185951870923280384
1185951871036342273
1185951871133016066
1185951871137189888
1185951871141367814
1185951871300702208
1185951871816683522
1185951872110096384
1185951872135454724
1185951872248496128
1185951872387031041
1185951872470917121
1185951872890363909
1185951873225953281
1185951873406251009
1185951873456627712
1185951873469165574
1185951873473355778
1185951873473404928
1185951873640960000
1185951873859227649
1185951873859239936
1185951874278666240
1185951874312048642
1185951874433912832
1185951874500837376
1185951874664415233
1185951874668580865
1185951874731724806
1185951874752667650
1185951874752696320
1185951874807148544
1185951874870067201
1185951874916212736
1185951874958147584
1185951875021103105
1185951875050475528
1185951875058819073
1185951875130122240
1185951875268567040
1185951875880886273
1185951876015149056
1185951876161921024
1185951876724023296
1185951876879130625
1185951877059489794
1185951877839630338
1185951877877379072
1185951878066135041
1185951878212808705
1185951878296809473
1185951878636560385
1185951878644977665
1185951879001526272
1185951879030816770
1185951879047663618
1185951879085342721
1185951879152459776
1185951879303520257
1185951880263790593
1185951880381370369
1185951880532254721
1185951880717000706
1185951880809041920
1185951881060900864
1185951881077637120
1185951881090293762
1185951881396248576
1185951881744404480
1185951881828425728
1185951881870368768
1185951882176536577
1185951882466025472
1185951882549833728
1185951882608406529
1185951882705018881
1185951882952544256
1185951883095134208
1185951883770449920
1185951883791360006
1185951884055633920
1185951884076556289
1185951884097605632
1185951884366012417
1185951884508422145
1185951884693032960
1185951884856778753
1185951885016129537
1185951885360091139
1185951885838016512
1185951885892571136
1185951885968183296
1185951885980848129
1185951886039535616
1185951886228082688
1185951886693883904
1185951887171948544
1185951887339724801
1185951887675330560
1185951888002420739
1185951888144945152
1185951888224718848
1185951888300224513
1185951888417656839
1185951888501624834
1185951888614842369
1185951888832897025
1185951889260777472
1185951889600532481
1185951889856389121
1185951890397376513
1185951890455986177
1185951890552565761
1185951890623868928
1185951890741366784
1185951891018129410
1185951891034914818
1185951891102097408
1185951891143974912
1185951891227893763
1185951891315941380
1185951891383111680
1185951891458535424
1185951891458609159
1185951891466813440
1185951891500556289
1185951891559256064
1185951892037345280
1185951892213583877
1185951892377145347
1185951892393877505
1185951892628627456
1185951892758773760
1185951892763021313
1185951893027250180
1185951893413126146
1185951893639421954
1185951893794803712
1185951893966721024
1185951894054658053
1185951894239211520
1185951894310653952
1185951894348423168
1185951894432374784
1185951895074099200
1185951895216676864
1185951895380209667
1185951895459901441
1185951895686451201
1185951895728332803
1185951896206565376
1185951896298762241
1185951896483303424
1185951896546230272
1185951896634347520
1185951897062121474
1185951897255104513
1185951897452269568
1185951897536073728
1185951897854734339
1185951897942814720
1185951898081419266
1185951898228031488
1185951898303492096
1185951898362359808
1185951898379177984
1185951898387521537
1185951898408554496
1185951898496569347
1185951898735693824
1185951898844700674
1185951898916065284
1185951898983174145
1185951899125768192
1185951899188633601
1185951899213881349
1185951899687800832
1185951899784228871
1185951899893125120
1185951900123848706
1185951900962906121
1185951901000404992
1185951901247885312
1185951901268840448
1185951901407502338
1185951901587775489
1185951901591986176
1185951901667467266
1185951901822734336
1185951901915009026
1185951902049148928
1185951902263136258
1185951902351155200
1185951902367793152
1185951902426681344
1185951902779035649
1185951902795730944
1185951902829166593
1185951902850265088
1185951902909042688
1185951903018078208
1185951903374557184
1185951903563296770
1185951903592730625
1185951903672340480
1185951903844372481
1185951903873552384
1185951903970201601
1185951904419008518
1185951904540610561
1185951904775450627
1185951904850829323
1185951904976605184
1185951905324982272
1185951905387892736
1185951905396080640
1185951905496915969
1185951905496944640
1185951905547280384
1185951905609961472
1185951905958289414
1185951906100846592
1185951906138611713
1185951906553679872
1185951906679660544
1185951906918813696
1185951906990034944
1185951907199754241
1185951907514204160
1185951907577094144
1185951907870846976
1185951908269297664
1185951908877361152
1185951908961214466
1185951909397651456
1185951909502431238
1185951909527654401
1185951909531639808
1185951909628252165
1185951909699604482
1185951909921861633
1185951910014214145
1185951910504882176
1185951910504914944
1185951910588600320
1185951910626582528
1185951910718771200
1185951910823636993
1185951910957727745
1185951911079489536
1185951911385669632
1185951911414943744
1185951911629000704
1185951911910006785
1185951912107085825
1185951912295882752
1185951912299905024
1185951912690106368
1185951912992083969
1185951913034113025
1185951913256185857
1185951913294077954
1185951913310851073
1185951913407332354
1185951913466126342
1185951913503801347
1185951913679843328
1185951913977757696
1185951914200125447
1185951914560839680
1185951914803875840
1185951915181576192
1185951915609333760
1185951915810492417
1185951915974238208
1185951916033040386
1185951916041396224
1185951916078948352
1185951916104261633
1185951916150448129
1185951916444082176
1185951916498604033
1185951917047996416
1185951917089800193
1185951917261950976
1185951917471653888
1185951917530406918
1185951917719068672
1185951917907873793
1185951918096556032
1185951918151159814
1185951918398545920
1185951918847397889
1185951918868369408
1185951918872334336
1185951918910300163
1185951918935494658
1185951919367446529
1185951919862403074
1185951919883329536
1185951920441176065
1185951920885772289
1185951921078751233
1185951921116504064
1185951921133277185
1185951921158291462
1185951921359724545
1185951921431089157
1185951921829363713
1185951921854697477
1185951921884028928
1185951922018312192
1185951922668236800
1185951922785640448
1185951922844524551
1185951923054219270
1185951923175862274
1185951923205267462
1185951924295593990
1185951924350341120
1185951924564025344
1185951924740415488
1185951924924928000
1185951925063290882
1185951925172428800
1185951925264683009
1185951926023798784
1185951926082387968
1185951926107680779
1185951926183178242
1185951927412121601
1185951927802183683
1185951927915417600
1185951927961608192
1185951928028499969
1185951928263565314
1185951928477466626
1185951928787832833
1185951928943104000
1185951929341341697
1185951929601527808
1185951930117509121
1185951930251726849
1185951930398498816
1185951930444664833
1185951930515939328
1185951930645807105
1185951930662772736
1185951931010822146
1185951931119874048
1185951931216338945
1185951931249725440
1185951931396571137
1185951931765706753
1185951931778371586
1185951931828711426
1185951931879100417
1185951932181078017
1185951932382416897
1185951932600541184
1185951932776513536
1185951933061877761
1185951933074268160
1185951933326082048
1185951933540028417
1185951933607096320
1185951933762342919
1185951933842055169
1185951934173212672
1185951934412402689
1185951934714302465
1185951934773112832
1185951934978691072
1185951935821692930
1185951936341839875
1185951936358563842
1185951936366948353
1185951936396308480
1185951936647962624
1185951937142906880
1185951937188904960
1185951937339936769
1185951937533022208
1185951937642020864
1185951937658839040
1185951938040467457
1185951938149355520
1185951938610900993
1185951938677882880
1185951938774491138
1185951938904547328
1185951938967474177
1185951939047120898
1185951939168800769
1185951939223273472
1185951939399303168
1185951939907014657
1185951939995095040
1185951940007616512
1185951940120862722
1185951940183617536
1185951940527742976
1185951940586430467
1185951940737490950
1185951941039398914
1185951941123289088
1185951941148512257
1185951941278474241
1185951941773484034
1185951941777604614
1185951942133960705
1185951942192910337
1185951942385770496
1185951942414983170
1185951942704582656
1185951942721318913
1185951942771642368
1185951943010766848
1185951943392452608
1185951943744741377
1185951944008962048
1185951944118099970
1185951944143183873
1185951944193515521
1185951944470417409
1185951944566853633
1185951944591982592
1185951944801738755
1185951944877203456
1185951944914952192
1185951945057619969
1185951945262948358
1185951945330253824
1185951945405665281
1185951945489616897
1185951945992949766
1185951946395529217
1185951946521358337
1185951946760314880
1185951946949189634
1185951947167166470
1185951947205042176
1185951947511214082
1185951947632926720
1185951947855036416
1185951948098473985
1185951948354121728
1185951948366864384
1185951948521922563
1185951948731748352
1185951949247647746
1185951949293838346
1185951949415469058
1185951949545304071
1185951949562286083
1185951949658574848
1185951949834862593
1185951950204030976
1185951950275334146
1185951950359224322
1185951950384390144
1185951950866649088
1185951950875045890
1185951951055392774
1185951951130898433
1185951951550214144
1185951951583772672
1185951951789461510
1185951951827197952
1185951951923625987
1185951951927857152
1185951951936200704
1185951952179552261
1185951952292724744
1185951952414355457
1185951952443625473
1185951952607334400
1185951952825409536
1185951953010020354
1185951953181904896
1185951953718779904
1185951953718784002
1185951953865465861
1185951954163458048
1185951954364710912
1185951954503122949
1185951954503192576
1185951954599665664
1185951954805149696
1185951954926739458
1185951955077816321
1185951955333435392
1185951955585130497
1185951956004532224
1185951956419743745
1185951956868780034
1185951957036552192
1185951957338472449
1185951957447520256
1185951957485346817
1185951957908905987
1185951958085099522
1185951958374457344
1185951958659686400
1185951959012052998
1185951959100071936
1185951959104122881
1185951959129477120
1185951959217405953
1185951959745994752
1185951959754461193
1185951959758594048
1185951959968296963
1185951959989264384
1185951960329080837
1185951960731705346
1185951961541165056
1185951961595699200
1185951961725554691
1185951962048729088
1185951962388455425
1185951962392449024
1185951962451169286
1185951962493313026
1185951962673614848
1185951963067887620
1185951963160240137
1185951963315200002
1185951963839651840
1185951963915018240
1185951964099682304
1185951964342996992
1185951964460388359
1185951965001474049
1185951965131542531
1185951965169307648
1185951965186088960
1185951965244731392
1185951965488058368
1185951965609713665
1185951965873786880
1185951965886504960
1185951966482046977
1185951967086026757
1185951967161528320
1185951967283220481
1185951967434199041
1185951967451009030
1185951967534813185
1185951967669039106
1185951968394694658
1185951968969269250
1185951969288052738
1185951969640419333
1185951969837506561
1185951969892020224
1185951969933848581
1185951970454048776
1185951970500075521
1185951970592354304
1185951970596515840
1185951970902888448
1185951971108425730
1185951971121025024
1185951971175477254
1185951971309686784
1185951971376881664
1185951971544588289
1185951971930451971
1185951972039516162
1185951972043546625
1185951972043587584
1185951972169527296
1185951972358098946
1185951972362506243
1185951972517658627
1185951972651950080
1185951972853198848
1185951972979085312
1185951973423505409
1185951973482229760
1185951974006632453
1185951974023294981
1185951974082125824
1185951974497439745
1185951974547525633
1185951974874898433
1185951975051026438
1185951975088820224
1185951975176900608
1185951975201837057
1185951975365578752
1185951975365644289
1185951976070230017
1185951976389038081
1185951976443514883
1185951976447774720
1185951976502239233
1185951976636538880
1185951976691044355
1185951977374670848
1185951977802522632
1185951977995292677
1185951978079313920
1185951978184200195
1185951978645606400
1185951978670743554
1185951978733625344
1185951978913959936
1185951979169669120
1185951979220152321
1185951979287265284
1185951979316678656
1185951979618668550
1185951979954212864
1185951980231053317
1185951980302356480
1185951980335747072
1185951981002727425
1185951981233422343
1185951981493456896
1185951981506043904
1185951981816483841
1185951982269403137
1185951982592372741
1185951982626000901
1185951982877630464
1185951982936346625
1185951983053737986
1185951983288631299
1185951983422754817
1185951983460585472
1185951983527776256
1185951983531954178
1185951983724892161
1185951983770976256
1185951983846465536
1185951983930208256
1185951984949616643
1185951985004154880
1185951985419407360
1185951985926754304
1185951986010726400
1185951986346348544
1185951986350481408
1185951986404986880
1185951986526703616
1185951986706866176
1185951986799300608
1185951987394908160
1185951987503902720
1185951987533258752
1185951987554238464
1185951987587792896
1185951987873046528
1185951988133126144
1185951988221132801
1185951988233752582
1185951988430856195
1185951988623781889
1185951988799815680
1185951988980342785
1185951989080956928
1185951989206867977
1185951990259564546
1185951990309969923
1185951990649630721
1185951990792278019
1185951991169720320
1185951991199096837
1185951991312408577
1185951991316525056
1185951991417040898
1185951991924776961
1185951992113446917
1185951992302067712
1185951992373547010
1185951992394506240
1185951992541143044
1185951992604188674
1185951992738435074
1185951993048813569
1185951993153642496
1185951993275277314
1185951993329868800
1185951993363357704
1185951993417781248
1185951993535369216
1185951993539579905
1185951993891872773
1185951993946411014
1185951994038640641
1185951994277695488
1185951994336419840
1185951994630029314
1185951995422826498
1185951995510874117
1185951995557044224
1185951995959623680
1185951996236435456
1185951996345339909
1185951996769124358
1185951997062569985
1185951997071187969
1185951997368950785
1185951997662511106
1185951997842935808
1185951997889073152
1185951997960359936
1185951998249750529
1185951998400581638
1185951998455230465
1185951998509752320
1185951998547382273
1185951998635589639
1185951998836989952
1185951999197696004
1185951999294136320
1185951999461908483
1185951999495475202
1185951999700766720
1185951999935832064
1185952000044752896
1185952000111992832
1185952000552394753
1185952000560762885
1185952000959275009
1185952001667940353
1185952002087510016
1185952002943180800
1185952003450531845
1185952003488473088
1185952003538771968
1185952003777875969
1185952003824017408
1185952004226482176
1185952004381655041
1185952004713136128
1185952005279240192
1185952005358899200
1185952005463756801
1185952005606563840
1185952005631557632
1185952005765914624
1185952005803540480
1185952006088876034
1185952006134992901
1185952006378274816
1185952006483169288
1185952006676066310
1185952007145709569
1185952007649021952
1185952008244731904
1185952008337055750
1185952008735469568
1185952009192521728
1185952009503039489
1185952009503068162
1185952010211692545
1185952010312605696
1185952010899775488
1185952010962718721
1185952011637985280
1185952011646394369
1185952011734392832
1185952012069822465
1185952012275474432
1185952012300701698
1185952012355166210
1185952012522835968
1185952012707487744
1185952013084848128
1185952013198061569
1185952013366026240
1185952013512822784
1185952013793841154
1185952013869355016
1185952014276149248
1185952014359912449
1185952014573985793
1185952014943035394
1185952015379304451
1185952015425269760
1185952015639146496
1185952015828041731
1185952016104742912
1185952016226369536
1185952016268435462
1185952016272625666
1185952016440287232
1185952016599617536
1185952016675332096
1185952016721420288
1185952016738246656
1185952016813744128
1185952016998133760
1185952017044430848
1185952017094795265
1185952017228935168
1185952017707126787
1185952018172694528
1185952018193473536
1185952018273316865
1185952018852143105
1185952018982166528
1185952019108024320
1185952019548430338
1185952019581997058
1185952019959504897
1185952020043304960
1185952020433227776
1185952020483719168
1185952020697669632
1185952021003853824
1185952021481848832
1185952021494587392
1185952022027218947
1185952022207574022
1185952022350258180
1185952022434078720
1185952022610284545
1185952022689964033
1185952022920478720
1185952023210012674
1185952023398600704
1185952023436353536
1185952023440703488
1185952023839232000
1185952024397012997
1185952024522829825
1185952024531218432
1185952024925556737
1185952025160441856
1185952025286205441
1185952025454006272
1185952025462366209
1185952025588228097
1185952025772732417
1185952025865084928
1185952025881661444
1185952026221535232
1185952026326376449
1185952026414538752
1185952026707890176
1185952026741465088
1185952027253366784
1185952027374968832
1185952027664367617
1185952027760873472
1185952027865690113
1185952027991560193
1185952028037660672
1185952028075409415
1185952028188692480
1185952028385841153
1185952028486492162
1185952028654211077
1185952028696236033
1185952029006426113
1185952029232906240
1185952029450989568
1185952029904031750
1185952029924974594
1185952030164180995
1185952030520565760
1185952030520729606
1185952030612840449
1185952030617145344
1185952030952574976
1185952031233773568
1185952031300902912
1185952031749443585
1185952031942545414
1185952032261165056
1185952032294866944
1185952032521220096
1185952032601137152
1185952032684990471
1185952032877895680
1185952033028759552
1185952033259577344
1185952033397825538
1185952033414828034
1185952033884520448
1185952033896976390
1185952033909694464
1185952034253611009
1185952034727563267
1185952035339812864
1185952035352403968
1185952035763605506
1185952035952386048
1185952036166107142
1185952036300324864
1185952036602499075
1185952037072183297
1185952037181280256
1185952037344817152
1185952037592354816
1185952037638475776
1185952037655023616
1185952038200451073
1185952038301028352
1185952038376611841
1185952038435348483
1185952038737321990
1185952039135789056
1185952039278395395
1185952040045858816
1185952040360431616
1185952040373104643
1185952040515702784
1185952040628998145
1185952040779997184
1185952041153318912
1185952041274892289
1185952041274925057
1185952041274957825
1185952041283264518
1185952041388171265
1185952041413287938
1185952041421758466
1185952041849327616
1185952042038288384
1185952042059255811
1185952042621296640
1185952042734379011
1185952043057471489
1185952043103449090
1185952043258671105
1185952043468578816
1185952043753754625
1185952044126998530
1185952044147990528
1185952044546433024
1185952044550709254
1185952044584181764
1185952044626186243
1185952044768620545
1185952044949086208
1185952044957552641
1185952045314072576
1185952045964185600
1185952046203068416
1185952046253400064
1185952046291308545
1185952046303907841
1185952046761021442
1185952046777806848
1185952046945570816
1185952047008567298
1185952047167721472
1185952047339671554
1185952047398555648
1185952047419531264
1185952047461523456
1185952047482507266
1185952047499284480
1185952047952285696
1185952048539410432
1185952048770146309
1185952048933736448
1185952049290043393
1185952049709514753
1185952050187624449
1185952050233954305
1185952050426929152
1185952050443620353
1185952050443702274
1185952050997321728
1185952051248979969
1185952051626303488
1185952051655839746
1185952051886542849
1185952051903258625
1185952052809289732
1185952053115478016
1185952054885437441
1185952054927417344
1185952054969286656
1185952055023804416
1185952055153836032
1185952055560691713
1185952055627780096
1185952055808221186
1185952055820599296
1185952055866859526
1185952056202448897
1185952056269594624
1185952056298889216
1185952056403738625
1185952056684826625
1185952056953266176
1185952057565442048
1185952057704046592
1185952057922076672
1185952057955672065
1185952058094116866
1185952058123472898
1185952058333192192
1185952058676895744
1185952058681298950
1185952058685280256
1185952058748428289
1185952058769149952
1185952059088130048
1185952059092275205
1185952059121647618
1185952059406929920
1185952059461382144
1185952059545325568
1185952060040269826
1185952060220624897
1185952060363161602
1185952060425981952
1185952061155885057
1185952061302685699
1185952061692829697
1185952061898346497
1185952062741176320
1185952063060140035
1185952063110422529
1185952063366283264
1185952064272293889
1185952064586817537
1185952064695758848
1185952064716849152
1185952064947441665
1185952065098518535
1185952065429868546
1185952065773801473
1185952065870274561
1185952066109411329
1185952066264600580
1185952066474250253
1185952066553962496
1185952066637881345
1185952066767917056
1185952066776322048
1185952066889498624
1185952067057262592
1185952067082428416
1185952067258585088
1185952067392806918
1185952067556433920
1185952067606712320
1185952067640266753
1185952068030402562
1185952068047167489
1185952068160364545
1185952068437250050
1185952068638511109
1185952068831453185
1185952068948897792
1185952069120909312
1185952069146087424
1185952069158686722
1185952069292683266
1185952069418487808
1185952069619830785
1185952069980741633
1185952069997326337
1185952070031106054
1185952070542622720
1185952070819442688
1185952070832181248
1185952070844612608
1185952070874095616
1185952070978936834
1185952071054323712
1185952071104815104
1185952071121539075
1185952071280971776
1185952071394172933
1185952071654297600
1185952071687790593
1185952072145031170
1185952072149229569
1185952072295833601
1185952072690274304
1185952072711184386
1185952072912588800
1185952073050972165
1185952073101254657
1185952073210187777
1185952073558319104
1185952073654910976
1185952073843499008
1185952073856122881
1185952073973751809
1185952074154086406
1185952074263085057
1185952074284097536
1185952074518843392
1185952074573455361
1185952075420766210
1185952075865296896
1185952075890315264
1185952076137947138
1185952076477677579
1185952076615995397
1185952076872011777
1185952077123653632
1185952077262020609
1185952077484384258
1185952077505351680
1185952077626986496
1185952077639499776
1185952077824045056
1185952078180556805
1185952078772035584
1185952078868504583
1185952079115964418
1185952079312908288
1185952079510007808
1185952079770243073
1185952079799414784
1185952079875104770
1185952080273510407
1185952080445362176
1185952080571314181
1185952080617361409
1185952080864989185
1185952081070313474
1185952081837985793
1185952081984839680
1185952082173530113
1185952082777403392
1185952082815279105
1185952082945331200
1185952083096326144
1185952083129851904
1185952083608068096
1185952083645751296
1185952083758858241
1185952084073598976
1185952084274941953
1185952084304289793
1185952084472074240
1185952084639674369
1185952084753080322
1185952084765675520
1185952084769812481
1185952084820189186
1185952084937641984
1185952085008797696
1185952085218660353
1185952085289902081
1185952085327527936
1185952085713530885
1185952085763907585
1185952085839364096
1185952085843599362
1185952087097503744
1185952087127052288
1185952087215095808
1185952087273824257
1185952087433207808
1185952087869255680
1185952088494411776
1185952088578236418
1185952088687366144
1185952088775376896
1185952088859336706
1185952089169637377
1185952089421148162
1185952089731715072
1185952089882681344
1185952090599972866
1185952091048689664
1185952091363336192
1185952091384287232
1185952092214706176
1185952092395057152
1185952092483211266
1185952092487389185
1185952092625735681
1185952092671893504
1185952093141553153
1185952093191979009
1185952093217185794
1185952093263122433
1185952093510782977
1185952094131572737
1185952094630678529
1185952094760525830
1185952095016488961
1185952095318478852
1185952095477862400
1185952095494647810
1185952095515615237
1185952096014626816
1185952096069152768
1185952096392306688
1185952096690036736
1185952096874614784
1185952097084133376
1185952097273110531
1185952097457659904
1185952097558290432
1185952097558302720
1185952097835114497
1185952098216755202
1185952098417930241
1185952098506235910
1185952098522980352
1185952098820640769
1185952099428794373
1185952099575697408
1185952099764461568
1185952099772915712
1185952100246867973
1185952100255195136
1185952100305395713
1185952100322349059
1185952100485943301
1185952100712374272
1185952100896784384
1185952100964077571
1185952100985036801
1185952101366673410
1185952101404434434
1185952101609955328
1185952102562045952
1185952102662717443
1185952102809591814
1185952102847320070
1185952102973165568
1185952103002447873
1185952103145132032
1185952103157641216
1185952103501402113
1185952103514169344
1185952103639986178
1185952103652642819
1185952103715487745
1185952103950368772
1185952104239816705
1185952104730562560
1185952104986415106
1185952105321779202
1185952105376419841
1185952105426837504
1185952105472724992
1185952105967902728
1185952106089533441
1185952106336980992
1185952106471198722
1185952106584387584
1185952106601156611
1185952106655600640
1185952106689249281
1185952106810925056
1185952106982858752
1185952107691687941
1185952108312498177
1185952108350070784
1185952108572360704
1185952109113548803
1185952109155536896
1185952109172146176
1185952109314732032
1185952109407199232
1185952109625257984
1185952109650419718
1185952109658812417
1185952109683990528
1185952109851598848
1185952109918937090
1185952110053068800
1185952110887747584
1185952110917107712
1185952110988410887
1185952111152025605
1185952111814758406
1185952111898566656
1185952112531914753
1185952112833892355
1185952112980553728
1185952113014329349
1185952113052049413
1185952113073053696
1185952113244786689
1185952113374875648
1185952113668608000
1185952113861505030
1185952114201288705
1185952114205478912
1185952114239049729
1185952114247454720
1185952114524250115
1185952114696171520
1185952114754895881
1185952114843013120
1185952114872242176
1185952114998239233
1185952115103096834
1185952115174195201
1185952115237294080
1185952115249704962
1185952115744759811
1185952115941957632
1185952116227133440
1185952116256530434
1185952116554293248
1185952116566835200
1185952116587806721
1185952116663189505
1185952116789207041
1185952116868825088
1185952117124669440
1185952117317652482
1185952117510402048
1185952117766402053
1185952117959397378
1185952117997101058
1185952118026444803
1185952118122975241
1185952118290694144
1185952118303268864
1185952118412382211
1185952118521257985
1185952118907310080
1185952119062319106
1185952119213449216
1185952119385292801
1185952119641268225
1185952119645454338
1185952119884529665
1185952120014561283
1185952120090103808
1185952120102629377
1185952120526299137
1185952120526311427
1185952120551493633
1185952120652083200
1185952120983318529
1185952121067208705
1185952121109106688
1185952121746800642
1185952121847517184
1185952122032013312
1185952122073800705
1185952122073825282
1185952122115973120
1185952122308878336
1185952122598318085
1185952122803634176
1185952123059609601
1185952123072208896
1185952123332120576
1185952123583787008
1185952123583893505
1185952123609145350
1185952123890081792
1185952124179484673
1185952124204662784
1185952124343083011
1185952124401868800
1185952124410171392
1185952124569620481
1185952124741529607
1185952124745719808
1185952124754112513
1185952124875628544
1185952124947091458
1185952125257474048
1185952125496561665
1185952125538324482
1185952125790109698
1185952125806923777
1185952126750679040
1185952127224467457
1185952127853744133
1185952127883055104
1185952128004710400
1185952128466071553
1185952128554024960
1185952128579395584
1185952128663261184
1185952128759672832
1185952128763863042
1185952129531498501
1185952129908953088
1185952130038784001
1185952130378563584
1185952130642743298
1185952130668077057
1185952130710065152
1185952131154632708
1185952131192246272
1185952131196563456
1185952131674710016
1185952131758596096
1185952131926368256
1185952132022919168
1185952132203274240
1185952132362657793
1185952132450738176
1185952133092380674
1185952133214064640
1185952133243461633
1185952133272789004
1185952133314727937
1185952134078054400
1185952134145159169
1185952134359126016
1185952134371647488
1185952134577176582
1185952134644322305
1185952135407656960
1185952135416045569
1185952135453777920
1185952135499911170
1185952135759851521
1185952136259162113
1185952136367988736
1185952136590495744
1185952136884039682
1185952136896614400
1185952137047498753
1185952137303527425
1185952137941004288
1185952137966182400
1185952138222014465
1185952138666676226
1185952138888908800
1185952139719393280
1185952140524773376
1185952140545724416
1185952140679876614
1185952140734423045
1185952141053251584
1185952141162303489
1185952141359435782
1185952141418127360
1185952141644566528
1185952141652975617
1185952141653004290
1185952141833375745
1185952142101749762
1185952142387007491
1185952142600867841
1185952143955681281
1185952144924532737
1185952145016799232
1185952145067126784
1185952145104879624
1185952145117343744
1185952145184571397
1185952145562054657
1185952145612234753
1185952146149142528
1185952146195435520
1185952146358853632
1185952146812030976
1185952147340480513
1185952148271632384
1185952148426637312
1185952148674240515
1185952148904910850
1185952149014007809
1185952149051625473
1185952149194194944
1185952150368731139
1185952150507151361
1185952150712659969
1185952150779764736
1185952150968586248
1185952151035666432
1185952151299854338
1185952151320829955
1185952152138719232
1185952152193327104
1185952152323346433
1185952152587587585
1185952152625135616
1185952152814010368
1185952154034544644
1185952154105896961
1185952154739195906
1185952154756009984
1185952154873487360
1185952154907041793
1185952154944593920
1185952154944716800
1185952155066388480
1185952155284463623
1185952155565314049
1185952155636768768
1185952155825512448
1185952155888422912
1185952155926192130
1185952156165312517
1185952156328878081
1185952156391624705
1185952156693794816
1185952156999913473
1185952157805268995
1185952157817815040
1185952158207893504
1185952158254075905
1185952158258212864
1185952158275047424
1185952158493167621
1185952158589452288
1185952158765768705
1185952159634018305
1185952159831068673
1185952160070000640
1185952160678371331
1185952160883720192
1185952161089359873
1185952161479434241
1185952161815023616
1185952162003611649
1185952162133598208
1185952163824046082
1185952164083949568
1185952164461498368
1185952164692271105
1185952164692279296
1185952164755181568
1185952164956573704
1185952165371793410
1185952165581471745
1185952165623484418
1185952166462312448
1185952166701346821
1185952166734897153
1185952166898470913
1185952167322099712
1185952167468978177
1185952167687008259
1185952167921885190
1185952168110690306
1185952168320192513
1185952168345559042
1185952168349552640
1185952168588824576
1185952168810967040
1185952169482022912
1185952170308276224
1185952170471874561
1185952170530758657
1185952170946060289
1185952171130359810
1185952171499483136
1185952171713540097
1185952172170592257
1185952172388868099
1185952172703473670
1185952172820914179
1185952173160574976
1185952173630377985
1185952173886099458
1185952173903007748
1185952174355951619
1185952174674599936
1185952175484231680
1185952175840645122
1185952176482541568
1185952176587173889
1185952176658534400
1185952176700567552
1185952177434562560
1185952177522692097
1185952177552007169
1185952178235760640
1185952178424504322
1185952178550329344
1185952178852073472
1185952179162624001
1185952179309416448
1185952179519197185
1185952179766607882
1185952180056068102
1185952180689350659
1185952180815220743
1185952181263966208
1185952181461159936
1185952181704253441
1185952181826019328
1185952181922471936
1185952182035800064
1185952182056751106
1185952182220349441
1185952182241288193
1185952182492782592
1185952182543278080
1185952182568251393
1185952182983647235
1185952184153890817
1185952184212393990
1185952184866869249
1185952185051303937
1185952185068199936
1185952185223385090
1185952186230038529
1185952186297212929
1185952186586615810
1185952186594840578
1185952186867634177
1185952187429593088
1185952187504971776
1185952187769339905
1185952187878465536
1185952187916136456
1185952187945508869
1185952188625031170
1185952189078032384
1185952189119750144
1185952189270941698
1185952189912637441
1185952189929250816
1185952190365519873
1185952190701228033
1185952190743097345
1185952190780887040
1185952191074488320
1185952191556788227
1185952191569375233
1185952191871217664
1185952191896571906
1185952192064294915
1185952192466960385
1185952193054216192
1185952193976963074
1185952194073387008
1185952194165661696
1185952194513780737
1185952194656235520
1185952194689933313
1185952194731921410
1185952194740281345
1185952194903924736
1185952194928885760
1185952194954178562
1185952195285602304
1185952195486744577
1185952195663015937
1185952195730010112
1185952195730137088
1185952195859992576
1185952196078247936
1185952196203970560
1185952196539506688
1185952196560637952
1185952196766130179
1185952196799746054
1185952197164617731
1185952197500162050
1185952197584064512
1185952197588242434
1185952197646917633
1185952198028595203
1185952198225563648
1185952198355587072
1185952198405939201
1185952198792007681
1185952199735697410
1185952200540991488
1185952200541048834
1185952200708616193
1185952201266618374
1185952201572868096
1185952201681670146
1185952201958662144
1185952202000494593
1185952202382368774
1185952202512392193
1185952203082752002
1185952203187638272
1185952203246395398
1185952203347025921
1185952203464462336
1185952203795771392
1185952203900633089
1185952204076867586
1185952204387168257
1185952204395552770
1185952204546596865
1185952205058146304
1185952205251198977
1185952206027182080
1185952206392102912
1185952206396239873
1185952206681362432
1185952206933123072
1185952207050428416
1185952207062986752
1185952207478214656
1185952207889453056
1185952208170487808
1185952208296251394
1185952208560558080
1185952208593965056
1185952209026060288
1185952209307086848
1185952209466347521
1185952209676263424
1185952209915256832
1185952210221289472
1185952210347151360
1185952210385063938
1185952210582167552
1185952210884157440
1185952210997239808
1185952211077074947
1185952211802775563
1185952211936804865
1185952211974676481
1185952212062822401
1185952212251545601
1185952212465287169
1185952212746264576
1185952212876439553
1185952213019058177
1185952213220450304
1185952213367177218
1185952213396590599
1185952213841170433
1185952214805897216
1185952215451787266
1185952215648915458
1185952215699218433
1185952216022224896
1185952216265449472
1185952216278011906
1185952216370307072
1185952216437415936
1185952216529756160
1185952217402105857
1185952218047905792
1185952218442272769
1185952219012698113
1185952219285348355
1185952219700617216
1185952219838984192
1185952220027572224
1185952220073877506
1185952220103270400
1185952221097271297
1185952221432819714
1185952221457985542
1185952221734662145
1185952222116487170
1185952222141714434
1185952222376415233
1185952222527410177
1185952223341117441
1185952223483834373
1185952223777316866
1185952224310108160
1185952224641536000
1185952224834404353
1185952225304006656
1185952225606193152
1185952226533085185
1185952226705137666
1185952226885427200
1185952227241934851
1185952227401326592
1185952227472691200
1185952227833339906
1185952227854356482
1185952228173139968
1185952228689043457
1185952229150334977
1185952229204738049
1185952229473296384
1185952229624180736
1185952229670490112
1185952229921972226
1185952230400094208
1185952230618345473
1185952231209787392
1185952231213993985
1185952231658606592
1185952231713062912
1185952231750799362
1185952232409370630
1185952233244037127
1185952233478934528
1185952233524994051
1185952233554235392
1185952233835368450
1185952233839628289
1185952234842021888
1185952235471147009
1185952235873804289
1185952236159062016
1185952236272119808
1185952236293242880
1185952236444229632
1185952236481974276
1185952236935041027
1185952236960129024
1185952237316661249
1185952237861908480
1185952237966761984
1185952237991841792
1185952238423957505
1185952238428131334
1185952238927110144
1185952239141183489
1185952239355154432
1185952239392829440
1185952239438970880
1185952240034635776
1185952240093323266
1185952240256847872
1185952240575700992
1185952240605028352
1185952240680493056
1185952240923824129
1185952241259139072
1185952241372536832
1185952241624199168
1185952241766715392
1185952241859084288
1185952242135908352
1185952242228174849
1185952242521608192
1185952242689630208
1185952242983038976
1185952243096395777
1185952243310194689
1185952243486482434
1185952243704426496
1185952244233113600
1185952244598018048
1185952244602167297
1185952245046824961
1185952245143072768
1185952245403279362
1185952245776605184
1185952245805924352
1185952245831143424
1185952246066044928
1185952246200262658
1185952246892072960
1185952246997147650
1185952247479459840
1185952247944859657
1185952248418824192
1185952248611901440
1185952249790521344
1185952250411266049
1185952250436444160
1185952250658807809
1185952251573092358
1185952251757694977
1185952251912871937
1185952252059537408
1185952252407832577
1185952253057875970
1185952253485690881
1185952253632532481
1185952253921898497
1185952254206988288
1185952254576250887
1185952255620440064
1185952255708516352
1185952255801020416
1185952256983650310
1185952256987811840
1185952257147318275
1185952257201922058
1185952257210224641
1185952257331941376
1185952257965088769
1185952258015596544
1185952258074263552
1185952258145574915
1185952258799751168
1185952258908774400
1185952259353563136
1185952259416346624
1185952259642925056
1185952259701493760
1185952259961753601
1185952260121120773
1185952260976775168
1185952261828157441
1185952262037786624
1185952262075514880
1185952262163779585
1185952262599925762
1185952262792728576
1185952262872600576
1185952262876741633
1185952263682101248
1185952264361598981
1185952264428630016
1185952264516706304
1185952264751419392
1185952265221398529
1185952265338785792
1185952265405902848
1185952265737105408
1185952265745494016
1185952265837989888
1185952265904902146
1185952266290892806
1185952266320257026
1185952266597089281
1185952266819424257
1185952266836033537
1185952266999611393
1185952267008184320
1185952267297546242
1185952267934912512
1185952268144787456
1185952268383858691
1185952269063217152
1185952269352820737
1185952269403078656
1185952269780443136
1185952270120296448
1185952270132727808
1185952270749450240
1185952270908715009
1185952271047127040
1185952272003538945
1185952272796262403
1185952273437990917
1185952273538658304
1185952273618395137
1185952273874243584
1185952274046214149
1185952274461417474
1185952274595696640
1185952274683781121
1185952275489009664
1185952275874713600
1185952275983994882
1185952276189499392
1185952276508229633
1185952276516610054
1185952276554362881
1185952276877402112
1185952277468766210
1185952278005669888
1185952278743781376
1185952279435845632
1185952279532359686
1185952279582728197
1185952279914041344
1185952279968370689
1185952280027156481
1185952280895352832
1185952280895463425
1185952281134616576
1185952281335713792
1185952281855963136
1185952282057134080
1185952282451443712
1185952282875174912
1185952282967449604
1185952283080699905
1185952283470618624
1185952283558924289
1185952283755982849
1185952283772801025
1185952284263374848
1185952284343259137
1185952284540358658
1185952284615811077
1185952285131759617
1185952285655994369
1185952286180302848
1185952286478098432
1185952286675292160
1185952286998032384
1185952287212130305
1185952287539322880
1185952287686090753
1185952287736373249
1185952288193556486
1185952289040805889
1185952289372155905
1185952289556717568
1185952289942622209
1185952290110357504
1185952290433314817
1185952290567577603
1185952290609352704
1185952290936709120
1185952291070853120
1185952291393662976
1185952291540688896
1185952291683274752
1185952291875999744
1185952291964276738
1185952291997863936
1185952292178157568
1185952292215771136
1185952292475953153
1185952292962390018
1185952293163802630
1185952293314813954
1185952293335846912
1185952293453217792
1185952293654417408
1185952293964959749
1185952294103183360
1185952294153543680
1185952294820614145
1185952295286165504
1185952295785250820
1185952296053526532
1185952296137564162
1185952296229670912
1185952296418459649
1185952296766713858
1185952296884043776
1185952297131692033
1185952297316167680
1185952297483980800
1185952297521684481
1185952297676759040
1185952298045980679
1185952298851127296
1185952299534966792
1185952299966963713
1185952300071882752
1185952300142981120
1185952300176678913
1185952300264644610
1185952301653118979
1185952301678235648
1185952301699211264
1185952301955067915
1185952302458462213
1185952302529683459
1185952302638735361
1185952303272157186
1185952303494381571
1185952304249233408
1185952304316465153
1185952304706588674
1185952304937259008
1185952305235054593
1185952305411186689
1185952305608306693
1185952305620889602
1185952306434580483
1185952306786947073
1185952307147661312
1185952307357405184
1185952307382349826
1185952307436867584
1185952307445407744
1185952307625771008
1185952307659321344
1185952308158316546
1185952308313710592
1185952308322021379
1185952308548505602
1185952308716281861
1185952308766445569
1185952308951244802
1185952309009944576
1185952309446094850
1185952309605556224
1185952309806817280
1185952310612123649
1185952311459401731
1185952311518138368
1185952312944189440
