1185941743381778434
1185941743981809664
1185941744355102720
1185941744749203456
1185941745101627395
1185941745382633472
1185941746355703811
1185941746871488512
1185941747127468033
1185941747567910914
1185941747920228352
1185941748016734208
1185941748071010304
1185941749073698825
1185941749233061889
1185941749321097216
1185941749631348736
1185941749862154240
1185941750365462530
1185941750709391361
1185941750902337536
1185941751023976449
1185941751061725185
1185941751116136448
1185941751133069313
1185941751640547329
1185941752710082566
1185941753125322752
1185941753565761537
1185941754228432896
1185941755222515713
1185941755914604546
1185941756170424321
1185941756228988928
1185941757432872962
1185941758619860992
1185941759064510467
1185941761291501568
1185941761396527106
1185941761937629185
1185941762067587073
1185941762235195392
1185941762788995073
1185941763007176705
1185941763296382976
1185941763757727744
1185941763761926145
1185941764001034240
1185941764084920320
1185941764189769729
1185941764605014017
1185941764785524736
1185941764961636352
1185941765175611392
1185941766450667520
1185941766475829248
1185941766786211841
1185941768249982977
1185941768581332993
1185941768661094400
1185941768954474496
1185941769071947776
1185941769118244865
1185941769873231872
1185941770091356160
1185941770170970113
1185941770489741314
1185941771487830017
1185941772985425920
1185941773312548864
1185941774465933312
1185941774642110464
1185941775401340928
1185941775942406145
1185941776592494592
1185941777443971072
1185941777573961728
1185941777624092672
1185941777846624256
1185941778542874626
1185941778765094914
1185941778806886400
1185941779045969920
1185941779771777025
1185941780874907648
1185941781734666243
1185941782720319490
1185941783022145537
1185941783970115584
1185941784133636101
1185941784834301952
1185941784926359553
1185941785878679552
1185941786008707072
1185941786595717125
1185941787250253824
1185941787304611840
1185941787489251328
1185941788080640001
1185941790072942605
1185941790140096513
1185941790794440705
1185941791348006912
1185941791863984129
1185941792249864193
1185941792275030017
1185941792820224000
1185941793348767744
1185941793478717440
1185941794137051136
1185941794913181696
1185941795676590080
1185941795802419207
1185941795840102400
1185941796414726146
1185941797513695232
1185941797631135745
1185941798021148672
1185941798218272768
1185941798734176256
1185941799711363072
1185941800038612992
1185941800055463936
1185941800512565248
1185941803045924864
1185941803255717888
1185941803335241729
1185941803469627400
1185941804039979010
1185941804048437249
1185941804740468737
1185941805017247744
1185941805029707776
1185941805403197441
1185941805705187330
1185941805717708801
1185941806124421120
1185941807290605569
1185941807353364480
1185941807512899584
1185941807869452290
1185941808347525121
1185941808716533761
1185941809685385217
1185941810037706752
1185941810360635392
1185941810876694529
1185941811031883778
1185941811086295040
1185941811761745926
1185941812101316610
1185941812600590336
1185941812877250560
1185941814710325249
1185941814924189702
1185941815159148544
1185941815398060032
1185941815884566529
1185941815964422149
1185941816367112197
1185941817017196547
1185941817331605505
1185941817839308801
1185941818141216768
1185941818631950336
1185941820167065603
1185941820670468101
1185941820733149184
1185941820980772864
1185941821064564737
1185941822285082626
1185941822687907840
1185941823224721408
1185941823686168576
1185941824126377991
1185941824432525312
1185941824751296512
1185941824940204032
1185941824977997827
1185941825061830659
1185941825594355712
1185941826802339841
1185941828278743040
1185941828471672832
1185941828589309952
1185941828845084673
1185941829147136001
1185941829373566977
1185941829721776128
1185941829843406848
1185941829881081857
1185941830409445378
1185941830443130885
1185941830472491008
1185941830715822080
1185941831046975488
1185941831244308485
1185941831751741441
1185941832259330052
1185941832552849409
1185941834893275137
1185941835841200128
1185941835967016962
1185941836365479936
1185941836625367043
1185941836889640960
1185941837015597056
1185941837149663232
1185941837325983744
1185941837703307274
1185941838332661760
1185941838504583168
1185941838546505728
1185941838743638016
1185941839301480449
1185941839599296512
1185941839712571392
1185941839834075136
1185941841398484993
1185941841805488128
1185941842506014720
1185941842824589313
1185941842979934208
1185941844422807552
1185941844838010883
1185941846234685440
1185941846561869825
1185941846842925059
1185941847199440897
1185941847706951681
1185941848809988096
1185941849208475648
1185941849514696705
1185941850064064524
1185941851229933568
1185941851510956032
1185941852475793409
1185941853109047297
1185941854132539393
1185941854866403328
1185941855525101568
1185941855806078977
1185941856120692738
1185941856372305927
1185941856741400576
1185941858947653632
1185941859069120512
1185941860109475841
1185941860566601729
1185941860616945664
1185941860633759744
1185941860965081089
1185941861179019266
1185941861875273739
1185941862663806977
1185941863775309825
1185941864035340290
1185941864307986432
1185941864337289216
1185941864421023744
1185941864530075648
1185941865071284225
1185941865276858368
1185941865343934465
1185941866400960513
1185941866510016513
1185941867659182082
1185941868175151111
1185941868506419200
1185941869718654976
1185941870377082881
1185941870490345472
1185941870578409472
1185941871341780992
1185941871341821953
1185941871509434368
1185941872557973507
1185941872650276864
1185941873858404353
1185941875032821762
1185941875036807169
1185941875066310657
1185941875095691267
1185941875125096449
1185941875146002432
1185941875187953666
1185941875229900806
1185941875431215104
1185941875888394240
1185941876500828163
1185941876655955968
1185941876978749440
1185941877113143296
1185941877758906368
1185941878367145989
1185941879143239682
1185941880305004550
1185941880451850240
1185941881705897986
1185941881823399937
1185941882108465153
1185941882150576129
1185941882968383488
1185941883018760192
1185941883211505664
1185941883580755969
1185941885111734272
1185941885476626437
1185941885661188098
1185941886227353600
1185941886370009088
1185941887175352320
1185941887242461185
1185941887531847681
1185941888341291014
1185941889159192576
1185941889448591360
1185941890916589568
1185941890933415936
1185941891084251136
1185941891231178752
1185941891789086721
1185941891910643717
1185941892158107648
1185941892351086594
1185941893244260352
1185941894049730563
1185941895316475904
1185941895500812293
1185941896297889793
1185941896344027136
1185941897287733248
1185941897459699719
1185941898332164096
1185941898843869184
1185941899036618752
1185941899682701314
1185941899699462144
1185941899775004673
1185941899800203269
1185941900454326272
1185941901171548166
1185941901440102401
1185941902023114758
1185941902744543232
1185941903063355404
1185941903302217731
1185941903612743681
1185941903923134464
1185941904090976256
1185941904157892611
1185941904191578112
1185941904590065664
1185941904942256131
1185941905332289536
1185941905751924737
1185941905802055682
1185941906326466560
1185941906607333376
1185941906813005824
1185941907467313152
1185941908742295555
1185941910361268225
1185941911212720128
1185941911246389248
1185941911418347526
1185941912101896193
1185941913343549440
1185941913599447040
1185941913926373381
1185941914245156864
1185941915923046400
1185941916225036288
1185941916325572609
1185941916598374400
1185941917114257409
1185941917227540480
1185941917445607425
1185941917500137475
1185941918036852736
1185941918624018432
1185941918712238080
1185941918850670593
1185941918888484865
1185941918968098817
1185941919890890752
1185941920054423553
1185941920507453440
1185941920616304642
1185941920628916224
1185941921061056516
1185941921526620160
1185941921723756544
1185941921799254016
1185941922411507713
1185941922541690881
1185941923300687872
1185941923443499008
1185941923464392714
1185941924085141505
1185941924261355523
1185941924378636293
1185941925590786048
1185941926027157504
1185941926169718784
1185941926262050817
1185941926350131200
1185941926396289024
1185941926471700487
1185941927755157505
1185941928560467968
1185941928682180608
1185941931404283905
1185941932230479874
1185941932897456130
1185941932926742528
1185941933149118465
1185941933425856520
1185941934164054016
1185941934696738817
1185941934918926336
1185941934960975872
1185941935736770560
1185941936286420992
1185941936303214593
1185941936399667201
1185941936831639553
1185941937272082433
1185941937511190531
1185941938429558784
1185941939352428544
1185941939855736832
1185941940472180736
1185941940870758402
1185941941600604165
1185941941785153537
1185941942011482114
1185941942057734147
1185941942217007105
1185941942225588224
1185941942246477831
1185941944003772416
1185941944091832322
1185941945090301952
1185941945111240704
1185941946419728390
1185941948357664768
1185941948454100997
1185941948848201728
1185941949171286017
1185941949787840512
1185941950177804289
1185941950496534528
1185941951096463360
1185941951167762433
1185941951708880896
1185941952593846273
1185941952644177921
1185941953000726530
1185941953617289216
1185941953709596674
1185941953730531329
1185941953768243201
1185941954162499584
1185941954384842752
1185941954720337920
1185941954758090753
1185941954833604616
1185941955957678080
1185941956423143425
1185941956515520513
1185941956523900928
1185941957354360832
1185941957375344645
1185941957593272320
1185941957593272322
1185941959279550464
1185941959434756096
1185941959552028673
1185941959858425856
1185941960726634500
1185941961112543238
1185941961385095168
1185941962173698048
1185941962270105600
1185941962807037952
1185941963289182208
1185941963335290881
1185941964455370753
1185941966195965952
1185941966741299202
1185941967106166784
1185941967341064192
1185941967605305345
1185941967714340864
1185941967970230272
1185941968003784706
1185941968351846400
1185941968381239297
1185941969652109312
1185941969673084928
1185941969803104256
1185941969916305410
1185941971375919107
1185941971552161799
1185941971854069760
1185941972927864834
1185941973321928709
1185941973699567617
1185941973930258433
1185941974320373762
1185941975373103105
1185941975754776577
1185941976329457665
1185941976526536706
1185941976593719297
1185941976912482304
1185941976916447234
1185941977042309120
1185941977134764034
1185941977503690753
1185941977625432067
1185941978468569088
1185941979043188736
1185941979391299586
1185941979483402240
1185941979504562176
1185941980540481537
1185941980976537600
1185941981706543104
1185941982763540480
1185941982788632583
1185941982830645254
1185941982935470080
1185941983396687872
1185941983690416129
1185941983908356097
1185941984483131393
1185941984495583232
1185941984537649152
1185941986102140928
1185941986404122624
1185941986978627585
1185941987419144192
1185941987930857472
1185941987985371136
1185941988853649409
1185941989545709571
1185941990934040576
1185941991252791297
1185941991428907008
1185941991525376000
1185941992812843008
1185941993270198272
1185941993513312257
1185941993870036992
1185941995371581440
1185941995971321858
1185941996483022849
1185941996852039680
1185941996881547264
1185941998026612736
1185941998215319553
1185941998655725574
1185941998751997953
1185941998982909953
1185941999012241410
1185941999100321793
1185941999251316736
1185941999767166976
1185942000262172672
1185942001528623104
1185942001956638720
1185942003177152513
1185942004204822529
1185942004452212741
1185942004859047936
1185942005051846657
1185942006713016320
1185942007849484289
1185942008390737920
1185942008877043713
1185942009963601920
1185942010949095426
1185942011242786818
1185942011393773569
1185942011616153600
1185942011804819456
1185942011804819464
1185942012756934658
1185942014044577792
1185942015218987008
1185942015436943361
1185942015533633536
1185942017609740290
1185942017869783045
1185942018033442817
1185942018448592897
1185942019685965824
1185942020101197824
1185942020407418881
1185942020789018624
1185942022009643008
1185942022751956993
1185942023129436160
1185942024090013697
1185942024949645312
1185942024962199554
1185942025054625793
1185942025490911232
1185942025746735105
1185942026711261184
1185942028191842305
1185942030121422849
1185942030314299392
1185942030557552642
1185942032205803525
1185942032461647873
1185942032520491008
1185942033338208257
1185942034412118016
1185942034525360129
1185942034621833216
1185942036068716546
1185942036240842756
1185942037377339393
1185942038807662592
1185942039856328704
1185942040149815297
1185942040347107329
1185942041454399489
1185942041588633601
1185942042381291526
1185942044432142338
1185942045149618176
1185942045925543938
1185942045937922048
1185942045938061312
1185942046156230656
1185942046160441350
1185942047070576640
1185942047162683393
1185942047393341440
1185942047523512320
1185942047636672512
1185942047921975297
1185942048362229760
1185942049310330881
1185942049385865217
1185942049427775488
1185942049712820224
1185942049842966528
1185942049947869184
1185942049998159872
1185942050170163200
1185942050413236224
1185942051017375744
1185942051164250114
1185942052758048773
1185942052787441671
1185942053391392773
1185942054414753793
1185942056042143744
1185942056209793026
1185942056230903811
1185942057103302657
1185942057807859712
1185942058659389441
1185942059183677440
1185942059234058245
1185942059313782785
1185942059489906690
1185942060664328196
1185942061012439040
1185942062224551937
1185942063055101965
1185942063642300416
1185942064535658496
1185942065315627010
1185942065697439744
1185942067492675584
1185942067668836352
1185942067794632705
1185942067807211521
1185942068226605056
1185942068662886406
1185942069224697856
1185942069476560897
1185942069937758210
1185942070168621056
1185942070458048521
1185942070927728640
1185942071716089856
1185942071900868608
1185942071917629441
1185942072164962304
1185942072357863429
1185942072576098306
1185942073356279808
1185942073482063878
1185942073700020224
1185942074883006466
1185942075117883396
1185942075180634112
1185942076829192192
1185942077550538754
1185942077798080514
1185942078116782080
1185942078267809792
1185942078448115714
1185942079408492544
1185942079647748096
1185942079869980674
1185942079903555584
1185942080738201600
1185942082185244672
1185942082269188102
1185942082910904320
1185942083141591041
1185942083389005825
1185942083502260224
1185942084009611264
1185942084437471233
1185942084731265030
1185942084785713152
1185942084974333952
1185942085045817345
1185942085217579008
1185942085628846083
1185942085792358400
1185942085876244480
1185942086635474944
1185942086677344257
1185942086765416449
1185942087016972288
1185942087700758530
1185942089756037121
1185942090452213760
1185942091878281216
1185942092083814400
1185942092599775238
1185942092838834176
1185942093027598336
1185942093245501442
1185942093467963392
1185942094575292416
1185942096970244102
1185942097502883840
1185942098509471751
1185942098887041024
1185942099495047174
1185942100229197824
1185942100363399170
1185942100795260930
1185942102259175425
1185942102695464961
1185942102783356928
1185942102892527617
1185942103123251201
1185942103777525762
1185942104742211584
1185942104972898304
1185942105090416641
1185942105689972736
1185942106491310082
1185942106876964864
1185942107296415745
1185942107367845890
1185942107501912065
1185942107737022466
1185942108290633728
1185942109163012096
1185942110001864705
1185942110274490369
1185942110983327744
1185942111167713280
1185942111646076929
1185942111859793920
1185942111876722689
1185942112556191744
1185942112904368129
1185942113529319426
1185942113881427968
1185942113911005184
1185942115395588099
1185942116112961536
1185942116192718853
1185942116683452416
1185942117476196358
1185942118692462593
1185942118696673280
1185942118981754880
1185942119472599045
1185942120126918658
1185942121905307648
1185942122110902272
1185942122266087424
1185942122274402304
1185942122484191237
1185942122660282368
1185942122660290560
1185942122907746304
1185942123750809600
1185942124015083527
1185942124388376576
1185942125034328064
1185942125487230977
1185942125512278017
1185942125722177542
1185942126049271808
1185942127290781696
1185942128574259200
1185942129333456897
1185942129484406784
1185942129689759744
1185942129916420096
1185942130470129664
1185942131518648323
1185942132239978496
1185942132349165576
1185942132562857987
1185942133062230016
1185942133724925952
1185942134127501313
1185942134404370433
1185942135008387072
1185942135436132352
1185942136346288128
1185942136555999236
1185942136719433728
1185942136962854912
1185942137894035456
1185942138753896448
1185942140263817217
1185942140548997122
1185942141173927936
1185942141551419393
1185942142423748608
1185942142528774146
1185942142755016704
1185942144768466946
1185942144827252736
1185942144873316352
1185942144994832384
1185942145712250880
1185942145732997120
1185942146064384000
1185942146265817089
1185942146521747456
1185942146605600770
1185942146744016896
1185942146945302529
1185942147276644352
1185942148488687616
1185942148849512449
1185942148883058690
1185942149306683395
1185942149721972738
1185942150263037954
1185942152200589312
1185942153123504128
1185942153400344577
1185942153677168640
1185942155371667457
1185942156097179650
1185942156206379008
1185942156269314048
1185942157250777088
1185942157288464384
1185942157930225666
1185942158408335360
1185942159549063169
1185942159930908673
1185942161059143681
1185942161138900993
1185942161361117184
1185942161679732737
1185942162074001408
1185942162149662721
1185942163324112896
1185942163592531968
1185942164217323521
1185942164263579649
1185942164775276544
1185942164896915457
1185942164972429314
1185942165006045184
1185942165333139456
1185942165475729408
1185942167770017794
1185942168126406656
1185942168160165894
1185942169762324480
1185942170009649153
1185942170148098049
1185942170521559040
1185942170655576064
1185942170857103361
1185942171742064640
1185942172161458176
1185942173889503232
1185942175294603264
1185942175491731456
1185942176657760258
1185942178482159616
1185942178901757953
1185942179560198144
1185942180088733697
1185942180101099520
1185942180285861893
1185942180424310784
1185942180462039042
1185942180894072832
1185942181762273280
1185942182512885761
1185942183343546369
1185942183477727238
1185942183775358977
1185942183985197062
1185942184983269378
1185942185046413314
1185942185839075331
1185942185864318976
1185942185964986369
1185942185977536514
1185942186157891585
1185942186216579072
1185942186447327233
1185942186979811329
1185942187093172225
1185942187428777985
1185942187739111427
1185942188372480005
1185942188816945152
1185942188963831813
1185942189274066944
1185942189471420416
1185942189773410304
1185942190813528065
1185942190998065152
1185942193544073217
1185942193929895937
1185942194290483201
1185942195561467905
1185942196937097217
1185942196949868549
1185942197205688325
1185942197365067776
1185942197406855169
1185942197851607042
1185942198094848001
1185942198296158208
1185942198602358786
1185942198728060930
1185942199088959488
1185942200074592261
1185942200854540288
1185942201345302529
1185942201706205190
1185942202297532419
1185942203094437889
1185942203652300800
1185942203790553088
1185942204214382597
1185942204331765760
1185942204411346945
1185942204503642112
1185942206089252865
1185942206391209991
1185942206873366529
1185942206932230144
1185942207087464449
1185942207141949443
1185942207162994689
1185942208027021313
1185942208551124992
1185942208584781825
1185942209314639872
1185942210090422272
1185942210149322752
1185942210950422528
1185942211419987969
1185942211516485632
1185942211936043008
1185942212531675136
1185942212548485120
1185942213890469893
1185942214477697025
1185942214649638913
1185942216184868865
1185942216361103360
1185942217329917953
1185942217338302474
1185942217736802304
1185942218403545089
1185942218793717760
1185942218797912071
1185942218906853376
1185942219309703169
1185942220085612544
1185942220219801601
1185942220932878336
1185942221155192832
1185942221796859904
1185942224032485377
1185942224133087232
1185942224531611648
1185942224648986626
1185942225483653120
1185942226162970624
1185942226582622210
1185942226876194817
1185942227568267265
1185942229124370432
1185942229724160002
1185942229912899584
1185942230063693824
1185942230281920512
1185942232102162432
1185942232160964614
1185942232408428545
1185942232744058880
1185942233234718720
1185942233436037120
1185942233490563074
1185942233494757377
1185942234476302340
1185942234492895232
1185942234794840064
1185942235327582208
1185942236095229955
1185942237013823490
1185942237416513536
1185942237764554752
1185942238280454145
1185942239161257986
1185942239958196226
1185942240000126976
1185942240612487170
1185942240675483649
1185942240683876353
1185942240742510592
1185942241249878016
1185942241359085568
1185942241434619905
1185942241480794113
1185942241501761537
1185942241921118209
1185942242529288192
1185942242638356480
1185942242969690112
1185942243078574083
1185942243904913408
1185942244085424129
1185942245704392705
