1185945266718949376
1185945267213877249
1185945268463820800
1185945269151518720
1185945269306888192
1185945274621009920
1185945274721755140
1185945275317272577
1185945275472531456
1185945277469003778
1185945277603221507
1185945277884256259
1185945278765060099
1185945278844678145
1185945279624896515
1185945279809359872
1185945280367251456
1185945281277227008
1185945284133707776
1185945285601701888
1185945286902009869
1185945289796063232
1185945289963769856
1185945290471366657
1185945290882342913
1185945291150651392
1185945291373076480
1185945295487680512
1185945297169666048
1185945297345810433
1185945298872553472
1185945299027546113
1185945300029980672
1185945303310131200
1185945304077615106
1185945304786522114
1185945304799023104
1185945305453346816
1185945305629515777
1185945305658867712
1185945308129300482
1185945309182078976
1185945309458792448
1185945309584805888
1185945310952120321
1185945313808388098
1185945313821020161
1185945313992937472
1185945314714443776
1185945315456770048
1185945316081704960
1185945316509601794
1185945316715094018
1185945318799675393
1185945319294619648
1185945320078753794
1185945325338550272
1185945325586006016
1185945328211628046
1185945328484265984
1185945332557012992
1185945332863131648
1185945333492277251
1185945337011175424
1185945337497817088
1185945338122661888
1185945339213299712
1185945341159464960
1185945341855596544
1185945342497492994
1185945342828859392
1185945343130832896
1185945343978065920
1185945344523329537
1185945345072750592
1185945345756467200
1185945346452574208
1185945348428177408
1185945348839264256
1185945349808164864
1185945350093393920
1185945350177198082
1185945350349045760
1185945350386769921
1185945352026898434
1185945352354091008
1185945352479924226
1185945353939542016
1185945354128297986
1185945354740682752
1185945356154163201
1185945357064331265
1185945357219315712
1185945357680660480
1185945357890543617
1185945358217560066
1185945359991922692
1185945362395287553
1185945363812900865
1185945364442107905
1185945364513415169
1185945366006583296
1185945366107246594
1185945366174355457
1185945366845415426
1185945367696855040
1185945368296677383
1185945368623828993
1185945368657309697
1185945369252900867
1185945369370169350
1185945372209876993
1185945372704657412
1185945372889374721
1185945373761605633
1185945374370025473
1185945374583939072
1185945374600716293
1185945375212851201
1185945376475492353
1185945381739220992
1185945383123292161
1185945383526121472
1185945384763514881
1185945385010913287
1185945385883373568
1185945386562838529
1185945389096210432
1185945390065094656
1185945390866206720
1185945391516307456
1185945391897993216
1185945394041294849
1185945394112552960
1185945394523582467
1185945394968170496
1185945395748364288
1185945395840446469
1185945396796895232
1185945398285877249
1185945398948569089
1185945402677387264
1185945403340005376
1185945404082278400
1185945404283609088
1185945404422025216
1185945404686233600
1185945406318010370
1185945406469017600
1185945406611562496
1185945409346265088
1185945410218672129
1185945410285772800
1185945410910720001
1185945411334348800
1185945411552530433
1185945411716112384
1185945412294725632
1185945412626075648
1185945412798156801
1185945413217587200
1185945413364391936
1185945419345358848
1185945419999862791
1185945420431810560
1185945421304209408
1185945421597818886
1185945421740433408
1185945424970080256
1185945425574060033
1185945425607565312
1185945426354147328
1185945426706534400
1185945426903605249
1185945427125952512
1185945427272781824
1185945428128194560
1185945428740542466
1185945430573617153
1185945431819325441
1185945432964452353
1185945433237049348
1185945433287221248
1185945433341865984
1185945434939895809
1185945435845906434
1185945436147851265
1185945436651229184
1185945436672135168
1185945436714086405
1185945437460713472
1185945437548826625
1185945438160994305
1185945438274240513
1185945440325439490
1185945441147465731
1185945441310928896
1185945441382391810
1185945441453641728
1185945441591910400
1185945442389024768
1185945443244675073
1185945445068992512
1185945445563957248
1185945446021259264
1185945446277103616
1185945447057281024
1185945447078215680
1185945447728156672
1185945449632583680
1185945449854844928
1185945452019146752
1185945452803481603
1185945453394706432
1185945454086971392
1185945457048064003
1185945457165504513
1185945457337323522
1185945458021195776
1185945458889383936
1185945459057147904
1185945460185260033
1185945460391010304
1185945463259848704
1185945463473741826
1185945466183262209
1185945466808094721
1185945468204965888
1185945468469161984
1185945468938915840
1185945469073154049
1185945473208553476
1185945474068635649
1185945474165084160
1185945474412376064
1185945474412400640
1185945474672582656
1185945476438331392
1185945477222752258
1185945478606798849
1185945479290347522
1185945480196284419
1185945481681293313
1185945482016616450
1185945482272694273
1185945482545287168
1185945482868219905
1185945483044409345
1185945483442679808
1185945483644166144
1185945484273172480
1185945486341136384
1185945486391427072
1185945486844448769
1185945487775424513
1185945487951777792
1185945488199213056
1185945489599954945
1185945489868541952
1185945489927069697
1185945490350850048
1185945491269439488
1185945491411881984
1185945491680497664
1185945492368297985
1185945492481597441
1185945492754178050
1185945493114740736
1185945493127303169
1185945493425270784
1185945494343827456
1185945495082065920
1185945495098789889
1185945497078398976
1185945497338552320
1185945498848415749
1185945499259559936
1185945499305676800
1185945499347705858
1185945499435782144
1185945501738385410
1185945501839056896
1185945501839056897
1185945503957078018
1185945504162701313
1185945504221487105
1185945504300982273
1185945504615501824
1185945506410881024
1185945506616356864
1185945507232923649
1185945507811790848
1185945508268986369
1185945509694828544
1185945510412197890
1185945510873620481
1185945514593800197
1185945515822866432
1185945516250730497
1185945516317839360
1185945517563486211
1185945517710295040
1185945517865369600
1185945521384501248
1185945522290515969
1185945522726678529
1185945523439751170
1185945524744196097
1185945525142478848
1185945525465554946
1185945525721411584
1185945527537537025
1185945528875532289
1185945530041556992
1185945530230329345
1185945531597631489
1185945535649374208
1185945536916000768
1185945538094497793
1185945538459590656
1185945538480488448
1185945538870403072
1185945539218759682
1185945539319341056
1185945539340328961
1185945539344506880
1185945539352903681
1185945539365527554
1185945539386458112
1185945540950925312
1185945543480086528
1185945543811518464
1185945546642599938
1185945547191930881
1185945549289279493
1185945549880659969
1185945551063441408
1185945554645405697
1185945555127668740
1185945555337240576
1185945556855734273
1185945557229068293
1185945558000619520
1185945558130790400
1185945558822871042
1185945560303443968
1185945560878063617
1185945560915808256
1185945563667275777
1185945564225134592
1185945564682346499
1185945566049685504
1185945566909386752
1185945567437807617
1185945567454781441
1185945568771760128
1185945569900060673
1185945570218786816
1185945570323632128
1185945572202577920
1185945572521332737
1185945574060769280
1185945575113535494
1185945575927304192
1185945576988274690
1185945577730854915
1185945577978290176
1185945578469036032
1185945579702145025
1185945580620648449
1185945583074328577
1185945584370442241
1185945584676589568
1185945586115235841
1185945586593341440
1185945586643734528
1185945586802933760
1185945587251896321
1185945588141121537
1185945590234001408
1185945590569623557
1185945590582120448
1185945592809345030
1185945592922550273
1185945593346220033
1185945593362944000
1185945594050830336
1185945594067640321
1185945594499612678
1185945594982027271
1185945595267162113
1185945596051542021
1185945596202381312
1185945596206682112
1185945597972336640
1185945597989146625
1185945598035234816
1185945598555557889
1185945599079788544
1185945599155298304
1185945599985815553
1185945600094851074
1185945600275165184
1185945602615586819
1185945603240448000
1185945603458686976
1185945603915821060
1185945604075048960
1185945606558310401
1185945607598301184
1185945609443954688
1185945609536032769
1185945614808420354
1185945615034978306
1185945617920598017
1185945618180722688
1185945618319138816
1185945618323251200
1185945618390249472
1185945618507882496
1185945619753553921
1185945620319748096
1185945620562898947
1185945621892620288
1185945622186094592
1185945622488211456
1185945623046115333
1185945623905931265
1185945624480497664
1185945625017409536
1185945625331978240
1185945625642360834
1185945625705078784
1185945626216935425
1185945627047485440
1185945627781488640
1185945628792066049
1185945629337571328
1185945629635182594
1185945630000046081
1185945631392702464
1185945631501836290
1185945631854137346
1185945631896035328
1185945632025935872
1185945632994975744
1185945633460490245
1185945633649299456
1185945634068664322
1185945634190352385
1185945637579317249
1185945637658869760
1185945638523019264
1185945639214927872
1185945640028778497
1185945640083378177
1185945640347586561
1185945640452476928
1185945644139208710
1185945644273414144
1185945644281876481
1185945644286001152
1185945647712620545
1185945647712743424
1185945647729516544
1185945647981056000
1185945648220082176
1185945650619473926
1185945652146163712
1185945654398455809
1185945654415298567
1185945655103107072
1185945655967207427
1185945656944410627
1185945657259036672
1185945658055954433
1185945658538242048
1185945661969223680
1185945662623498240
1185945663172988930
1185945663785328640
1185945664565456896
1185945665102405632
1185945665261707265
1185945666977030144
1185945669103697921
1185945670311653377
1185945670760501249
1185945671607750663
1185945671762894849
1185945672413057029
1185945672417198082
1185945672421445634
1185945672488574978
1185945672509513728
1185945675852181505
1185945676548628480
1185945677421002754
1185945678389886976
1185945679245520896
1185945679576875009
1185945679597899778
1185945683255332864
1185945683355983872
1185945684027068418
1185945685658669056
1185945686019362816
1185945686895972353
1185945687629926402
1185945687801810944
1185945688695279617
1185945689672617984
1185945689722904576
1185945689966206981
1185945692742676480
1185945693581697025
1185945694013538304
1185945694605139968
1185945695938695171
1185945696500879360
1185945696504963072
1185945697574510592
1185945698069561344
1185945699684438016
1185945699986427905
1185945700279951360
1185945700611350533
1185945701030731776
1185945701068374016
1185945702012248064
1185945704188932099
1185945705153814528
1185945706084929537
1185945707213152256
1185945707624239105
1185945708190425088
1185945710388224000
1185945710497153024
1185945710815924225
1185945711231164417
1185945711298404353
1185945711613009920
1185945713664020481
1185945714829991936
1185945715366940673
1185945716872699904
1185945718252605440
1185945719124955136
1185945719758303232
1185945719917731843
1185945720249077761
1185945720421076993
1185945723247968257
1185945724510453761
1185945724527300609
1185945724556587008
1185945725642911744
1185945727035424770
1185945727219982336
1185945727912103936
1185945728369201153
1185945728662806531
1185945734853615617
1185945736103358465
1185945737105956865
1185945737307156480
1185945737676214277
1185945738276040704
1185945738431340546
1185945738661916672
1185945739417047043
1185945740729896960
1185945741031890946
1185945742512406530
1185945742545952774
1185945742898356224
1185945744357888011
1185945745335173127
1185945745355968512
1185945745909829634
1185945746165714945
1185945746769612807
1185945748090871811
1185945748094869506
1185945748418039808
1185945748468387840
1185945748807938048
1185945749122625543
1185945749386870784
1185945749504188416
1185945749860675585
1185945750578094085
1185945751509037056
1185945751706202112
1185945754604593152
1185945755980353538
1185945756211044353
1185945757783773185
1185945758060699651
1185945758421250049
1185945760103325696
1185945763492356099
1185945764326821889
1185945764486434816
1185945765190877184
1185945765681565696
1185945765706944514
1185945766617145345
1185945768282091520
