1185961372900835329
1185961373513084928
1185961373672427520
1185961376671387649
1185961376767983616
1185961379523510275
1185961380161163267
1185961380870008832
1185961381469806592
1185961381566320644
1185961381713068032
1185961382019293187
1185961382430179328
1185961382640078848
1185961384019935238
1185961384661704704
1185961384858849280
1185961384862982144
1185961385391472642
1185961385936719872
1185961386024718337
1185961386708484097
1185961386955935748
1185961387224391681
1185961387455057924
1185961388428136448
1185961388788895745
1185961389250240512
1185961390114332681
1185961390311399430
1185961390462439424
1185961391804551168
1185961392534441985
1185961392614137857
1185961392937062402
1185961393230635008
1185961393452924928
1185961393838870531
1185961394081955840
1185961394744823808
1185961394895818752
1185961396229394432
1185961397001342978
1185961397202509825
1185961397487915009
1185961398863630342
1185961399291437057
1185961399807365121
1185961401388601344
1185961401724088322
1185961402592321538
1185961403741376512
1185961404001652738
1185961404072972288
1185961404077088768
1185961405125742592
1185961406362877956
1185961406572548096
1185961406690156544
1185961406878928897
1185961407180881924
1185961408095236096
1185961408577622019
1185961408816652288
1185961408825118721
1185961411912065025
1185961412293734400
1185961412603994113
1185961413027581952
1185961413656895488
1185961414705348608
1185961415615500289
1185961415670206464
1185961416739741697
1185961417863827459
1185961418602008576
1185961419935629312
1185961420988522503
1185961421089071104
1185961421093429252
1185961422964117504
1185961423249108992
1185961425333706755
1185961425338064898
1185961425451270145
1185961425623228417
1185961426227257344
1185961427053481986
1185961427355328512
1185961427728846848
1185961428576079874
1185961429167497217
1185961429721112579
1185961429825998848
1185961431142932480
1185961432233500674
1185961432946479104
1185961433982476289
1185961433995055104
1185961436339671041
1185961436779962369
1185961437723803648
1185961437774123008
1185961440802430977
1185961440886300672
1185961440986963968
1185961442102530048
1185961442106920960
1185961442815680516
1185961445869195264
1185961445982457856
1185961446817050627
1185961447030972416
1185961448536760321
1185961450038280192
1185961450361237504
1185961450558373895
1185961451615338501
1185961452684771328
1185961453255348224
1185961454333153280
1185961454794657792
1185961454832357376
1185961455054721025
1185961455235092480
1185961456073957376
1185961457172787201
1185961457713762304
1185961457722126336
1185961458292678656
1185961460607979522
1185961462646427649
1185961464525393920
1185961465263599617
1185961465343336460
1185961465750183936
1185961466605768705
1185961466836467712
1185961467213946881
1185961467402706945
1185961468249989122
1185961468359053312
1185961468983988224
1185961469864751104
1185961470309343233
1185961470477119490
1185961470888202241
1185961470992846848
1185961471320002560
1185961472146444289
1185961472351846400
1185961472377212928
1185961472641380352
1185961473123737612
1185961475707412481
1185961476474966017
1185961476533698560
1185961476818788353
1185961477175418881
1185961477649379329
1185961480023236608
1185961480669319169
1185961481969569802
1185961484075130880
1185961484184182787
1185961484460814336
1185961484741951488
1185961486017093634
1185961487149518849
1185961487728144385
1185961487736725504
1185961487896137730
1185961488973852672
1185961489582252032
1185961489859039233
1185961490282700800
1185961490328805377
1185961493013114880
1185961493516320768
1185961493961031682
1185961494585991168
1185961494913134594
1185961495110119425
1185961495303249920
1185961495412301825
1185961495517114369
1185961495844327425
1185961495948955649
1185961496083255296
1185961496196501504
1185961496850944002
1185961496930443264
1185961497975050247
1185961498650300416
1185961499745030145
1185961500009205765
1185961502177681408
1185961502769070081
1185961503087837184
1185961503146610688
1185961503222063105
1185961503553441792
1185961503725363200
1185961504388141056
1185961505130504199
1185961505155469312
1185961505805754373
1185961505935810561
1185961506262921222
1185961507030519808
1185961507986821120
1185961508284456961
1185961508498558983
1185961508527849472
1185961508544663556
1185961508804747264
1185961509198979076
1185961509270310912
1185961509744238592
1185961510067228676
1185961510218190854
1185961510314463233
1185961510453075971
1185961511853973504
1185961512545984512
1185961512642461696
1185961513254825985
1185961514911649792
1185961515075153921
1185961515523936256
1185961515700105217
1185961517507694592
1185961517528817665
1185961518552227846
1185961518749364230
1185961518946369537
1185961519533547521
1185961519911014400
1185961520318078976
1185961520884310016
1185961521433567234
1185961524172673024
1185961524839337984
1185961525103620097
1185961525460250624
1185961526223613957
1185961526714392581
1185961526907289600
1185961527058325506
1185961527444197377
1185961527737761792
1185961528937402369
1185961529952342016
1185961530648457216
1185961530665271296
1185961530724143104
1185961531164499972
1185961531344916481
1185961531420413952
1185961532695465984
1185961533223751682
1185961533395918848
1185961534478082048
1185961535421763585
1185961535593766913
1185961536319184896
1185961536512241671
1185961536604364801
1185961537908944896
1185961538034814976
1185961538185773057
1185961539741736960
1185961539741859840
1185961540756951040
1185961541201358848
1185961541553799168
1185961541717417984
1185961542199795712
1185961543344820224
1185961543386554368
1185961544112320513
1185961546049916928
1185961546087841792
1185961546696069122
1185961547102748672
1185961547430088705
1185961549992726538
1185961550751948800
1185961550806441985
1185961551221661696
1185961551557095426
1185961552517697537
1185961552601665536
1185961552958099456
1185961554824417280
1185961555302633472
1185961555936137217
1185961557097889798
1185961557483761664
1185961557739614209
1185961558456836096
1185961560444952577
1185961561334136832
1185961561501917184
1185961561682305024
1185961561686528000
1185961561845915649
1185961561959129088
1185961562118311937
1185961562671960064
1185961563058003968
1185961563590660097
1185961563976601600
1185961564375015428
1185961565150941187
1185961565746413570
1185961566564306945
1185961566656749570
1185961566849720321
1185961567470440448
1185961567919267841
1185961568011505665
1185961568426704896
1185961568481271810
1185961568724500480
1185961569412210688
1185961569647255561
1185961569819054080
1185961570150604801
1185961570217541632
1185961571182362626
1185961571526291456
1185961571593478144
1185961571723304960
1185961571861913602
1185961574302924800
1185961574667829249
1185961574890168320
1185961577398329345
1185961578270724096
1185961579130454018
1185961581278052354
1185961581471043589
1185961581848317952
1185961582376947714
1185961583358435329
1185961583769538560
1185961583882756104
1185961584520286212
1185961584990007296
1185961585111699456
1185961585392701440
1185961586005073921
1185961586323869696
1185961586797625350
1185961587544330244
1185961587703721990
1185961587749916672
1185961589167443969
1185961589901611008
1185961590211915777
1185961590547460096
1185961593449771008
1185961593542238210
1185961593747759105
1185961594074861568
1185961594573987840
1185961595022774274
1185961595920359424
1185961596515954697
1185961596763328512
1185961597619048453
1185961597879181317
1185961598160113664
1185961598197882883
1185961598810230785
1185961598948724736
1185961599259086848
1185961599938519040
1185961600341151746
1185961600550785024
1185961600873914368
1185961600941002752
1185961601402331137
1185961601679142912
1185961602882904064
1185961603033907202
1185961603742732293
1185961603767963648
1185961604111884289
1185961604212383744
1185961604560642050
1185961604644556800
1185961604816367616
1185961605361627136
1185961605630173184
1185961605667971072
1185961606376841216
1185961606611644417
1185961607869927425
1185961608188588034
1185961608880840707
1185961610096939014
1185961610403368961
1185961610696908800
1185961611103784964
1185961611250601985
1185961611544150017
1185961611661627392
1185961612777271301
1185961612940906496
1185961613632913408
1185961614584897536
1185961615503454209
1185961615520198657
1185961616552222721
1185961616833155078
1185961617047150594
1185961617533485056
1185961620071243777
1185961620440264705
1185961621132316673
1185961621467910153
1185961621815873538
1185961622768181248
1185961625284698113
1185961625334865920
1185961625515364352
1185961625725079552
1185961626924531712
1185961627570626565
1185961628031959041
1185961628044578819
1185961628250054656
1185961628334002177
1185961628338135042
1185961629185462273
1185961629466406918
1185961630275981315
1185961630833741824
1185961631018303492
1185961631085481989
1185961631190339585
1185961631865622528
1185961632578621441
1185961633199349760
1185961635384627200
1185961635392962562
1185961636005208064
1185961637045518336
1185961638165393410
1185961638228307968
1185961638286901249
1185961638396084230
1185961638475681794
1185961639323017217
1185961640245825540
1185961640879120384
1185961640895881216
1185961641139154950
1185961641436954624
1185961641810284551
1185961642141671425
1185961642334605314
1185961642879791104
1185961643399880705
1185961644242939907
1185961645698191360
1185961645828386816
1185961645975232513
1185961646122065922
1185961646302220288
1185961646457376768
1185961646579245056
1185961646734184449
1185961646742634497
1185961647069892610
1185961647178944512
1185961647439011840
1185961647510212608
1185961647531163648
1185961648529522689
1185961648709918720
1185961649695612929
1185961650295394306
1185961650446389248
1185961652266688512
1185961652627349505
1185961653168410632
1185961654070272001
1185961655139737602
1185961655735205890
1185961656360275970
1185961656523939841
1185961656993665024
1185961657903673344
1185961657962500097
1185961658176430081
1185961658205851653
1185961658209964035
1185961658230939648
1185961658436505601
1185961658499383300
1185961658755309570
1185961658855952384
1185961659195637760
1185961661099892736
1185961661636710403
1185961661808726016
1185961662773260288
1185961664237199361
1185961664325271559
1185961665541615617
1185961666162364418
1185961666468556800
1185961667487776769
1185961667621982210
1185961670839013386
1185961670981500928
1185961671040225280
1185961671090589696
1185961671191384064
1185961671581413376
1185961671698845698
1185961673686863872
1185961674018193408
1185961674257453056
1185961674756493317
1185961676165861376
1185961676371312646
1185961676610461696
1185961676618616833
1185961677424156673
1185961677600235523
1185961678145503232
1185961678950809600
1185961679206539264
1185961679911301120
1185961680561459202
1185961681480044545
1185961682142662662
1185961682499198976
1185961682792833031
1185961682876747777
1185961683489054724
1185961684193759232
1185961684562841607
1185961686106365952
1185961686202753024
1185961686412464129
1185961686471020545
1185961687557406725
1185961688312537088
1185961689088450563
1185961689092677634
1185961689256255490
1185961689856008193
1185961690636177409
1185961690682265605
1185961691072389120
1185961691428872193
1185961691592433670
1185961691970002944
1185961694612340736
1185961694641692672
1185961695098880000
1185961695593844737
1185961695631556608
1185961695673384960
1185961695904026624
1185961695937814529
1185961696264896516
1185961696596299782
1185961696722116608
1185961697464307712
1185961698492145664
1185961698743721990
1185961699704098816
1185961700048199680
1185961700471824384
1185961700945735680
1185961701184696320
1185961701973336064
1185961702967402498
1185961703516901378
1185961704213143552
1185961704540102657
1185961706796781575
1185961706905899009
1185961707090386949
1185961707207909382
1185961707858026497
1185961708038152192
1185961708138958849
1185961709489610762
1185961709518970880
1185961709850238976
1185961710282248199
1185961710366183424
1185961710533988354
1185961710814842880
1185961711070777344
1185961711918080000
1185961712756723713
1185961713730052097
1185961714744987649
1185961714765840384
1185961715546099713
1185961716049465345
1185961716112334848
1185961716728979456
1185961717358043136
1185961717911773185
1185961718159204354
1185961718461190144
1185961719769763840
1185961720768094214
1185961721715810305
1185961722571563008
1185961723003432960
1185961723129454592
1185961723284598786
1185961723418808320
1185961723553030144
1185961723897044993
1185961724035452930
1185961724471582720
1185961725029474304
1185961725830582272
1185961726006747136
1185961727487365122
1185961728120672257
1185961729852882950
1185961730603548672
1185961730754658304
1185961731136331782
1185961732629553152
1185961733678080006
1185961734814752771
1185961735821451264
1185961736089804800
1185961736865828870
1185961736983199745
1185961737637507074
1185961737834651656
1185961737880817665
1185961738547744768
1185961740057493510
1185961741441798144
1185961741777281025
1185961742549110785
1185961742775603201
1185961744461643783
1185961748333023241
1185961748546969600
1185961748966363138
1185961748974755840
1185961749025054722
1185961749742272512
1185961750027493377
1185961752103538689
1185961752783216642
1185961753437528071
1185961753957617665
1185961754406330368
1185961755115175936
1185961755282939906
1185961755639537664
1185961755677253632
1185961755698032640
1185961755710808064
1185961757384335361
1185961757396873217
1185961758449700864
1185961758822936577
1185961758852149249
1185961758978203648
1185961759166869509
1185961759347216385
1185961759615655936
1185961761977044996
1185961762224365570
1185961762367164417
1185961762459471873
1185961763927416833
1185961764254552064
1185961764934111237
1185961764980232192
1185961765038972928
1185961765089218563
1185961765324185600
1185961765449977856
1185961766800543744
1185961767136047104
1185961767350001665
1185961768427802624
1185961768570384384
1185961769925144576
1185961771317809158
1185961771720499200
1185961771984654339
1185961772051648512
1185961772295081984
1185961772383199240
1185961773385445377
1185961773695938561
1185961773977014272
1185961774014717952
1185961774035521536
1185961775801524224
1185961775876980738
1185961776128512001
1185961776254541832
1185961776552255489
1185961777068158977
1185961777097592832
1185961777311420430
1185961778813067269
1185961779307790336
1185961780343758849
1185961780427837446
1185961780683689984
1185961780964495365
1185961781044371456
1185961781174378496
1185961781547548672
1185961781782597633
1185961783506460672
1185961783732965378
1185961784055869440
1185961784810856448
1185961785381122050
1185961785792315392
1185961785893015552
1185961786123653120
1185961787700715520
1185961787847520256
1185961788011139073
1185961788396965888
1185961788518621184
1185961788933849090
1185961789521047553
1185961790146039808
1185961792851324928
1185961793467891712
1185961793774075904
1185961793828638722
1185961794260611074
1185961794331971584
1185961794550095872
1185961794818301952
1185961795082698753
1185961795925745666
1185961796458504195
1185961797465071617
1185961797548957699
1185961798136193030
1185961798744170496
1185961798895329280
1185961799289655298
1185961799293853696
1185961799335600129
1185961799620935685
1185961799637700608
1185961800585662471
1185961800799535105
1185961801709707265
1185961802368204800
1185961803077050371
1185961804071133185
1185961804436049921
1185961806197678081
1185961806977818625
1185961807262953472
1185961807632052225
1185961807904739330
1185961808336605184
1185961809192177664
1185961810471596033
1185961810761048064
1185961810815528962
1185961811490824192
1185961811830427648
1185961812010749952
1185961812073897989
1185961812082253824
1185961812552028163
1185961812564443137
1185961813118054400
1185961813197905925
1185961814007468033
1185961814632386561
1185961814799970304
1185961814976270336
1185961815022268417
1185961815307632641
1185961815827722240
1185961817568436224
1185961818277187584
1185961818352693248
1185961818826706944
1185961819019476992
1185961819082547201
1185961819795529728
1185961821087453185
1185961821376663552
1185961821812989952
1185961822375026688
1185961823813677056
1185961824694554624
1185961824933548032
1185961825885736961
1185961826015690754
1185961826087034881
1185961827710259200
1185961827945140224
1185961829257895936
1185961829433933824
1185961830025486338
1185961830105145348
1185961830361026560
1185961830578933761
1185961831162142721
1185961831292198912
1185961831304716289
1185961831321485312
1185961831753568256
1185961832030392321
1185961832151838720
1185961832667865098
1185961832693022721
1185961832915197952
1185961832965652480
1185961834161020930
1185961834802630656
1185961836220469248
1185961836551856128
1185961837030002690
1185961837315198981
1185961837336117248
1185961837503885313
1185961837801693185
1185961838367969280
1185961838640533510
1185961838833352706
1185961839957610497
1185961839970009088
1185961841547194368
1185961842713210882
1185961845871566848
1185961846039289856
1185961846496518145
1185961846664302593
1185961848572645377
1185961848820002816
1185961849088557057
1185961849189097472
1185961849298280453
1185961850464276480
1185961851655458816
1185961851781292032
1185961851877806081
1185961853144444930
1185961853245104128
1185961853400150016
1185961853580693505
1185961854197260294
1185961854511669248
1185961855350558720
1185961855807832065
1185961855849816065
1185961856051007488
1185961856449548295
1185961856902414336
1185961857124896770
1185961857577816069
1185961860253847554
1185961860983443456
1185961861306617859
1185961861331718145
1185961861428191239
1185961861482717186
1185961861700825088
1185961862501765120
1185961862653005825
1185961863424536576
1185961863462445062
1185961864536252416
1185961865379110913
1185961865383424000
1185961865538441216
1185961865853259776
1185961867463876613
1185961867484811264
1185961868298522624
1185961868386557953
1185961868613083138
1185961868717740032
1185961869611134982
1185961869644840960
1185961870131257349
1185961870739628032
1185961870756339712
1185961870890622979
1185961871519694850
1185961872693948416
1185961873545596928
1185961874120159237
1185961874363424770
