1185947783930482692
1185947784182153217
1185947784819683335
1185947785004306432
1185947785230725120
1185947785331380224
1185947786119929859
1185947786191265792
1185947786568720384
1185947787139133440
1185947787172745217
1185947787952820230
1185947788435050496
1185947789097754624
1185947789110333440
1185947790163222528
1185947791094435842
1185947791337521152
1185947791501250560
1185947791622733826
1185947792159719424
1185947793476771840
1185947795301294080
1185947795393564673
1185947795733336066
1185947797918490624
1185947798048518145
1185947798509965312
1185947798841282560
1185947799046754304
1185947800053395457
1185947800330293248
1185947800393146370
1185947801722769408
1185947802104455168
1185947802276433921
1185947802431393798
1185947802595143683
1185947802641321985
1185947803450654720
1185947803932954624
1185947804637827072
1185947805459931136
1185947806802042881
1185947806986575872
1185947807246671873
1185947807582044160
1185947807615606785
1185947807657680897
1185947808454631425
1185947811050917891
1185947811084414977
1185947811520614405
1185947811751305216
1185947812007174145
1185947812112097282
1185947812867039235
1185947813491945472
1185947813529583618
1185947814498406400
1185947815610068993
1185947815685578755
1185947815954042881
1185947815970856960
1185947816562253824
1185947816939667457
1185947816948047872
1185947817333923842
1185947818013396992
1185947818512601089
1185947819116552193
1185947820186128385
1185947820295110658
1185947820542615552
1185947820697833474
1185947821876363264
1185947822790758401
1185947822874603520
1185947822891421696
1185947823566667778
1185947824153751552
1185947824640290816
1185947824774696960
1185947825617674241
1185947826020220934
1185947826385088514
1185947826498560001
1185947826519531520
1185947828297838592
1185947828591484928
1185947831124795394
1185947833855303680
1185947836128604162
1185947836510281730
1185947837923766274
1185947839018553346
1185947840603983874
1185947841161641984
1185947843258966016
1185947843644870656
1185947843779055616
1185947844156506112
1185947845033185280
1185947846375329793
1185947846840868864
1185947847914610693
1185947848560517128
1185947849139339265
1185947849802039300
1185947849843970050
1185947850083094528
1185947850481385472
1185947850632548352
1185947850741444609
1185947850871640065
1185947850883993600
1185947852490575873
1185947853451079681
1185947853891555330
1185947853895716864
1185947853941825538
1185947854000578560
1185947854046662656
1185947854055137281
1185947854835191808
1185947855925714945
1185947856743612417
1185947856835874816
1185947856961757185
1185947857280475137
1185947857788030976
1185947858119385088
1185947858924638208
1185947859260186625
1185947859549593600
1185947859734151169
1185947861235765248
1185947861671915527
1185947861932040192
1185947862905040896
1185947863118995458
1185947863647477762
1185947863911563265
1185947865111318533
1185947865841045507
1185947865866231808
1185947866591711232
1185947867825033223
1185947867988594690
1185947868575752197
1185947868646920194
1185947868873527297
1185947869838237697
1185947870182199297
1185947871906095104
1185947872023453697
1185947872036052997
1185947872874786816
1185947872937807874
1185947873348902915
1185947873520902144
1185947874422644738
1185947874842025985
1185947874879770626
1185947874988888067
1185947876112961536
1185947876771401729
1185947877014753281
1185947878130356224
1185947878193188866
1185947878860165121
1185947880084914176
1185947880420343808
1185947880625967104
1185947881028517888
1185947881318076417
1185947881775288320
1185947881980776449
1185947882110640135
1185947882370879488
1185947882475659264
1185947883486490631
1185947884572815360
1185947885197778947
1185947885558349824
1185947887450103808
1185947888439975942
1185947889450782721
1185947889626996737
1185947889735995398
1185947890058977285
1185947891749343233
1185947892416163841
1185947892646739968
1185947893770928130
1185947894253314048
1185947895532412928
1185947895553392640
1185947897533255681
1185947897675894792
1185947898191609856
1185947898766413824
1185947898879586304
1185947900716736513
1185947901316554752
1185947902448951297
1185947903178788864
1185947903266873345
1185947903719809024
1185947904399294465
1185947905603051526
1185947908664942592
1185947909700775937
1185947910011273216
1185947910351020034
1185947912053895169
1185947912632700935
1185947913576505344
1185947914478112769
1185947915727949826
1185947915820253189
1185947915841396737
1185947916638269441
1185947917829332992
1185947917909188608
1185947918123048960
1185947918143913985
1185947918240489474
1185947919293337602
1185947919331090432
1185947919607914501
1185947919943380996
1185947921583366150
1185947922913021954
1185947925005950976
1185947925752496128
1185947927350579201
1185947928168484864
1185947928688517120
1185947929347084288
1185947929623912448
1185947930966003712
1185947932815740929
1185947934287978498
1185947934950645760
1185947935495856128
1185947935839793152
1185947935965679617
1185947939925102592
1185947939996348416
1185947941036535809
1185947941208494081
1185947942135271424
1185947942537945089
1185947942936551424
1185947943024693250
1185947943393746944
1185947945163771905
1185947945763561472
1185947946384265216
1185947947072212994
1185947947332063235
1185947948804464642
1185947949177692160
1185947949316091905
1185947949349650440
1185947949571956741
1185947950171611136
1185947951312457728
1185947951622848518
1185947952210165760
1185947952294051840
1185947952789020672
1185947952948400128
1185947953564807169
1185947954097590273
1185947954353463296
1185947956345802753
1185947957109121024
1185947958510006278
1185947959407591426
1185947962037489665
1185947962146545670
1185947962297536512
1185947963350237185
1185947963568394240
1185947964239425539
1185947966990946304
1185947967364255746
1185947967368421377
1185947968567959552
1185947969335562240
1185947970249920513
1185947970820300800
1185947971004841984
1185947971038437378
1185947971650752514
1185947971701166082
1185947972070248453
1185947972145700866
1185947972485337088
1185947973185916930
1185947973303357440
1185947973890400256
1185947974712594433
1185947975421480966
1185947976050585600
1185947976184795137
1185947976943968256
1185947977120124929
1185947977635917830
1185947978823012354
1185947980106522624
1185947981025021954
1185947981666762752
1185947982048518144
1185947982534832128
1185947982803324928
1185947983193526277
1185947983394824195
1185947984355299329
1185947984476946433
1185947985865166849
1185947985882038272
1185947986054057985
1185947986095943681
1185947986464931840
1185947986834141185
1185947987001917440
1185947988033703938
1185947988457185280
1185947988797116418
1185947990072221697
1185947992492298240
1185947994115338241
1185947996439142401
1185947996778848260
1185947997017915392
1185947997135355911
1185947997282152448
1185948000927059968
1185948001057099776
1185948001203884034
1185948001438781441
1185948001887576065
1185948002789318658
1185948003716272129
1185948003972067329
1185948004349599744
1185948004399964160
1185948004504788992
1185948004575920129
1185948005205196800
1185948005565943808
1185948005997989888
1185948006056640514
1185948006413144066
1185948007822516229
1185948007843291136
1185948008157892608
1185948009189793793
1185948009768673281
1185948009944829952
1185948010653589505
1185948011060518920
1185948011588800513
1185948012331307008
1185948012901797892
1185948013077729281
1185948013098868738
1185948015368003584
1185948015581900800
1185948016500297728
1185948016588537862
1185948016835997697
1185948017339359232
1185948017368686593
1185948017389637633
1185948017389719556
1185948017641349120
1185948017758617600
1185948018723430402
1185948019822419973
1185948019843317760
1185948020787027969
1185948021097295872
1185948021378433024
1185948021684604929
1185948023089745920
1185948023798587393
1185948024024911872
1185948024083795968
1185948024188522498
1185948024419291136
1185948025253965824
1185948025291792386
1185948026088517632
1185948027556712448
1185948029137772544
1185948029196603392
1185948030408638464
1185948030496727044
1185948031067275266
1185948032216522752
1185948032359120901
1185948032547708928
1185948032648581120
1185948033034444800
1185948033533366272
1185948033562877953
1185948033751453697
1185948034007552001
1185948034737360896
1185948036054151168
1185948036695916544
1185948036838678528
1185948037761265664
1185948038340239360
1185948038990303233
1185948039028056066
1185948039678234626
1185948040412176391
1185948040575832066
1185948041188204549
1185948041418887175
1185948041938964481
1185948042316279809
1185948043041894401
1185948043490803712
1185948044862377984
1185948045869027332
1185948046498127872
1185948046917586945
1185948047034998785
1185948047639040001
1185948048540819456
1185948048867782656
1185948049723387904
1185948049979383809
1185948050348478464
1185948050977509376
1185948051636178945
1185948051892031490
1185948053225771008
1185948053234159616
1185948053276123136
1185948053280350208
1185948053347418113
1185948053586534400
1185948053670453248
1185948053674573829
1185948053678804993
1185948055570386944
1185948055725625344
1185948058468663296
1185948059345281024
1185948059445809152
1185948061119500288
1185948061886844930
1185948062134472704
1185948062851579904
1185948064332341249
1185948064646758400
1185948066349752320
1185948067154952194
1185948068241260544
1185948068560166912
1185948069919182848
1185948070208593920
1185948070435008513
1185948070804111360
1185948071437357056
1185948071584321536
1185948072037244931
1185948072884477952
1185948072947453957
1185948072997609472
1185948073060683776
1185948074100711424
1185948075120046085
1185948075619225600
1185948075711434752
1185948075807911936
1185948076286062593
1185948076353245190
1185948078186123265
1185948078685114368
1185948078991265792
1185948081151512579
1185948081759670272
1185948082850160640
1185948083496083457
1185948083999461383
1185948084930523139
1185948085899464704
1185948086067175426
1185948086520209409
1185948086545211392
1185948087241588745
1185948087765749762
1185948089103929344
1185948089829322752
1185948089976262656
1185948091171692544
1185948091847008256
1185948092492857350
1185948093293957125
1185948093604347905
1185948094095069185
1185948094669697025
1185948095391174657
1185948095458238464
1185948095525347329
1185948095525392386
1185948096485826560
1185948096930254848
1185948097584734208
1185948098364874757
1185948098734034945
1185948099224768512
1185948100386361344
1185948100541767681
1185948100822786048
1185948101871316997
1185948102567583747
1185948104337567744
1185948104593264640
1185948104761266181
1185948105012908032
1185948105549799424
1185948106673795072
1185948107848073216
1185948108825473025
1185948110356434944
1185948110499045377
1185948111635714049
1185948111711150080
1185948111711158273
1185948114802229248
1185948115272122368
1185948115364405249
1185948116123574272
1185948116316540928
1185948116375265282
1185948116551438336
1185948116706574336
1185948117109297153
1185948117209931780
1185948117902024704
1185948118430433286
1185948118648610817
1185948119143534599
1185948119755870215
1185948120288501767
1185948120682655744
1185948120821178368
1185948122180132864
1185948122209509376
1185948122528137217
1185948122662494211
1185948122687475714
1185948122968666118
1185948126370258946
1185948126588178433
1185948127385141248
1185948127892856833
1185948129285332994
1185948129608323074
1185948130103181317
1185948131378245634
1185948131600535552
1185948132116439046
1185948132271624192
1185948132464644096
1185948132800159744
1185948133194457088
1185948133567672322
1185948133819408384
1185948133840306177
1185948133940813824
1185948133999681536
1185948134352011269
1185948134402342913
1185948135773880320
1185948136830898181
1185948136860246017
1185948136885411841
1185948136960905216
1185948136965054465
1185948137036419079
1185948138907078657
1185948139175448581
1185948141092298753
1185948141209690112
1185948141289398272
1185948141411024899
1185948141981523968
1185948142128132097
1185948142728032257
1185948142799347714
1185948144267415554
1185948145643130886
1185948145722769415
1185948145747808256
1185948146477588480
1185948146515562496
1185948147413127170
1185948147769585671
1185948148969213952
1185948149367656448
1185948149535379456
1185948149824851968
1185948149841629184
1185948149858394113
1185948150068109312
1185948150172979202
1185948150315573249
1185948150395297798
1185948150441353216
1185948152152678401
1185948152756670465
1185948152945430532
1185948153712910336
1185948154052657152
1185948155998801922
1185948156225298433
1185948156552458241
1185948157705883649
1185948157844176896
1185948158037299200
1185948159203254273
1185948159320756224
1185948159329083393
1185948159505248256
1185948160100835329
1185948160985690112
1185948161078190080
1185948161967362048
1185948162223153152
1185948162600644608
1185948162705350656
1185948163158560769
1185948165058580481
1185948165486178304
1185948167826739201
1185948167906316288
1185948168762068994
1185948170880192512
1185948171266080768
1185948171354152960
1185948171542892544
1185948171580690432
1185948171605872641
1185948171748478977
1185948172146958338
1185948172469919744
1185948172591489025
1185948173606502400
1185948173749161984
1185948174755782656
1185948175296794624
1185948175582093312
1185948177997926403
1185948179138830336
1185948179247910918
1185948179369316352
1185948179424055301
1185948180028055555
1185948180799741952
1185948180845867009
1185948180967559168
1185948181105913856
1185948181818937344
1185948181894316033
1185948182565605376
1185948183672872960
1185948183945457666
1185948184276684800
1185948184914354182
1185948185526788098
1185948185778409482
1185948188408254465
1185948188680699904
1185948188899008515
1185948189146398720
1185948189381349382
1185948190731853824
1185948190777827329
1185948190798946304
1185948192447303680
1185948192921346048
1185948193210716165
1185948193311338498
1185948194049593344
1185948194363953152
1185948197098668032
1185948197446922241
1185948197811838978
1185948198466211841
1185948199342821376
1185948200194232320
1185948200261341184
1185948200944971776
1185948202974859265
1185948203474214913
1185948204338204683
1185948204417912834
1185948205080551425
1185948205382537218
1185948205512560640
1185948205575479296
1185948207005782018
1185948209161654272
1185948209165811712
1185948210067640320
1185948210218467328
1185948210583556096
1185948210813997056
1185948210906517505
1185948211325919232
1185948213012058118
1185948213376880640
1185948214811385856
1185948215381839873
1185948216010952706
1185948216413642753
1185948216593965056
1185948217457987585
1185948218955325441
1185948219043393536
1185948219483873282
1185948222176387072
1185948222315008000
1185948223564898304
1185948223602606080
1185948223636156416
1185948225234198528
1185948227243249667
1185948227415052288
1185948228560310277
1185948228946223104
1185948229092855808
1185948229495599104
1185948229504028673
1185948229604728833
1185948230640488450
1185948231060070401
1185948232943329280
1185948233287290885
1185948234650476546
1185948234847522818
1185948234952400897
1185948235086680065
1185948236860674048
1185948237984874497
1185948238211420160
1185948238731468801
1185948238748225536
1185948239402541057
1185948239884947456
1185948240220311552
1185948243148054528
1185948244729311239
1185948245760937986
1185948246126071808
1185948246428078081
1185948246591655939
1185948247136919552
1185948247220768770
1185948247598063617
1185948249334652929
1185948249426976771
1185948249489694720
1185948249892499456
1185948250030956545
1185948252203606016
1185948252283248641
1185948252685791232
1185948253646446592
1185948254678274049
1185948255844294661
1185948256947376129
1185948257412734976
1185948257932984322
1185948258260127746
1185948258587336717
1185948258801242112
1185948259187089413
1185948260185198593
1185948260416000000
1185948260420214789
1185948260470611969
1185948261296852992
1185948261770678272
1185948263851143169
1185948264622936065
1185948265218478081
1185948265222737920
1185948265922981888
1185948266216804352
1185948266845720576
1185948266946551815
1185948266959163397
1185948266959196161
1185948266971701248
1185948266971709443
1185948267034615809
1185948267546206209
1185948268519407616
1185948268565540871
1185948269895176194
1185948270067146752
1185948271073726464
1185948271933448192
1185948272046661632
1185948272046809088
1185948274303352832
1185948276639571968
1185948277046415360
1185948277897924608
1185948279000961024
1185948279055536128
1185948279735013376
1185948279995011077
1185948280842121216
1185948281521745922
1185948282469650432
1185948283392483329
1185948283698462720
1185948284323614720
1185948284327731200
1185948284617199617
1185948284780711936
