1185966407063764992
1185966407193890816
1185966407315611648
1185966407516860417
1185966407604932608
1185966408015859712
1185966408158646273
1185966408540266503
1185966408649326593
1185966408825556993
1185966409660223494
1185966410591170560
1185966410872299521
1185966411040133127
1185966411237199872
1185966411392409601
1185966411467898881
1185966411719548929
1185966411996368896
1185966412147367936
1185966412147376130
1185966412327718912
1185966412352765952
1185966412898230272
1185966413451878405
1185966413942530048
1185966414240206848
1185966415175663618
1185966415427190785
1185966416333332480
1185966416337334272
1185966416769536000
1185966417071525889
1185966417583263744
1185966419000856576
1185966419181297664
1185966419395129352
1185966419730714624
1185966420095488001
1185966420846202880
1185966422234669057
1185966422633127937
1185966422930972675
1185966424138899456
1185966424591945728
1185966425372012544
1185966426621992960
1185966426886168576
1185966427410448384
1185966427922149376
1185966428597477376
1185966428698169344
1185966428840554496
1185966429478248449
1185966430568796160
1185966431080345601
1185966431202086913
1185966431361523712
1185966431747432448
1185966431789342720
1185966431906623495
1185966432087097344
1185966432137465856
1185966433374744576
1185966433571868673
1185966433743835136
1185966433790038017
1185966433831833600
1185966434108751873
1185966434813431809
1185966435090272256
1185966436101033984
1185966436130394112
1185966437141225472
1185966437208416258
1185966437682122752
1185966437971714053
1185966438135357441
1185966439154380800
1185966440303726593
1185966440425447431
1185966440438026240
1185966440479952896
1185966441113309184
1185966442405081089
1185966443118116864
1185966443264913408
1185966446482001921
1185966446687465474
1185966447530512384
1185966449023684609
1185966449267003402
1185966449770283008
1185966449954832385
1185966450353176578
1185966450663677953
1185966450802135041
1185966450873421824
1185966451561246721
1185966451661795329
1185966452404150272
1185966452488261632
1185966452953755649
1185966454606303233
1185966454828650496
1185966454962839558
1185966455465971714
1185966455612989441
1185966456023990272
1185966456107761665
1185966456707510273
1185966456967782401
1185966457164914688
1185966457894719489
1185966458028711937
1185966459949854720
1185966460402839558
1185966460696436736
1185966462168698880
1185966462558789632
1185966462793588737
1185966462847995909
1185966463498227713
1185966463833792512
1185966463888191489
1185966463926050816
1185966464953655297
1185966465314213888
1185966465477943296
1185966465645719553
1185966465750421504
1185966466539151361
1185966467432493056
1185966469269475332
1185966469605146624
1185966469768548352
1185966469940563968
1185966470263705600
1185966470301401093
1185966470578298880
1185966470603427841
1185966470661996544
1185966470766956550
1185966471538708480
1185966471731646464
1185966471890919427
1185966472109187072
1185966472125771777
1185966473065287680
1185966474042789889
1185966474592174081
1185966474688630784
1185966475271725057
1185966476106317825
1185966476949278720
1185966479080067074
1185966479092649984
1185966479285444609
1185966479847677954
1185966479868596228
1185966479897960449
1185966480120258561
1185966480392949761
1185966480485224448
1185966480636006400
1185966480816390145
1185966481487679488
1185966482645110784
1185966482678616064
1185966483119042562
1185966483265986560
1185966484041936896
1185966484188622849
1185966484910010368
1185966484931125254
1185966484931133440
1185966485048627201
1185966485568675840
1185966485904056321
1185966486051000321
1185966486399139845
1185966486676000769
1185966486873083905
1185966487066021889
1185966488236253185
1185966488642973696
1185966488789884929
1185966488810770433
1185966490211753984
1185966490559897601
1185966491952390148
1185966491969056768
1185966492439011334
1185966492480954371
1185966492766167044
1185966492942098432
1185966493562998787
1185966493634301952
1185966494192001024
1185966494888255488
1185966494972289027
1185966495039250433
1185966495081357312
1185966495479693312
1185966496410824705
1185966497480560640
1185966497715445762
1185966497774080000
1185966498587774976
1185966499216924674
1185966499770458112
1185966499795632128
1185966500462641157
1185966501175713792
1185966501456764929
1185966501888696320
1185966503021015041
1185966503180427265
1185966505202241536
1185966505223217152
1185966505495875584
1185966505923694594
1185966506271793152
1185966507941138433
1185966508742234113
1185966508981260290
1185966509488775171
1185966509933449216
1185966510550011904
1185966510663262209
1185966510793265153
1185966511162216448
1185966512059879425
1185966512152240128
1185966512848420870
1185966513469177856
1185966513834070018
1185966514006089728
1185966514505240576
1185966515247599617
1185966516120047618
1185966516145217536
1185966517235703814
1185966517709524992
1185966518040961026
1185966518246330368
1185966519190208518
1185966519366422533
1185966519743909890
1185966519785836547
1185966520880566272
1185966520888770560
1185966521446797314
1185966521526444032
1185966522604359681
1185966522860298243
1185966523040579584
1185966524160512000
1185966524298870784
1185966524454100993
1185966524512604160
1185966524911247363
1185966525251031040
1185966526924513280
1185966526949711874
1185966527591473152
1185966527671164928
1185966528069591040
1185966528157507584
1185966529071828993
1185966529109790725
1185966529118113793
1185966530363875328
1185966530561007616
1185966530774872066
1185966530795843589
1185966531206881280
1185966532058177536
1185966532532285440
1185966532557451264
1185966533169893379
1185966533270478848
1185966533446717441
1185966534096760834
1185966534159667202
1185966534285582342
1185966534407143425
1185966535212457989
1185966535359320066
1185966535367712770
1185966535816482816
1185966535942332419
1185966535946452994
1185966536156221441
1185966536206487554
1185966536521109504
1185966537355808769
1185966537657552897
1185966537729073157
1185966537737457665
1185966537791987712
1185966537972355073
1185966538383216640
1185966538953809923
1185966539146760194
1185966539268341763
1185966539482132480
1185966540082036742
1185966540258271238
1185966540413374464
1185966541348724738
1185966541717856256
1185966541856296962
1185966542082772993
1185966542984486914
1185966543143878660
1185966543198445568
1185966543219257344
1185966543399612417
1185966543974391810
1185966543991169026
1185966544389492737
1185966544397975564
1185966545182351363
1185966545240899584
1185966545480142851
1185966545601814528
1185966545689817088
1185966545727565826
1185966545907912704
1185966546092544003
1185966546155462656
1185966546209984514
1185966546583244800
1185966547065606144
1185966547493367810
1185966547635965952
1185966548206391296
1185966548382445568
1185966548487421953
1185966548772630528
1185966549229883392
1185966549385072641
1185966549758291968
1185966550794362881
1185966551595245568
1185966552514023431
1185966553646485505
1185966553658884096
1185966554174906371
1185966555248627713
1185966555269681155
1185966555756224513
1185966555865210881
1185966556016189442
1185966556095889408
1185966556142067713
1185966556548870145
1185966556708311041
1185966556926402561
1185966556964102144
1185966557228351488
1185966557811359744
1185966557983326214
1185966558293585921
1185966558549630977
1185966558994141184
1185966559304523776
1185966559682072582
1185966559879028737
1185966560025939969
1185966560038604801
1185966560114020352
1185966560135012352
1185966560386662406
1185966560432799745
1185966560634126336
1185966561112125441
1185966561401679873
1185966561569529856
1185966561900797958
1185966562509033472
1185966562655776768
1185966562777489408
1185966562852757504
1185966563092041728
1185966563704410114
1185966563868004353
1185966563935096832
1185966563985428480
1185966564937523201
1185966564941668353
1185966565415669761
1185966566367748096
1185966566497832965
1185966566925455366
1185966567038820352
1185966567391141891
1185966567621873665
1185966567902928896
1185966567982428160
1185966568494325762
1185966569534480384
1185966569752580096
1185966570767433728
1185966570880634880
1185966570931011585
1185966571036008449
1185966571061166081
1185966571157622784
1185966571212066816
1185966571405099009
1185966571442917376
1185966571778379776
1185966571912605697
1185966572029894657
1185966573456150529
1185966573858643968
1185966574601232384
1185966574777360385
1185966575213580289
1185966575444086784
1185966575633031168
1185966576010285056
1185966576341663746
1185966576429944834
1185966576832598016
1185966576866074629
1185966577243557888
1185966577432305664
1185966578417856513
1185966579403673600
1185966579533541376
1185966579575595008
1185966579948883968
1185966580083154945
1185966581194674177
1185966581211262977
1185966581605699584
1185966581668552706
1185966581731475458
1185966581819379712
1185966582071205889
1185966582096433155
1185966582423416832
1185966582624935936
1185966583094665216
1185966583396651008
1185966584294236165
1185966584340406273
1185966584709419013
1185966585174880256
1185966585716117506
1185966585745268736
1185966585812381697
1185966585946791943
1185966585980145664
1185966586584322048
1185966586613493763
1185966586928287744
1185966586986975232
1185966587087609857
1185966588958138368
1185966589197377536
1185966589226770433
1185966589717438464
1185966589822279680
1185966590052818944
1185966590069747718
1185966590493224960
1185966590736633856
1185966590908686336
1185966591307112450
1185966591600549888
1185966592015900678
1185966592175333377
1185966592179363840
1185966592879935488
1185966592946868224
1185966593391714304
1185966593525739520
1185966593647480832
1185966593852854273
1185966594117246977
1185966594289258500
1185966594331201536
1185966595144896513
1185966595195244545
1185966595769798657
1185966596134715393
1185966596168265730
1185966597262983171
1185966597665624064
1185966598567485443
1185966598835834882
1185966598894608389
1185966598932303873
1185966599095889920
1185966599515205633
1185966599573950464
1185966599574118400
1185966599624364036
1185966599980933120
1185966600027099137
1185966600320626694
1185966600333287425
1185966600551358466
1185966600748298241
1185966601016938497
1185966601444745217
1185966601742372865
1185966601801207808
1185966601893531649
1185966601906073600
1185966602195492865
1185966602552041473
1185966602933682177
1185966602984054784
1185966603235713024
1185966603407511553
1185966603458039808
1185966603504107520
1185966603927719941
1185966604540170241
1185966604678520838
1185966605546774528
1185966605798277120
1185966606154895360
1185966606158987264
1185966606272233474
1185966606452756482
1185966606599540736
1185966606972669952
1185966607350284288
1185966607643959297
1185966607836815360
1185966607950110722
1185966608386330624
1185966609489416192
1185966609581645825
1185966610286182400
1185966611607539712
1185966611720785920
1185966611825659904
1185966611938840576
1185966612299603969
1185966612459016192
1185966613087977474
1185966613675335681
1185966613691949056
1185966613788610561
1185966613922766849
1185966614463823872
1185966614484865024
1185966614623248385
1185966614698582016
1185966614887440385
1185966615013351428
1185966615592128512
1185966615617310721
1185966615709523968
1185966616170905601
1185966616196112390
1185966616368033792
1185966616711966720
1185966616716206083
1185966616862973952
1185966617123082241
1185966617185832960
1185966617349373952
1185966617408225280
1185966618389762049
1185966618729439232
1185966618947416064
1185966619048271872
1185966619215958018
1185966619434070016
1185966619782242304
1185966620222603264
1185966620222672897
1185966620847628288
1185966621388488704
1185966623137644545
1185966623208820736
1185966623376711680
1185966623678783489
1185966623863136256
1185966623955533824
1185966624484057094
1185966625142558724
1185966625146757120
1185966625406603264
1185966625503223815
1185966627029946370
1185966627306663938
1185966627722088448
1185966627822718976
1185966627885473792
1185966628242186244
1185966628732846080
1185966629173317636
1185966629500252161
1185966630746148865
1185966630813208577
1185966631320719362
1185966631689904135
1185966631786352640
1185966631811465217
1185966631832489984
1185966632000217088
1185966632708927488
1185966633048666112
1185966633120079874
1185966633447235584
1185966634198093825
1185966634420318208
1185966634428698624
1185966634483273733
1185966634814623750
1185966634915237888
1185966635510841344
1185966635582144513
1185966636114812930
1185966636261621760
1185966636324577280
1185966636546875392
1185966637221998592
1185966637247320064
1185966637360373760
1185966637410930688
1185966637645778944
1185966638002245632
1185966638476206080
1185966638962638848
1185966640187478016
1185966640409862144
1185966640422363137
1185966640447422464
1185966640581828610
1185966640657092609
1185966640669872129
1185966640787263490
1185966641567285249
1185966641621819392
1185966642016280576
1185966642314076161
1185966642649616390
1185966643328897024
1185966643337400320
1185966643874357249
1185966643932999680
1185966644083986432
1185966644335525888
1185966644990021636
1185966645031899136
1185966645602332673
1185966645740654592
1185966645824708612
1185966645874958336
1185966646046932993
1185966646105694208
1185966646130872320
1185966646210510855
1185966646764158978
1185966646873202689
1185966646877413376
1185966646889865216
1185966647154069505
1185966647162609664
1185966647909257218
1185966647947022336
1185966648240590848
1185966648861384704
1185966649121394691
1185966649146576896
1185966649402413057
1185966649624711169
1185966650039898112
1185966650060877826
1185966650627182592
1185966651231145985
1185966651428065280
1185966651608653825
1185966651642187776
1185966651696734211
1185966651881246720
1185966652074143744
1185966652296433665
1185966652741111808
1185966652749426688
1185966652820803584
1185966653273567232
1185966653517029377
1185966653588344832
1185966653902917633
1185966653911138305
1185966654074839041
1185966654313897986
1185966654720745476
1185966654846570498
1185966655358283776
1185966656159281152
1185966656264126464
1185966656272699400
1185966656658530305
1185966656729899008
1185966657052860416
1185966657321209857
1185966657560137734
1185966657593860096
1185966657732259842
1185966657782636544
1185966658055299072
1185966658298486784
1185966658340429825
1185966659007324166
1185966659216896000
1185966659275763713
1185966659531657216
1185966659749711878
1185966661108719618
1185966661398077440
1185966661595062272
1185966661913870336
1185966662459125761
1185966662622892032
1185966662710726656
1185966662794825732
1185966662899683328
1185966662958247936
1185966663071621121
1185966663491031040
1185966663763660801
1185966663855935489
1185966663960858626
1185966664103481345
1185966664107593728
1185966664250093573
1185966664376049664
1185966665206521857
1185966665261027329
1185966665349160961
1185966666808745984
1185966667647594496
1185966667664244736
1185966668947824640
1185966669249818624
1185966669879042048
1185966669971066880
1185966670378082304
1185966670726225921
1185966671607058437
1185966672152104960
1185966672542420993
1185966672743731205
1185966673020542979
1185966673578340353
1185966673628717056
1185966673947451392
1185966674169618432
1185966674328969216
1185966674413019141
1185966674429825024
1185966674434019328
1185966674513543168
1185966674589159425
1185966675528683526
1185966675721621505
1185966676606627841
1185966676703100929
1185966676828999680
1185966678116569089
1185966678133428225
1185966678212923393
1185966678909292544
1185966679131426816
1185966679383142402
1185966680607985664
1185966680691879942
1185966680721281024
1185966680893034496
1185966681056788480
1185966681312632834
1185966681333497856
1185966681555984384
1185966682138955776
1185966682390417413
1185966682415751175
1185966683132968960
1185966683468582918
1185966684521320449
1185966685897089024
1185966686408626177
1185966686719107073
1185966686794596352
1185966687843241988
1185966688124243984
1185966688275193856
1185966688421982219
1185966689810182144
1185966690573508614
1185966691257405440
1185966691395592192
1185966691509002241
1185966691718709248
1185966692033277952
1185966692037361664
1185966692091990017
1185966692343668736
1185966694415634432
1185966694499569667
1185966694633820160
1185966694742794241
1185966695590088704
1185966695652966400
1185966696814796800
1185966696823169029
1185966696915460097
1185966697146146819
1185966698190368769
1185966698656129025
1185966698970660865
1185966699297869826
1185966699482271744
1185966699608186880
1185966700312711168
1185966701042720768
1185966701046915072
1185966701113835520
1185966701411815426
1185966701717835776
1185966701923450882
1185966702225448961
1185966702338535424
1185966703634595840
1185966703743852544
1185966704536408065
1185966704981172225
1185966705471873025
1185966705924853760
1185966705979191301
1185966706453340160
1185966707208347648
1185966707287871489
1185966708038782977
1185966708277698562
1185966708596580352
1185966709699690497
1185966709754253313
1185966709796151297
1185966709921865728
1185966710521843712
1185966711587168258
1185966711712956416
1185966711767482368
1185966712211918848
1185966712300146688
1185966712631504902
1185966712899932165
1185966712996413440
1185966713491410945
1185966713952751620
1185966714296635393
1185966714451890177
1185966715521421318
1185966715760455680
1185966716540674049
1185966716557414400
1185966716779745282
1185966716960104448
1185966717127643136
1185966718155407361
1185966718218362886
1185966718289666050
1185966719451435011
1185966719849783296
1185966720285937664
1185966720575574020
1185966721439543303
1185966721636524032
1185966721716359173
1185966722140069888
1185966722546913281
1185966722689503233
1185966722857291776
1185966723423526913
1185966724170039300
1185966724321087488
1185966724975353862
1185966725277331458
1185966725285564416
1185966725730320387
1185966726611177473
1185966727114481665
1185966727290597376
1185966727689060353
1185966727865274368
1185966728183828481
1185966728183975936
1185966729236639745
1185966729257783296
1185966729551400961
1185966729840726016
1185966729861746689
1185966730134413312
1185966730239238144
1185966730398654466
1185966731451346944
1185966731493281793
1185966731753394176
1185966731971444738
1185966732508311552
1185966732755787780
1185966732843913217
1185966734450331652
1185966734811041792
1185966735033278464
1185966735280758786
1185966736195104770
1185966736358727681
1185966736811667457
1185966736841031681
1185966737088319488
1185966737524690944
1185966737608589313
1185966737612824577
1185966737897992193
1185966738904616961
1185966739462479877
1185966739647057923
1185966739877699592
1185966739986833416
1185966740813107201
1185966740955652097
1185966741450625024
1185966741555421187
1185966741664350208
1185966741752438784
1185966742188769280
1185966742280929280
1185966742981562369
1185966743350497280
1185966743505629184
1185966743606321152
1185966743744909312
1185966743761702912
1185966743954644992
1185966745544204288
1185966745871364096
1185966746483724288
1185966746752020481
1185966746970316800
1185966747347759104
1185966747389579264
1185966747498749958
1185966747578449920
1185966748690010112
1185966748694188034
1185966749008699392
1185966749692420098
1185966749704957958
1185966749713190912
1185966750812258304
1185966751059628033
1185966751093268480
1185966751252500480
1185966751357587458
1185966751361785856
1185966751705681921
1185966751957180416
1185966752494174209
1185966752653549568
1185966753722929152
1185966753781813249
1185966754062917632
1185966754092109824
1185966754226417664
1185966754435977223
1185966754515668993
1185966754540982276
1185966754973061121
1185966755065122816
1185966755161636864
1185966755396628480
1185966755790782464
1185966756600397824
1185966756650725377
1185966756977958913
1185966757296640001
1185966759423160320
1185966759444209664
1185966759758704641
1185966760392056832
1185966760442388483
1185966760874217472
1185966761025384450
1185966761180422144
1185966761809764354
1185966761817980928
1185966761822314497
1185966761847508992
1185966762313031681
1185966762627620866
1185966762707374080
1185966763080470528
1185966763277729796
1185966763323936768
1185966763734945792
1185966763948871682
1185966764074700801
1185966764699635712
1185966764741595136
1185966765320237056
1185966765622398978
1185966766192758784
1185966766251487233
1185966766297624576
1185966768147308552
1185966768784924674
1185966769325924353
1185966770668146689
1185966770726801408
1185966770907160576
1185966771456471040
1185966771976753153
1185966772073259011
1185966772115136512
1185966772425498624
1185966773062909952
1185966773063032835
1185966773314699267
1185966773541076993
1185966774644334592
1185966774954745856
1185966775000817664
1185966775911010305
1185966775969767425
1185966775978156032
1185966776422752290
1185966776561164288
1185966776657440768
1185966776925843459
1185966777567764480
1185966778079277056
1185966778482122752
1185966778792304645
1185966778960273409
1185966779295813641
1185966779899797505
1185966780189032448
1185966780814106625
1185966781346861057
1185966781376159747
1185966781732708353
1185966782764466177
1185966783154409473
1185966783271821312
1185966783620096001
1185966783737389056
1185966784282644480
1185966784362487808
1185966784450584576
1185966784547086336
1185966785046159360
1185966785046163456
1185966785113329664
1185966785209618435
1185966785238990849
1185966785369182208
1185966785520160768
1185966785817788416
1185966786178699270
1185966786384158722
1185966786749050881
1185966786866532353
1185966786908479490
1185966787432603648
1185966787705397249
1185966787730370560
1185966788456128514
1185966789282455552
1185966789940989952
1185966790561685505
1185966790641369091
1185966790725263360
1185966790838489088
1185966791652233217
1185966791828197376
1185966791933251584
1185966792260370433
1185966792465891335
1185966792491044865
1185966792587513856
1185966792881180672
1185966793002749952
1185966793090748421
1185966793220857856
1185966793501884418
1185966794227568640
1185966794734850048
1185966794797920256
1185966795200585729
1185966795729096706
1185966795993374720
1185966796471451649
1185966796739928064
1185966796886757377
1185966797272604672
1185966797276749825
1185966797289381890
1185966797499056128
1185966797683490821
1185966798077861889
1185966798438633473
1185966798879023105
1185966798946144257
1185966799042613248
1185966799671742464
1185966799722106882
1185966799738851328
1185966800246173696
1185966800296693760
1185966800594493445
1185966800699310082
1185966800959348738
1185966801374633985
1185966801651404800
1185966802154639360
1185966802364522496
1185966802599174144
1185966802880229376
1185966802993668103
1185966803383734272
1185966803446587392
1185966803790397441
1185966803849072641
1185966804042240000
1185966804138676226
1185966804310642691
1185966804394561536
1185966804423905280
1185966804839141377
1185966805141114881
1185966805384253440
1185966805732515841
1185966806210625537
1185966806684573698
1185966807070466049
1185966807242493957
1185966807401861120
1185966807787737090
1185966807791865858
1185966807884140553
1185966808064561152
1185966808605626368
1185966808660168706
1185966808907571200
1185966809029185536
1185966809549287427
1185966809779986433
1185966810094546948
1185966810228809733
1185966810262331399
1185966810404966401
1185966810450948096
1185966810451066880
1185966810623021058
1185966810740543490
1185966810912321536
1185966811461767169
1185966811734560768
1185966811734593538
1185966811910758401
1185966812070076416
1185966812304945152
1185966812623757312
1185966812661506048
1185966813252747264
1185966813282209793
1185966813772963842
1185966814163034112
1185966815265951744
1185966815337308160
1185966815345889282
1185966815350001664
1185966815542992898
1185966815651999745
1185966815752708097
1185966815756849152
1185966815920447488
1185966816411246593
1185966816717393920
1185966816738197506
1185966817380110336
1185966818273517569
1185966818432880640
1185966818445402112
1185966819519160320
1185966819712090116
1185966820840427525
1185966820966055942
1185966821016588288
1185966821263970304
1185966821637328898
1185966822169960451
1185966822236946432
1185966822241296386
1185966822367084544
1185966823054942219
1185966823159795717
1185966823562457088
1185966824011321344
1185966824049041409
1185966824514560002
1185966824539721728
1185966824636276741
1185966824665600001
1185966825017892866
1185966825554763778
1185966825647083520
1185966826347466755
1185966827614150656
1185966827945504773
1185966828234956802
1185966828327014400
1185966828453011457
1185966828604014592
1185966828612403201
1185966828738301952
1185966829140926465
1185966829233201152
1185966829296115712
1185966829560389632
1185966830017568769
1185966830080397314
1185966830181109760
1185966830336262144
1185966830902562819
1185966830910877699
1185966832085286917
1185966832190144514
1185966832370552832
1185966832479551488
1185966832559284230
1185966833167458306
1185966833758806016
1185966833783988230
1185966834060857344
1185966834098589698
1185966834689941504
1185966834815766529
1185966834882768896
1185966834891345922
1185966834928865280
1185966834983424005
1185966835218427904
1185966835436609538
1185966835612704769
1185966835813900288
1185966836036362241
1185966836346691584
1185966836493574145
1185966836925513731
1185966836988424197
1185966836992614403
1185966837802131456
1185966839026765824
1185966839039438850
1185966839123382274
1185966839664431110
1185966839874097152
1185966840289382401
1185966840318713856
1185966840733933568
1185966841186979840
1185966841358716928
1185966841992306688
1185966842147495936
1185966842172641281
1185966842772373504
1185966842843553792
1185966843502067712
1185966844034928641
1185966844064288771
1185966844382810114
1185966844563415043
1185966844932448261
1185966845649707008
1185966845846798337
1185966845960114177
1185966846014447616
1185966846043967488
1185966846320754691
1185966846748610563
1185966847415341057
1185966848854102017
1185966849068097536
1185966849089048578
1185966849110020103
1185966849130844160
1185966849642643456
1185966849776934912
1185966850057932800
1185966850116608006
1185966850338938880
1185966850498351105
1185966850745745409
1185966850946949121
1185966851186032640
1185966851454623744
1185966851479740420
1185966851563671553
1185966851572064256
1185966851680948224
1185966851710423041
1185966851920019456
1185966851962089472
1185966852234715137
1185966852968714240
1185966853228769280
1185966853233004545
1185966853245427712
1185966853367238658
1185966853639806980
1185966853740474370
1185966853878882304
1185966853925101569
1185966854587719684
1185966854843568135
1185966855128637441
1185966855225253889
1185966855510462464
1185966856311427073
1185966856571625474
1185966856714235906
1185966857020465152
1185966857678999553
1185966857708195840
1185966857871745029
1185966858018721793
1185966858148732934
1185966858358480896
1185966858538647557
1185966858882748416
1185966858941255687
1185966859222487043
1185966859297927168
1185966859360915456
1185966859407036416
1185966859583197185
1185966861080580108
1185966861097357312
1185966862158516225
1185966862372347904
1185966862552764416
1185966862732910592
1185966863316062211
1185966863815192578
1185966864243056645
1185966864419217410
1185966864565964806
1185966864750579713
1185966865291644929
1185966865308442624
1185966865539043330
1185966865731981312
1185966866302455809
1185966866428239873
1185966866621222912
1185966866683924481
1185966866965110786
1185966867179028483
1185966867589894144
1185966867749449730
1185966867757912075
1185966869309583360
1185966869389479936
1185966869620150273
1185966870060359680
1185966870366736389
1185966870622625792
1185966870647754752
1185966870987530242
1185966871281094663
1185966871490781184
1185966871528562690
1185966871931228160
1185966871960543232
1185966872270954499
1185966872279375872
1185966872287744000
1185966872581287937
1185966872602140672
1185966873470525445
1185966873629773824
1185966873659215873
1185966874057674752
1185966874217062401
1185966874657542144
1185966874711990272
1185966874724651010
1185966875026558984
1185966875425099778
1185966875815170049
1185966875924144130
1185966876158914562
1185966876184207361
1185966876834185216
1185966876901462018
1185966877425750017
1185966877438283778
1185966878075867136
1185966878692384768
1185966878734389248
1185966878763769861
1185966879002808322
1185966879027933184
1185966879099117569
1185966879371755520
1185966879908737024
1185966880055541760
1185966880080699392
1185966880110067712
1185966880508596225
1185966880667910144
1185966880793747456
1185966881087377409
1185966881095729153
1185966881678733315
1185966881749921792
1185966881859100674
1185966881938792450
1185966882031067142
1185966882194628608
1185966882228232201
1185966882395807744
1185966883012407296
1185966883079643136
1185966883113259011
1185966883780124674
1185966884216328193
1185966884228943872
1185966884316942343
1185966884325228544
1185966884333772802
1185966884337995776
1185966884946173960
1185966885537538048
1185966885772378112
1185966885969551360
1185966886124752901
1185966886137290752
1185966886284075010
1185966886292377601
1185966886820954113
1185966886854545409
1185966887043305472
1185966887072620544
1185966887298985984
1185966887299096576
1185966887672434688
1185966887781486600
1185966887789715456
1185966887831822336
1185966888112840704
1185966888267984903
1185966888574078976
1185966889039781892
1185966889136205826
1185966889161449472
1185966889832460288
1185966890159620096
1185966890407137282
1185966890495217664
1185966890822328325
1185966890943942656
1185966891233431553
1185966891443113985
1185966891501797377
1185966891745062912
1185966891996721159
1185966892349120514
1185966892650921984
1185966893280223237
1185966893364121600
1185966893498277891
1185966893582180352
1185966893628190720
1185966894135816192
1185966894702125058
1185966894769008640
1185966894886637575
1185966895008108544
1185966895045976064
1185966895310299136
1185966895499042822
1185966895947796481
1185966896086052864
1185966896149094402
1185966896228777984
1185966897214345217
1185966897285783553
1185966897327726595
1185966897503854596
1185966897562558465
1185966897579331584
1185966897671495682
1185966898237849600
1185966898464415744
1185966898774790145
1185966898825052160
1185966899022176262
1185966899357728770
1185966899387097089
1185966899412291585
1185966900016308224
1185966900045631488
1185966900167229440
1185966900175613952
1185966900179800070
1185966900209213441
1185966900548907008
1185966900980920321
1185966901039714304
1185966901429788674
1185966901542998017
1185966901848993792
1185966902004203520
1185966902130040832
1185966902537019392
1185966902704852998
1185966902763544583
1185966902973255683
1185966903304642560
1185966903342391297
1185966903438655488
1185966903682048001
1185966904428515328
1185966904667787265
1185966904734900230
1185966905259122688
1185966905259151360
1185966905632477189
1185966905741529089
1185966905783410688
1185966906131570688
1185966906458558464
1185966906949419014
1185966907406598145
1185966907431804934
1185966907532304385
1185966907834298368
1185966908031602688
1185966908048314374
1185966908450975749
1185966908509741059
1185966908522283010
1185966908677509120
1185966908740395008
