1185954829664968706
1185954829673254913
1185954830012936194
1185954830264782856
1185954830445154304
1185954830608732160
1185954830629490688
1185954830780715008
1185954830830800901
1185954831120420865
1185954831363653634
1185954831875350529
1185954831942537217
1185954831946661888
1185954832240316419
1185954832252841986
1185954832483409921
1185954832634580993
1185954832999313408
1185954833095778304
1185954833175592960
1185954833288826880
1185954833632612352
1185954834312089601
1185954834350071810
1185954834580672523
1185954834639392768
1185954835209830401
1185954835440525317
1185954835490885634
1185954835805298691
1185954835868160000
1185954835977293825
1185954836187140097
1185954836577079296
1185954836594024448
1185954836778340353
1185954836967088128
1185954837030211585
1185954837042737153
1185954837063749633
1185954837365702667
1185954837722214406
1185954837906616320
1185954838082998272
1185954838191828993
1185954838326022144
1185954838359793667
1185954838380765184
1185954838699487233
1185954838791651328
1185954838833778688
1185954839588720640
1185954840045854721
1185954840180088832
1185954840255631360
1185954840515678216
1185954840565829632
1185954841388027908
1185954841719398406
1185954841723576320
1185954841815867393
1185954841924911106
1185954842008682496
1185954842092691459
1185954842411491329
1185954842516303879
1185954842671538178
1185954842772168706
1185954842851860480
1185954842973495300
1185954843002888192
1185954843753701381
1185954844248440833
1185954844458311684
1185954844521185281
1185954844890279937
1185954845343277056
1185954845590786049
1185954845716570112
1185954845762686976
1185954845993422848
1185954846039576577
1185954846257475584
1185954846345748480
1185954846383448066
1185954846668677121
1185954846832287744
1185954847066951680
1185954847247331328
1185954847331213312
1185954847348187136
1185954847385935874
1185954847419523081
1185954847486631936
1185954847499141122
1185954847595618311
1185954847692079104
1185954848057053190
1185954848111501312
1185954848211996673
1185954848216367105
1185954848316907522
1185954848526819329
1185954848660803584
1185954848681926659
1185954848686137345
1185954848690397184
1185954848887447552
1185954848979578881
1185954848979767296
1185954849222885377
1185954849344512000
1185954849415843840
1185954849474658304
1185954849806045184
1185954850162520066
1185954850225508352
1185954850254835712
1185954850342879234
1185954850397290496
1185954850493882369
1185954850594611205
1185954850669920259
1185954850724634624
1185954850837803008
1185954850963673089
1185954851026550784
1185954851152265216
1185954851362091009
1185954851420884992
1185954851487977472
1185954851810922498
1185954852578349056
1185954852725121024
1185954852758679552
1185954852846919680
1185954852922200065
1185954853165637632
1185954853220241408
1185954853241135104
1185954853597659137
1185954853748649984
1185954853983535107
1185954854474342400
1185954854558208000
1185954854906351616
1185954855053074432
1185954855141007361
1185954855514497024
1185954855548084225
1185954855661244419
1185954855673909248
1185954855745142784
1185954855967326209
1185954856084951042
1185954856143638532
1185954856223367169
1185954856315576321
1185954856365936641
1185954856420466690
1185954856432889857
1185954856831463424
1185954857141886976
1185954857502597127
1185954857582247936
1185954857854877701
1185954857867337730
1185954857892614145
1185954858760847365
1185954858882482178
1185954858941198336
1185954859574611974
1185954859754774530
1185954859842826240
1185954859935137794
1185954859960262656
1185954860220502017
1185954860317003776
1185954860535025664
1185954860656713728
1185954860660908032
1185954860669251586
1185954860774105088
1185954860828512256
1185954860937687042
1185954861541658624
1185954861562634240
1185954862040784897
1185954862137335810
1185954862271467521
1185954862388916224
1185954862401572864
1185954862502219776
1185954862942568448
1185954863060008960
1185954863064256512
1185954863273959425
1185954863387201537
1185954863609454594
1185954863685013504
1185954863697383424
1185954864007766016
1185954864330952704
1185954864599371776
1185954865144573957
1185954865295572992
1185954865454993409
1185954865463169024
1185954865681522689
1185954865723400197
1185954865941319680
1185954866302242816
1185954866352533505
1185954866411130880
1185954866474172416
1185954866549678082
1185954866595876864
1185954866608463872
1185954866746855425
1185954866805530624
1185954867120164867
1185954867363405825
1185954867367632899
1185954867514400773
1185954867866718208
1185954867988389889
1185954868063690757
1185954868214882305
1185954868248350720
1185954868508233728
1185954868550422529
1185954868646817792
1185954868948819974
1185954869301202947
1185954869460504577
1185954869653463041
1185954869904994304
1185954869951303680
1185954870114652162
1185954870135791618
1185954870353956864
1185954870458748933
1185954870836318208
1185954871272497155
1185954871368925191
1185954871381561344
1185954871599681538
1185954871641550849
1185954871855517696
1185954872006500353
1185954872266375168
1185954872337846274
1185954872425889792
1185954872534994945
1185954873046654976
1185954873147301888
1185954873352904706
1185954873684234241
1185954873725992960
1185954873751298054
1185954873793286144
1185954873797464064
1185954873843388422
1185954873852022785
1185954873919070208
1185954874422374400
1185954874594332673
1185954874598608899
1185954874661494784
1185954875227684864
1185954875496112134
1185954875735191562
1185954875781373954
1185954875940585473
1185954875974324225
1185954876024643584
1185954876033064960
1185954876670599169
1185954877048049664
1185954877224165376
1185954877404405760
1185954877412802560
1185954877522038784
1185954877601669120
1185954878029553665
1185954878138568704
1185954878209871873
1185954878461546497
1185954878532866051
1185954878641856513
1185954878998269952
1185954879036108800
1185954879552004101
1185954879723847680
1185954879732408320
1185954879954665473
1185954879996645376
1185954880319418368
1185954880369938432
1185954880642523141
1185954880810303488
1185954881535823873
1185954881984778241
1185954882261532673
1185954882680954880
1185954882836160512
1185954882936868870
1185954882949439493
1185954883008192514
1185954883209482243
1185954883305795584
1185954884023021568
1185954884149010432
1185954884304146433
1185954884467806209
1185954884501299200
1185954885134626820
1185954885226905600
1185954885545664512
1185954885818179584
1185954886099320832
1185954886166278144
1185954886233387008
1185954886577295360
1185954886908891137
1185954886917263360
1185954887009366016
1185954887101751296
1185954887109992448
1185954887240241152
1185954887277920256
1185954887567368193
1185954887584157696
1185954887684820992
1185954887869202432
1185954887915524097
1185954887965839360
1185954887970054145
1185954888003530752
1185954888347537408
1185954888406257664
1185954888645136390
1185954888875958272
1185954889215696902
1185954889551228928
1185954889597411333
1185954889643393024
1185954889668513793
1185954889672921091
1185954890260062208
1185954890276884482
1185954890281050112
1185954890461450240
1185954890637598722
1185954890796978181
1185954890952171520
1185954890981363712
1185954891170115584
1185954891174502401
1185954891312881664
1185954891317104647
1185954891329495041
1185954891577081856
1185954891639865345
1185954891652632581
1185954891719675904
1185954891933597699
1185954892063490048
1185954892512235520
1185954892516487168
1185954892600377349
1185954892646703104
1185954892751540224
1185954892789309443
1185954892877316096
1185954892982042624
1185954893007409152
1185954893087019010
1185954893271650305
1185954893363929090
1185954893431005184
1185954893506469889
1185954893678481408
1185954893837811714
1185954893842006016
1185954894152425478
1185954894169030661
1185954894227935234
1185954894328582144
1185954894466945024
1185954895003881473
1185954895221923842
1185954895272148992
1185954895532298242
1185954895607808000
1185954895666376709
1185954895670718464
1185954895817404416
1185954895834292225
1185954896220057601
1185954896316645376
1185954896450859009
1185954896824037376
1185954897146957824
1185954897281208321
1185954897486843905
1185954897490927616
1185954897516040192
1185954897545482240
1185954897872723969
1185954898199769088
1185954898271182848
1185954898514448384
1185954898682109958
1185954898774495232
1185954898795323394
1185954898799579136
1185954898954870795
1185954899068145664
1185954899214901254
1185954899273666560
1185954899399512064
1185954899797954562
1185954900124897280
1185954900200611843
1185954900221550594
1185954900301307904
1185954900519411712
1185954900556963840
1185954900720652288
1185954900737429509
1185954900842287105
1185954900854870016
1185954901421154304
1185954901425344513
1185954901601476608
1185954901668618240
1185954901903499264
1185954902662623237
1185954902683635712
1185954903006437377
1185954903182721024
1185954903195357184
1185954903363117057
1185954903392284672
1185954903488974848
1185954903568592896
1185954903698505728
1185954903711211526
1185954904071782400
1185954904113844229
1185954904193585152
1185954904252342273
1185954904289890306
1185954904814149632
1185954905040789506
1185954905187442688
1185954905229422592
1185954905233776641
1185954905246371843
1185954906039037952
1185954906085167104
1185954906265608193
1185954906290708487
1185954906341040130
1185954906504617984
1185954906508857344
1185954906596937729
1185954906680778752
1185954906810675200
1185954907121246209
1185954907322499073
1185954907330961412
1185954907406385153
1185954907423158272
1185954907557433346
1185954907599331330
1185954908048150528
1185954908299825152
1185954908454969344
1185954908622786560
1185954908735885313
1185954908798775296
1185954908815724544
1185954908874391557
1185954909050626049
1185954909193199616
1185954909201395712
1185954909352411136
1185954909654523905
1185954909730082816
1185954909742686208
1185954910166228994
1185954910447251456
1185954910652620800
1185954910753435654
1185954910778593286
1185954910912876545
1185954910971596801
1185954911093051392
1185954911122575360
1185954911130771457
1185954911290298369
1185954911470657537
1185954911575531525
1185954912053665792
1185954912074715136
1185954912162611200
1185954912242491392
1185954912342925313
1185954912342986753
1185954912422842368
1185954912762552320
1185954913324617729
1185954913643311104
1185954913832058881
1185954914016608259
1185954914150813699
1185954914423455744
1185954914675154945
1185954915455127552
1185954915786592256
1185954916189310977
1185954916222881792
1185954916231086082
1185954916411592710
1185954916449345543
1185954916558200832
1185954916575039488
1185954916709347328
1185954917057548291
1185954917128630274
1185954917162377216
1185954917485367296
1185954917573431302
1185954918018027521
1185954918257037312
1185954918437457921
1185954918974328838
1185954919200776193
1185954919246979074
1185954919326605313
1185954919578263552
1185954919767035907
1185954919800541185
1185954919859261440
1185954919976591361
1185954920094208000
1185954920270315520
1185954920425541632
1185954920777703424
1185954921134333952
1185954921163755522
1185954921205714946
1185954921293602818
1185954921432129536
1185954921478283265
1185954921922940929
1185954922002563073
1185954922048774145
1185954922266804224
1185954922459742209
1185954922661142529
1185954922765926400
1185954922782756864
1185954923336388608
1185954923483021313
1185954923525001217
1185954923537731585
1185954923659321346
1185954923709698048
1185954923734884355
1185954923751628800
1185954923969765376
1185954924263366657
1185954924326244353
1185954924728860672
1185954924904927233
1185954925026693120
1185954925039226883
1185954925077061634
1185954925186039808
1185954925249007616
1185954925601312768
1185954925869719554
1185954926066851843
1185954926360453121
1185954926494568450
1185954926532411392
1185954926536679424
1185954926712762369
1185954926716960769
1185954927425806338
1185954927597801472
1185954927744602112
1185954927866208257
1185954927920799744
1185954928105345024
1185954928268906496
1185954928365195264
1185954928478576640
1185954928692383749
1185954928742809603
1185954928751042560
1185954928889663488
1185954928990154752
1185954929178857474
1185954929204236289
1185954929384591361
1185954929485197312
1185954929606832129
1185954929615216641
1185954929820782594
1185954930030448640
1185954930135195649
1185954930248638464
1185954930454126592
1185954930470686720
1185954930688958464
1185954930760093696
1185954930907107328
1185954931494273025
1185954931586555910
1185954931854974976
1185954932039528449
1185954932156981249
1185954932492341251
1185954932597223424
1185954932718882817
1185954932781920256
1185954932995829760
1185954933021052929
1185954933138509824
1185954933172031489
1185954933352349696
1185954933540933633
1185954933570494464
1185954933650198528
1185954933763383296
1185954933763465217
1185954933767639041
1185954933918466050
1185954934044401664
1185954934065422336
1185954934145126400
1185954934359035909
1185954934367371265
1185954934883262467
1185954934996557824
1185954935290171392
1185954935898288129
1185954936292552704
1185954936309215232
1185954936678469638
1185954936762310656
1185954936795910144
1185954937139802119
1185954937617965056
1185954937861279746
1185954937924026369
1185954937982869504
1185954938188435457
1185954938301616128
1185954938578296832
1185954938599411713
1185954938607886336
1185954938670800899
1185954938674929666
1185954938964201472
1185954939023040512
1185954939102793730
1185954939132100614
1185954939161448451
1185954939295715328
1185954939329286144
1185954939727691778
1185954940277153792
1185954940306374656
1185954940319088645
1185954940444925953
1185954940600180737
1185954940746981378
1185954941111885825
1185954941128630272
1185954941229240320
1185954941237682178
1185954941245911040
1185954941333991424
1185954941577453569
1185954941598388224
1185954941841469441
1185954941849997313
1185954941963243520
1185954942001004544
1185954942374297600
1185954942395269120
1185954942491807745
1185954942596632576
1185954942864908293
1185954942978269184
1185954943078932480
1185954943242559489
1185954943313821701
1185954943494062081
1185954943632642049
1185954943854755842
1185954944047824896
1185954944328830977
1185954944416997376
1185954945524219904
1185954945545191426
1185954945708806145
1185954945780072451
1185954946048413702
1185954946052755458
1185954946451230721
1185954946476199936
1185954946577031168
1185954946593759232
1185954946816073732
1185954947092930560
1185954947441070080
1185954947508125698
1185954947579465728
1185954947650768897
1185954947684286464
1185954947717840898
1185954947734654976
1185954947835289600
1185954947873017858
1185954947906621440
1185954947931791362
1185954948426678273
1185954948439269378
1185954948506251265
1185954948636430338
1185954948686798848
1185954948707696640
1185954948925853697
1185954949190041601
1185954949240242183
1185954949429186560
1185954949714317312
1185954949789671425
1185954949882109953
1185954949940822016
1185954950045679617
1185954950188294146
1185954950276403200
1185954950456709131
1185954950544789509
1185954950775394305
1185954951006248965
1185954951270293504
1185954951316561920
1185954951517933568
1185954951618584576
1185954951840915462
1185954952012861450
1185954952109162496
1185954952113508358
1185954952398737411
1185954952600064000
1185954952671195137
1185954952683884544
1185954952767688706
1185954952918650885
1185954952990154758
1185954952998457344
1185954953291952129
1185954953334022145
1185954953342410758
1185954953384415237
1185954953510170625
1185954953594097664
1185954953669435392
1185954953925410816
1185954953925480448
1185954954059669504
1185954954344894464
1185954954470723584
1185954954764148736
1185954954810417159
1185954955301138433
1185954955334750209
1185954955385036802
1185954955577790464
1185954955661852672
1185954955988885507
1185954956123131905
1185954956261638145
1185954956504948736
1185954956530114561
1185954957272465411
1185954957280849920
1185954957423329280
1185954957612212224
1185954957742227457
1185954957750616064
1185954957792555008
1185954957909999616
1185954958094585857
1185954958098616321
1185954958098817029
1185954958404968450
1185954958438535171
1185954958572544001
1185954958669168640
1185954958694375424
1185954958748930050
1185954959059275778
1185954959147192320
1185954959264813057
1185954959465992192
1185954959600312328
1185954959663292417
1185954960179105792
1185954960346734593
1185954960372092931
1185954960380321792
1185954960464330753
1185954960728645633
1185954960808103936
1185954960812445697
1185954960837500929
1185954960950943745
1185954960997003264
1185954961047339009
1185954961370206208
1185954961781329921
1185954961827319814
1185954961948987393
1185954962305638400
1185954962653663233
1185954962725113863
1185954962741846016
1185954962968330240
1185954963048058882
1185954963261927425
1185954963337273344
1185954963450671104
1185954963501080583
1185954963538636800
1185954963618484224
1185954963702157312
1185954963916312576
1185954964000129030
1185954964285341697
1185954964293767174
1185954964394242049
1185954964402667520
1185954964516016129
1185954964587372546
1185954964704841729
1185954965241712640
1185954965245743104
1185954965359075328
1185954965522485248
1185954965552013315
1185954965895946240
1185954965954498563
1185954965963055105
1185954965963100160
1185954966042742784
1185954966051024896
1185954966122446859
1185954966344753158
1185954966667706368
1185954967254896642
1185954967472918528
1185954967879741440
1185954968374636544
1185954968408186880
1185954968705982464
1185954968890757126
1185954969113026561
1185954969129799680
1185954969419165696
1185954969721032704
1185954969872207874
1185954969884790786
1185954969930862592
1185954970320982016
1185954970404831234
1185954970484596736
1185954970677452800
1185954971012997121
1185954971117748224
1185954971260510209
1185954971398889472
1185954971436666881
1185954971906273282
1185954971923210241
1185954972422164480
1185954972422291457
1185954972514603008
1185954972632047617
1185954972816564225
1185954972871135235
1185954972938186758
1185954973206618114
1185954973345079297
1185954973592494088
1185954973651263488
1185954973810642944
1185954973860777984
1185954974003367936
1185954974045392896
1185954974053949440
1185954974263590923
1185954974376660992
1185954974406074374
1185954974540300288
1185954974884343808
1185954975026839553
1185954975115104256
1185954975240855552
1185954976335613953
1185954976381751302
1185954976566333444
1185954976901816320
1185954977006706688
1185954977094742016
1185954977203798016
1185954977388171265
1185954977430290432
1185954977430298624
1185954977673629697
1185954977908510726
1185954977958825984
1185954977962967041
1185954978508300291
1185954978529198081
1185954978680262656
1185954978801819648
1185954979682672640
1185954979892416512
1185954980265639936
1185954980651589633
1185954980752232448
1185954981146292224
1185954981347823617
1185954981360427010
1185954981502996481
1185954982228447235
1185954982283173888
1185954982907932672
1185954983117758466
1185954983130423297
1185954983474323460
1185954983507681280
1185954983537266690
1185954983721738246
1185954983797280775
1185954984065679360
1185954984074104832
1185954984363319299
1185954984623517699
1185954984917196807
1185954984992620544
1185954985231695872
1185954985550303233
1185954985751662592
1185954985902784512
1185954985965772803
1185954986322210818
1185954986330599424
1185954986389315584
1185954986456485888
1185954986485866501
1185954986498375680
1185954986544398336
1185954986628280320
1185954986842345472
1185954987110817793
1185954987173699585
1185954987429359616
1185954987450482689
1185954987454664704
1185954987794403332
1185954988125757441
1185954988473946113
1185954988692004865
1185954988754898945
1185954988847181825
1185954989186994178
1185954989191155712
1185954989497126912
1185954989526663175
1185954989606354946
1185954989643976705
1185954989690081282
1185954989782401029
1185954989904191494
1185954989920927750
1185954989941907460
1185954990105550848
1185954990122295302
1185954990126436352
1185954990214373376
1185954990319394816
1185954990357135360
1185954990810120192
1185954990889881610
1185954990902390784
1185954990906580994
1185954990910783490
1185954991015641089
1185954991061778432
1185954991283957760
1185954991548391424
1185954991581880322
1185954991619629057
1185954991770624000
1185954991795625984
1185954991967784961
1185954991976132608
1185954991976189952
1185954992110395394
1185954992139784192
1185954992181731328
1185954992345083904
1185954992441548800
1185954992588500993
1185954992622047234
1185954992718372864
1185954992831844352
1185954992898883585
1185954993037295617
1185954993360326656
1185954993381302272
1185954993448345606
1185954993662238722
1185954993758789634
1185954993884545024
1185954994161213440
1185954994295627776
1185954994777812993
1185954994891169793
1185954995067375616
1185954995327438849
1185954995595816960
1185954995608276992
1185954995633442816
1185954995763580930
1185954995772035072
1185954995801227264
1185954995809603586
1185954996447272963
1185954996447338506
1185954996472426496
1185954996656988161
1185954996891914240
1185954997118390274
1185954997134954496
1185954997139324928
1185954997323743232
1185954997575520257
1185954997709803521
1185954997940510720
1185954997973835776
1185954998015819776
1185954998548619265
1185954998741585920
1185954998758322182
1185954998875758592
1185954998875766785
1185954998913503232
1185954999068745728
1185954999152586754
1185954999207153666
1185954999253291008
1185954999320432641
1185954999324610560
1185954999672725505
1185954999882436610
1185954999945355264
1185954999962128384
1185954999987257345
1185955000008052736
1185955000314421248
1185955000834498560
1185955000985542656
1185955001090351108
1185955001132302336
1185955001354670080
1185955001358782465
1185955001581146113
1185955001945882624
1185955001954426888
1185955001979551746
1185955002453508096
1185955002478551041
1185955002545631233
1185955002650628097
1185955002726133762
1185955002759745542
1185955002969276417
1185955002986024961
1185955002998767617
1185955003015393280
1185955003216715776
1185955003376246784
1185955003980271616
1185955004043202561
1185955004441595904
1185955004852498433
1185955004944793600
1185955005020413952
1185955005024616450
1185955005033000961
1185955005263699971
1185955005335031808
1185955005750116352
1185955005930577920
1185955005989376001
1185955006018666497
1185955006056402947
1185955006102589440
1185955006622494720
1185955006685552640
1185955006740156416
1185955006798876673
1185955006907858945
1185955006937288704
1185955006941450240
1185955007343915014
1185955007763537922
1185955008061292545
1185955008128397312
1185955008459628545
1185955008648503303
1185955008753352704
1185955008774320128
1185955008895946754
1185955009017581569
1185955009650941958
1185955009747439617
1185955009848057857
1185955009894195201
1185955009982271488
1185955009999101953
1185955010166829057
1185955010607083521
1185955010657472512
1185955010955370496
1185955011043512320
1185955011093774348
1185955011169263617
1185955011391442944
1185955011655802881
1185955011844378625
1185955011861401602
1185955011949400069
1185955012146618368
1185955012285030405
1185955012314157056
1185955013065170945
1185955013228748800
1185955013945901058
1185955014285647872
1185955014424125440
1185955014604476417
1185955015040462848
1185955015132884994
1185955015296503808
1185955015900442631
1185955016130977798
1185955016257036291
1185955016298901505
1185955016709984256
1185955016730992642
1185955016890372097
1185955017020399621
1185955017049739268
1185955017343340544
1185955017402077184
1185955017406189570
1185955017498464256
1185955017519435776
1185955017536266245
1185955017569624065
1185955017586630657
1185955017599135744
1185955018010255362
1185955018056204289
1185955018215608320
1185955018823872512
1185955018878251008
1185955019054407682
1185955019302068225
1185955019310403586
1185955019553673216
1185955019658612737
1185955019780026368
1185955020413505537
1185955020455501824
1185955020610555905
1185955020702924800
1185955021042659328
1185955021172563968
1185955021193482240
1185955021713760256
1185955021801906176
1185955021806034945
1185955021998960642
1185955022028201984
1185955022049284096
1185955022170939394
1185955022263259136
1185955022410047490
1185955022498078727
1185955022623907843
1185955022632378368
1185955022762209280
1185955022804279296
1185955022850416641
1185955023123046400
1185955023374581765
1185955023416639488
1185955023445839873
1185955023685066753
1185955023844466689
1185955024356069376
1185955024746229760
1185955024922386432
1185955024930783236
1185955024935047168
1185955025064845314
1185955025220071425
1185955025484439553
1185955025497051137
1185955025668849665
1185955025702440960
1185955025866186752
1185955025891287041
1185955025987743746
1185955026004430849
1185955026335870977
1185955026533081092
1185955026721759232
1185955026793107456
1185955026864431111
1185955026881122306
1185955026897911808
1185955027015393280
1185955027065679873
1185955027145367552
1185955027204169729
1185955027216556032
1185955027480961026
1185955027657080834
1185955027728437248
1185955027795529729
1185955027900424192
1185955027900424193
1185955027954864129
1185955028181377024
1185955028298850304
1185955028818976768
1185955028931997697
1185955029326422018
1185955029334798336
1185955029443846145
1185955029490044928
1185955029901086727
1185955030202896384
1185955030207254529
1185955030626648068
1185955031440416776
1185955031897530368
1185955032182788097
1185955032350498816
1185955032551886849
1185955032681844738
1185955032686104578
1185955032895774722
1185955032921001986
1185955032929312774
1185955032983855104
1185955033189363713
1185955033252335617
1185955033323425792
1185955033612877824
1185955033826938880
1185955034015698946
1185955034263183360
1185955034296487937
1185955034493870085
1185955034577588224
1185955034594304006
1185955034846158848
1185955034875465728
1185955034967744513
1185955035060080641
1185955035148177410
1185955035320070144
1185955035567534080
1185955035881934850
1185955036184170496
1185955036549001217
1185955036582600704
1185955036779765761
1185955036964249600
1185955037153054720
1185955037215887360
1185955038071590918
1185955038377709569
1185955038444883968
1185955038666973184
1185955038746816519
1185955038994124801
1185955039082434566
1185955039300505600
1185955039728328704
1185955039757721600
1185955039812018176
1185955039938002944
1185955040089051137
1185955040252583936
1185955040294526977
1185955040365830152
1185955040386789376
1185955040822824961
1185955040919465990
1185955040936235013
1185955041003425797
1185955041179557890
1185955041460572164
1185955041544458240
1185955041821233152
1185955041900974083
1185955042022641664
1185955042110525441
1185955042119114754
1185955042484015106
1185955042613977088
1185955042794192896
1185955042811092995
1185955042957955074
1185955043016675328
1185955043020808192
1185955043238907905
1185955043557695488
1185955043620610048
1185955043645820928
1185955043889074176
1185955044002336771
1185955044308336640
1185955044711157767
1185955044954275840
1185955044979564545
1185955045659103232
1185955046120443904
1185955046397267970
1185955046409887746
1185955046804148225
1185955046824935425
1185955046883811330
1185955047106109442
1185955047173177350
1185955047579865088
1185955048049860610
1185955048188194816
1185955048209039360
1185955048540590081
1185955048569786368
1185955048871858176
1185955049031245835
1185955049081585665
1185955049144377345
1185955049190518784
1185955049387810819
1185955049400344580
1185955049425399808
1185955049517641728
1185955049576382465
1185955049652006912
1185955049773686785
1185955049802874880
1185955049920483335
1185955049920520192
1185955050235060224
1185955050327367680
1185955050713047040
1185955050754994176
1185955050901983234
1185955051027730432
1185955051153416193
1185955051237343232
1185955051447050240
1185955051640152064
1185955051719811072
1185955052084703234
1185955052130844672
1185955052143435777
1185955052151889920
1185955052189601792
1185955052286021634
1185955052575264768
1185955052759814146
1185955052793540608
1185955052973805568
1185955053124902913
1185955053183496193
1185955053326094336
1185955053468864512
1185955053544169472
1185955053594697742
1185955053598920704
1185955053766615041
1185955053846368256
1185955054123044864
1185955054202904578
1185955054257356803
1185955054286770178
1185955054479650816
1185955054693552130
1185955054987161600
1185955055733792768
1185955055733825536
1185955055779926016
1185955055909904384
1185955055939342336
1185955056018952193
1185955056442429440
1185955056492961797
1185955056547446785
1185955056564260865
1185955056681656321
1185955056723644416
1185955056891375616
1185955056908230656
1185955056916598789
1185955057159852032
1185955057411469312
1185955057902260225
1185955058287906816
1185955058350866432
1185955058787241985
1185955058950770689
1185955059135406080
1185955059294756865
1185955059408015361
1185955059491721217
1185955059529465856
1185955059886112768
1185955059894345729
1185955060301336576
1185955060318134272
1185955060443840513
1185955060464996352
1185955060749979648
1185955060754407424
1185955060863377409
1185955061098258432
1185955061362495493
1185955061383520256
1185955061870010370
1185955062218186752
1185955062318800901
1185955062759219200
1185955063057076232
1185955063090601984
1185955063216390149
1185955063883128832
1185955064160182272
1185955064369897472
1185955064411762694
1185955064806105089
1185955065028206593
1185955065183518725
1185955065594384384
1185955065628106758
1185955065640570882
1185955065745547269
1185955065749741570
1185955065871454210
1185955066001281024
1185955066072580097
1185955066177445888
1185955066269851650
1185955066336952320
1185955066840117248
1185955066911641603
1185955066961891331
1185955067075035137
1185955067263893505
1185955067297456131
1185955067943358465
1185955067968385025
1185955067989516295
1185955068778045443
1185955068794822656
1185955068928909312
1185955069247791105
1185955069675659269
1185955069960900608
1185955070052974594
1185955070237642752
1185955070342504448
1185955070459944961
1185955070552301568
1185955070845882370
1185955070904549376
1185955070912991232
1185955070950674432
1185955071311241217
1185955071340634112
1185955071424684033
1185955071642738688
1185955071680376833
1185955071969779713
1185955071978328066
1185955071999270913
1185955072007659527
1185955072083034113
1185955072187998208
1185955072196280320
1185955072271740928
1185955072481447936
1185955072775245824
1185955072884269056
1185955073165352960
1185955073391824896
1185955073442177025
1185955073727307777
1185955073735696384
1185955074327097344
1185955074478149634
1185955075023233024
1185955075186925568
1185955075237261313
1185955075304366081
1185955075312832519
1185955075350396929
1185955075736260608
1185955075929366529
1185955075975454720
1185955076055228417
1185955076096942080
1185955076235546624
1185955076277489669
1185955076558540801
1185955076600295424
1185955076755476480
1185955076835282946
1185955076914987019
1185955077879672832
1185955078093578244
1185955078441709569
1185955078647234560
1185955078651314177
1185955078886363143
1185955078957682693
1185955079129579520
1185955079129579521
1185955079133761536
1185955079414779907
1185955079586758662
1185955079695847426
1185955079825842176
1185955079951699969
1185955079997870081
1185955080106840064
1185955080110952448
1185955080391905280
1185955080589234177
1185955080639598592
1185955080656379904
1185955080719273985
1185955080849317889
1185955080924729349
1185955081033830400
1185955081415512066
1185955082237464576
1185955082296320007
1185955082723975170
1185955082745122816
1185955082837250049
1185955083131015169
1185955083399450624
1185955083466526720
1185955083529404416
1185955083550412801
1185955083630104579
1185955083634331650
1185955083651047424
1185955083776868353
1185955083885993986
1185955083898540033
1185955084179562496
1185955084217344007
1185955084418588672
1185955084489908225
1185955084863041537
1185955085479747585
1185955085500575745
1185955085567836161
1185955085718872066
1185955085760765953
1185955085941006336
1185955085970497537
1185955086389805056
1185955086402510849
1185955086402510850
1185955086649966594
1185955086737920000
1185955086817746945
1185955087291691008
1185955087681753094
1185955087811780608
1185955088520634369
1185955088910770181
1185955089132900352
1185955089141456903
1185955089199976448
1185955089380327424
1185955089401253889
1185955089544089601
1185955089619587072
1185955089690836992
1185955089795768320
1185955089816653830
1185955089959309314
1185955090038951936
1185955090064015360
1185955090164785152
1185955090357768193
1185955090462470144
1185955090462494726
1185955090533965835
1185955090856894464
1185955090877816832
1185955090940813314
1185955091133546496
1185955091141939200
1185955091150462978
1185955091200839682
1185955091343261698
1185955091402182657
1185955091947220992
1185955092035493888
1185955092194824192
1185955092836634624
1185955093251809280
1185955093268652034
1185955093507661827
1185955093738377222
1185955093998387200
1185955094086467589
1185955094333927425
1185955094539329536
1185955094547746816
1185955094568820742
1185955094841442306
1185955094958952451
1185955095244132353
1185955095449657346
1185955095826980864
1185955095831339010
1185955096321855489
1185955096363966464
1185955096405991424
1185955096481239040
1185955096531820545
1185955096540143618
1185955096955252736
1185955096988979201
1185955097014128642
1185955097043525632
1185955097332928515
1185955097660067840
1185955097701957633
1185955097735389184
1185955097764741120
1185955097844600832
1185955098062512128
1185955098112872448
1185955098175987712
1185955098180096000
1185955098385637378
1185955098712858626
1185955098763153408
1185955098947506177
1185955098976849920
1185955099002232835
1185955099044134912
1185955099115433995
1185955099220303872
1185955099870408708
1185955099903815680
1185955100067581952
1185955100176592901
1185955100264665088
1185955100382158849
1185955100600209408
1185955100650627072
1185955101539799043
1185955101594263555
1185955101598507016
1185955101976006656
1185955102416355328
1185955102517006336
1185955102630305793
1185955102873534464
1185955103036960768
1185955103066546176
1185955103339089920
1185955103372709889
1185955103402070021
1185955103829704704
1185955103922098176
1185955104215781377
1185955104559652866
1185955104702304256
1185955104857317378
1185955104870023170
1185955105318805504
1185955105364959232
1185955105406881792
1185955105465622529
1185955105620684800
1185955105658626049
1185955105683718145
1185955106065399808
1185955106392555521
1185955106530959361
1185955106543620099
1185955106694545413
1185955106975604736
1185955107030077441
1185955107050967040
1185955107160166400
1185955107332071425
1185955107474534400
1185955107684409344
1185955107793293312
1185955107827007488
1185955108258889728
1185955108460388352
1185955108833632257
1185955109001318400
1185955109689270272
1185955109743878145
1185955110020628480
1185955110045794305
1185955110083530752
1185955110251356167
1185955110431678464
1185955110435860481
1185955110570119169
1185955110641373185
1185955110725279744
1185955110754668544
1185955110872125442
1185955111400435712
1185955111757066241
1185955111832567808
1185955111878696960
1185955112084221952
1185955112218349568
1185955112256188417
1185955112474173441
1185955112541474816
1185955112629493760
1185955113103478784
1185955113384497158
1185955113451450368
1185955113505976320
1185955113837322242
1185955113896153088
1185955113917132800
1185955114357547008
1185955114508402688
1185955114508570625
1185955114667958273
1185955114848264192
1185955114965753858
1185955115120746497
1185955115305443329
1185955115368419329
1185955116089839618
1185955116114939905
1185955116291121154
1185955116429524992
1185955116882579456
1185955117033504769
1185955117285150721
1185955117557800960
1185955118254088192
1185955118576893953
1185955118627246080
1185955118690328577
1185955119281725440
1185955119533318146
1185955119764070401
1185955119789006848
1185955119847936000
1185955119961198592
1185955120242147329
1185955120254574592
1185955120288284673
1185955120296714240
1185955120309309442
1185955120535744512
1185955120967802882
1185955121282334723
1185955121500311553
1185955121555005440
1185955121726803969
1185955122255482880
1185955122523901952
1185955122624360450
1185955122674896900
1185955122779541506
1185955122813329408
1185955122867773440
1185955123144601602
1185955123454976001
1185955123819876353
1185955123908009988
1185955124046422016
1185955124348370945
1185955125040312321
1185955125304709120
1185955125380169728
1185955125548015616
1185955125686177792
1185955125791285248
1185955126004961280
1185955126076497920
1185955126122434561
1185955126189543425
1185955126231453696
1185955126340657152
1185955126428737537
1185955126428819459
1185955126638456837
1185955126705410048
1185955126764285952
1185955126764290048
1185955126860754946
1185955127074742276
1185955127099682817
1185955127116648453
1185955127502528513
1185955127527694338
1185955127552827399
1185955127896752129
1185955127972237314
1185955127972257793
1185955128211320833
1185955128408453120
1185955128521527296
1185955128672698368
1185955128945315841
1185955128974561280
1185955129054380032
1185955129134059527
1185955129222221826
1185955129624805376
1185955129738043392
1185955129779994631
1185955129876455425
1185955130115530754
1185955130136580097
1185955130157473793
1185955130413387781
1185955131038191617
1185955131122159617
1185955131134795779
1185955131231047680
1185955131633950732
1185955131818422274
1185955131818463237
1185955131860213766
1185955131860439041
1185955131994574849
1185955132032159744
1185955132514553856
1185955133450047488
1185955133647216641
1185955133697470464
1185955133785628672
1185955133848469504
1185955133898838023
1185955134272147456
1185955134322311168
1185955134418886656
1185955134985162757
1185955135018733568
1185955135031300096
1185955135048093696
1185955135056314368
1185955135253557249
1185955135270326272
1185955135303946241
1185955136037904386
1185955136058748929
1185955136222486528
1185955136264388609
1185955136604033026
1185955136834822144
1185955136973103104
1185955137120018432
1185955137233342464
1185955137354977282
1185955137476530178
1185955137568702465
1185955137652690949
1185955138021810179
1185955138113921024
1185955138260873217
1185955138499829761
1185955138634076160
1185955138764247042
1185955138785202178
1185955138826981376
1185955138848079872
1185955139225567232
1185955139393331200
1185955139900887042
1185955139976388613
1185955140022558720
1185955140496482307
1185955141326737408
1185955141519839241
1185955141553442816
1185955141662449664
1185955141754769408
1185955142396334081
1185955142538891264
1185955142862024704
1185955143138844672
1185955143210196992
1185955144040681479
1185955144472682502
1185955144829210624
1185955145022103553
1185955145181548549
1185955145181552640
1185955145328316418
1185955145344929792
1185955145470885888
1185955145722535936
1185955145839984640
1185955145911361541
1185955145995161600
1185955145999253504
1185955146376929282
1185955146469171201
1185955146657865737
1185955146909601794
1185955146955739136
1185955146968305671
1185955146997608448
1185955147022778369
1185955147136016384
1185955147647725568
1185955147664560129
1185955147849056262
1185955148255744000
1185955148360753155
1185955148687958021
1185955148750708738
1185955148792598528
1185955148880695297
1185955149086445568
1185955149174497280
1185955149312864257
1185955149736562689
1185955150264848384
1185955150344708098
1185955150348898304
1185955150424432640
1185955150474764290
1185955150529257473
1185955150684475392
1185955150931906561
1185955151040770048
1185955151456153600
1185955151888179201
1185955151955148801
1185955152169189376
1185955152483803138
1185955152496332800
1185955152546717696
1185955152961900544
1185955153045839874
1185955153242918912
1185955153473609728
1185955154018947073
1185955154039844865
1185955154086023170
1185955154190917632
1185955154195046402
1185955154350301184
1185955154539012098
1185955155277209600
1185955155382079490
1185955155415576578
1185955155419774977
1185955155616907265
1185955155847585797
1185955156048764928
1185955156539494400
1185955156585861122
1185955156606799872
1185955156703109126
1185955157114347521
1185955157172981766
1185955157315469315
1185955157344997376
1185955157571489793
1185955157592494081
1185955157680504837
1185955157726482432
1185955157902798849
1185955158070628352
1185955158305464320
1185955158406172673
1185955158687145985
1185955158766866437
1185955158783647744
1185955158800224256
1185955158875877377
1185955159102427139
1185955159148503042
1185955159656013824
1185955159689572353
1185955159785951232
1185955159890939904
1185955160024965120
1185955160067104770
1185955160239083523
1185955160528510977
1185955160620617728
1185955160712986626
1185955160960331779
1185955161073545216
1185955161086271490
1185955161237270528
1185955161400926210
1185955161505763330
1185955161820356608
1185955162046844929
1185955162097143809
1185955162134929408
1185955162386501632
1185955162537545729
1185955162617196544
1185955162721927168
1185955163023896576
1185955163334422528
1185955163535761408
1185955164068425729
1185955164261367808
1185955164324106240
1185955164412432385
1185955164571754496
1185955165008023553
1185955165582573569
1185955165628698624
1185955165712502785
1185955166035628035
1185955166094270465
1185955166098468866
1185955166262059009
1185955166308012033
1185955166413086724
1185955166467440641
1185955166870298626
1185955166891233281
1185955166937407488
1185955167134461952
1185955167201648642
1185955167755276289
1185955168053014528
1185955168564793345
1185955168572997632
1185955168954617857
1185955169151934464
1185955169152000000
1185955169579732992
1185955169713971201
1185955170175344642
1185955170242289664
1185955170393427968
1185955170548666368
1185955170573836294
1185955170619920385
1185955170905145345
1185955171014197248
1185955171186151438
1185955171815378947
1185955171983081473
1185955172054372353
1185955172083781633
1185955172155056128
1185955172163489794
1185955172331216896
1185955172649881600
1185955172666597376
1185955172746326021
1185955172780036097
1185955173199503361
1185955173262381057
1185955173644079104
1185955173757177856
1185955174000541696
1185955174151573504
1185955174319177728
1185955174378037254
1185955174973693953
1185955174998786049
1185955175032393728
1185955175208538112
1185955175317626880
1185955175569285122
1185955175715917824
1185955175799971841
1185955175908941826
1185955176311676929
1185955176617779201
1185955176877707265
1185955177200783360
1185955177230229504
1185955177288749057
1185955177322430464
1185955177444118528
1185955177481814016
1185955177628622849
1185955177880272898
1185955178094190592
1185955178207469568
1185955178295562241
1185955178324922368
1185955178366885892
1185955178568019968
1185955178668789765
1185955178865926147
1185955179448983552
1185955179713175555
1185955179813916674
1185955180648583170
1185955180749053952
1185955180854108163
1185955181038592000
1185955181432885249
1185955181453815808
1185955181629972481
1185955181734830080
1185955181764046848
1185955182150070274
1185955182762438656
1185955182934249472
1185955182934257664
1185955183005556738
1185955183139930114
1185955183160741888
1185955183215497217
1185955183362269186
1185955183370686465
1185955183546765312
1185955183760683008
1185955183857147904
1185955184519925761
1185955184763199488
1185955184813363200
1185955185014771712
1185955185115447296
1185955185413115905
1185955185773940736
1185955186189189120
1185955186403139590
1185955186675798018
1185955186759614467
1185955186763882500
1185955187069833216
1185955187221028864
1185955187267031041
1185955187392991233
1185955187791400964
1185955187854319616
1185955188538007553
1185955188844175361
1185955188928106496
1185955189087293440
1185955189460787200
1185955189603426306
1185955189712248832
1185955190123442177
1185955190320586753
1185955190358396929
1185955190471569409
1185955190668697602
1185955190685470721
1185955190962380806
1185955191331250177
1185955191465664512
1185955191528525824
1185955191713140737
1185955191947976704
1185955192023461890
1185955192212283396
1185955192551948288
1185955192652619778
1185955192686039040
1185955192946253824
1185955193122381824
1185955193143332867
1185955193499848704
1185955193537609728
1185955193680093184
1185955193978052609
1185955194179407873
1185955194506547200
1185955194640785408
1185955194812686336
1185955194904989696
1185955194930126861
1185955195047383040
1185955195072716801
1185955195257315330
1185955195295014915
1185955195378982914
1185955195399749632
1185955195680743425
1185955195966148609
1185955196037455872
1185955196087816192
1185955196129726464
1185955196200869889
1185955196226232320
1185955196322680832
1185955196389806080
1185955196394004480
1185955196511211525
1185955196641267713
1185955196997791745
1185955197048147968
1185955197241233408
1185955197467713536
1185955197480243201
1185955197543165954
1185955197681651712
1185955198025515014
1185955198277246976
1185955198654529536
1185955199023800321
1185955199208361984
1185955199455764484
1185955199753621505
1185955199996907522
1185955200256733185
1185955200256892930
1185955200261132288
1185955200357396480
1185955200412110854
1185955200584110090
1185955200688775168
1185955200714059776
1185955200718245889
1185955200722444290
1185955201431277569
1185955201460527111
1185955201536200704
1185955201548570625
1185955201624223745
1185955201846431744
1185955201984933888
1185955201993199616
1185955202039500807
1185955202328743936
1185955202471485440
1185955202643431424
1185955203197145088
1185955203494764544
1185955204178550785
1185955204346404865
1185955204417671168
1185955204468035584
1185955204530921472
1185955204686061568
1185955204941770752
1185955205348655104
1185955205696765952
1185955205801795587
1185955206078619648
1185955206342701056
1185955206527442950
1185955207118835713
1185955207232049153
1185955207273824256
1185955207588376576
1185955208032968704
1185955208049750016
1185955208293158914
1185955208360333314
1185955208419053569
1185955208549019648
1185955208792301568
1185955208813301760
1185955208913805313
1185955209253675013
1185955209450872833
1185955209652166657
1185955209673089025
1185955210033807362
1185955210155438080
1185955210553909249
1185955210885246980
1185955210994339846
1185955211451535360
1185955211497693184
1185955211573125120
1185955211724165120
1185955211774496769
1185955212348936197
1185955212739133440
1185955212974055424
1185955213192171520
1185955213380902914
1185955213439578112
1185955213502373890
1185955213599002624
1185955213812944896
1185955214605639686
1185955215058653184
1185955215092011008
1185955215519842304
1185955215536730114
1185955215696154624
1185955215738101762
1185955215855493121
1185955215918284801
1185955216270778368
1185955216417579011
1185955216425914368
1185955216488828928
1185955216513994763
1185955216656683008
1185955216769933317
1185955216836808704
1185955217029943297
1185955217306738690
1185955217457725440
1185955217457725441
1185955217487126539
1185955217927557127
1185955217965076480
1185955218082562049
1185955218132885504
1185955218221125633
1185955218762190851
1185955218862854145
1185955218917343232
1185955218925772800
1185955219273932800
1185955219320066052
1185955219374514179
1185955219462602754
1185955219898863616
1185955220989382657
1185955221090062338
1185955221161332737
1185955221383630850
1185955221547241473
1185955221572161536
1185955221991755777
1185955222381838336
1185955222432178177
1185955222448955393
1185955222566440961
1185955222885154820
1185955222889390082
1185955222906163200
1185955223006842880
1185955223040212993
1185955223312814080
1185955223539507201
1185955223573061633
1185955223950499841
1185955224122462211
1185955224349040641
1185955225133289482
1185955225284165632
1185955225439477764
1185955225623941120
1185955226068627458
1185955227029168128
1185955227310133249
1185955227792564225
1185955228195012608
1185955228241350656
1185955228253937665
1185955228358795265
1185955228928987136
1185955228941717515
1185955229008826369
1185955229642215424
1185955229784793088
1185955229965180929
1185955229973520390
1185955230015545347
1185955230204289028
1185955230212485123
1185955230288097282
1185955230434889731
1185955230581743623
1185955230594273284
1185955230879490054
1185955230908911616
1185955230934016000
1185955231030398976
1185955231105867776
1185955231437340673
1185955231613538306
1185955231777067009
1185955231814696961
1185955231869198336
1185955231911370753
1185955232070721536
1185955232079069184
1185955232087449600
1185955232385249282
1185955232393637896
1185955232443846656
1185955232456630272
1185955232464793600
1185955232477581312
1185955232796336128
1185955232838119424
1185955232884371457
1185955232909418496
1185955233022857216
1185955233031245824
1185955233173819392
1185955233291259904
1185955233312231430
1185955233337430017
1185955233358327808
1185955233442205696
1185955233471586311
1185955233576308737
1185955233597415424
1185955233601601538
1185955233668784130
1185955233819746305
1185955233828163590
1185955233853296640
1185955233882505218
1185955233995935744
1185955234381795329
1185955234406895621
1185955234440536064
1185955234574667779
1185955234612314112
1185955234964791297
1185955235019329542
1185955235065483264
1185955235115622401
1185955236042678274
1185955236273197056
1185955236445331457
1185955236827021312
1185955236885782528
1185955237103833088
1185955237133205505
1185955237187608577
1185955237187784704
1185955237191766016
1185955237271625728
1185955237430878208
1185955237758156800
1185955238106357763
1185955238257278976
1185955238701875200
1185955238831951872
1185955239091851265
1185955239138119683
1185955239347793920
1185955239368810496
1185955239624503297
1185955239880466433
1185955239909908481
1185955240035672066
1185955240111230978
1185955240333496320
1185955240584990720
1185955241042288641
1185955241088471040
1185955241105264640
1185955241365295104
1185955241570766848
1185955241633538048
1185955241780547586
1185955241793146881
1185955241835094018
1185955241902137345
1185955241910587398
1185955241965051906
1185955242325790720
1185955242535542784
1185955242573205504
1185955242598420480
1185955242724286465
1185955243445620742
1185955243575504896
1185955243709882370
1185955243949023232
1185955244854796294
1185955245056126976
1185955245064622080
1185955245383393280
1185955245567987718
1185955245735710720
1185955245765152768
1185955246255853570
1185955246306156545
1185955246503333890
1185955246578778114
1185955246658539522
1185955246683676672
1185955246809313283
1185955247656755200
1185955247820283907
1185955248080338944
1185955248155910146
1185955248541589504
1185955248554369025
1185955248638189570
1185955248717926400
1185955248998772736
1185955249116405760
1185955249451757568
1185955249460301830
1185955249472720897
1185955249623842818
1185955249728741376
1185955249963589634
1185955250160787456
1185955250341056513
1185955250622078976
1185955250773069825
1185955250911481856
1185955250991239168
1185955251020546049
1185955251028819969
1185955251079258112
1185955251259445248
1185955251335172098
1185955251456626688
1185955251662348288
1185955251687448577
1185955251930710021
1185955252278824963
1185955252467617793
1185955252840759297
1185955252865880066
1185955252958199809
1185955252996055041
1185955253163905030
1185955253260296193
1185955253767884801
1185955253805617153
1185955254233452544
1185955254334038016
1185955254539640832
1185955254560538625
1185955254564786177
1185955254711541761
1185955254744936450
1185955254824787968
1185955255176974336
1185955255244247042
1185955255470698496
1185955255625961473
1185955256376745984
1185955256649371648
1185955256850501632
1185955256854892546
1185955256993230851
1185955257236545538
1185955257395957764
1185955257848721410
1185955258188664839
1185955258536726531
1185955258536726532
1185955258662440960
1185955259056824321
1185955259144912896
1185955259216203776
1185955259426000897
1185955259601969153
1185955259644088321
1185955259937677312
1185955260227031041
1185955260252196865
1185955260306726914
1185955260600336384
1185955260805865472
1185955261049163777
1185955261187411968
1185955261325987843
1185955261531463682
1185955261636399105
1185955261824917504
1185955262009622530
1185955262047371264
1185955262168997889
1185955262303232000
1185955262441705472
1185955262492004352
1185955262538174464
1185955262617784327
1185955262634422272
1185955262844276737
1185955262907256832
1185955262940827648
1185955263037235200
1185955263255384069
1185955263376805888
1185955263431528450
1185955263519477760
1185955263536422912
1185955263544774656
1185955263733477377
1185955263850917888
1185955263909634050
1185955264324878337
1185955264341692416
1185955264412958728
1185955264664485888
1185955264786292738
1185955265201557505
1185955265301995520
1185955265360879617
1185955265499275264
1185955265696485377
1185955265931350016
1185955266107494401
1185955266161889280
1185955266174640128
1185955266493325312
1185955266736603141
1185955266791129089
1185955266812108800
1185955267294437378
1185955267344830476
1185955267600625665
1185955267709681669
1185955267722338306
1185955267734720514
1185955267973992448
1185955268095549442
1185955268338896898
1185955268787609600
1185955268829437954
1185955268875739136
1185955268951072768
1185955269022347264
1185955269064265728
1185955269269954560
1185955269324480512
1185955269332746240
1185955269383249920
1185955269517426688
1185955269878042624
1185955269899161600
1185955269953708032
1185955270016557059
1185955270050177029
1185955270087843842
1185955270134059008
1185955270326935554
1185955270641553408
1185955270872240130
1185955270897360898
1185955271178240000
1185955271438471169
1185955271543271424
1185955271614578690
1185955271639617537
1185955271899791361
1185955272042397696
1185955272357007360
1185955272394715137
1185955272533204994
1185955273321529344
1185955273518866433
1185955273560584192
1185955273883770880
1185955273887965184
1185955274001129477
1185955274013720579
1185955274189750272
1185955274399592448
1185955274760302593
1185955274806435841
1185955274902913024
1185955275011964930
1185955275012001793
1185955275423076352
1185955275611746305
1185955275678732289
1185955275959873536
1185955276068917248
1185955276081508352
1185955276110868480
1185955276135907329
1185955276245159937
1185955276295417856
1185955276425486342
1185955276655980545
1185955276979101696
1185955277155295232
1185955277302046720
1185955277528584194
1185955277578866689
1185955277604085761
1185955277830578176
1185955277922881536
1185955277989826562
1185955278002540544
1185955278010777602
1185955278170267650
1185955278396764162
1185955278405210112
1185955278715523072
1185955279072051212
1185955279176814593
1185955279265058818
1185955279298543617
1185955279411781632
1185955279508295680
1185955279692877824
1185955279734792192
1185955279822872577
1185955280036732928
1185955280162455553
1185955280162607104
1185955280183549953
1185955280556830721
1185955280586194944
1185955280888176640
1185955280955346944
1185955281282486273
1185955281899048965
1185955281978773507
1185955282159058945
1185955282251374593
1185955282427531264
1185955282431684610
1185955282456928256
1185955282553331713
1185955282918297600
1185955282993733632
1185955283190845440
1185955283257958400
1185955283299950594
1185955283430006784
1185955283534831617
1185955283589312515
1185955283756929024
1185955283794825219
1185955283853402114
1185955283874521088
1185955283992043520
1185955284230950912
1185955284386230272
1185955284386275335
1185955284604379141
1185955284637777920
1185955284914757633
1185955285149593601
1185955285749420033
1185955285787185155
1185955285904642050
1185955286059749377
1185955286600667136
1185955286688944134
1185955286743314432
1185955286881718272
1185955287401926659
1185955287460700160
1185955287783694336
1185955287934685186
1185955288014381063
1185955288081289217
1185955288148533249
1185955288312156160
1185955288509243398
1185955288521662464
1185955288827842560
1185955289226469382
1185955289352331264
1185955289427795968
1185955289696071681
1185955289784377344
1185955289817849868
1185955289939546113
1185955290136612865
1185955290199613451
1185955290212196356
1185955290245685248
1185955290493018112
1185955290505777152
1185955290509918210
1185955290681880576
1185955290858053633
1185955290883035136
1185955290996494338
1185955291159920641
1185955291248185347
1185955291420135426
1185955291852083201
1185955292237811713
1185955292326043651
1185955292850331650
1185955292942602240
1185955293135548416
1185955293143932933
1185955293496250368
1185955293861163011
1185955294008004613
1185955294087647232
1185955294234447873
1185955294393851904
1185955294582431744
1185955294737813504
1185955295031386113
1185955295207530501
1185955295299821568
1185955295354408960
1185955295547277313
1185955295694151680
1185955295715086337
1185955295727517696
1185955295727632387
1185955296058970114
1185955296075796483
1185955296079941633
1185955296151310338
1185955296306446336
1185955296616697856
1185955296667004928
1185955296692310019
1185955296881057794
1185955296964952064
1185955297451544576
1185955297770139648
1185955297958998017
1185955298193879041
1185955298600783872
1185955298684657665
1185955298726547457
1185955299057963008
1185955299657695240
1185955300026638336
1185955300404322305
1185955300525953026
1185955300731437056
1185955301071081472
1185955301478096896
1185955301507452928
1185955301608054784
1185955301733912577
1185955302241423362
1185955302308487169
1185955302312558592
1185955302593556481
1185955302828597249
1185955302832664576
1185955303126372354
1185955303180963840
1185955303428370434
1185955303600381952
1185955303696879616
1185955303835262978
1185955303935959045
1185955304057556992
1185955304082677760
1185955304137220096
1185955304376360960
1185955304539852800
1185955304778821632
1185955305089224704
1185955305131134976
1185955305454276609
1185955305613606912
1185955305710145536
1185955306381152257
1185955306486075392
1185955306620227584
1185955306704134145
1185955306729279489
1185955306775437312
1185955307098460161
1185955307178082305
1185955307555475456
1185955307639447552
1185955307685593088
1185955307945713664
1185955308671131648
1185955308683837441
1185955308683907072
1185955308688105480
1185955308721586176
1185955308855795717
1185955308973236224
1185955308990091265
1185955309103116289
1185955309346578433
1185955309900226562
1185955309908570113
1185955310122536961
1185955310202175488
1185955310248161280
1185955310294487040
1185955310298640384
1185955310369832962
1185955310625669121
1185955310692904962
1185955310726516736
1185955310780866560
1185955310885883904
1185955310999080960
1185955311020134400
1185955311313702912
1185955311687032833
1185955311691223041
1185955311984754690
1185955311992991745
1185955312374812672
1185955312777478145
1185955312840445953
1185955312869793792
1185955312907497472
1185955312991383552
1185955313159200769
1185955313184399360
1185955313486192640
1185955313607987201
1185955313842831365
1185955314312581121
1185955314589470720
1185955314622971906
1185955314656563200
1185955314753036290
1185955314765402112
1185955314874638336
1185955315432472579
1185955315503849478
1185955315659005953
1185955315742904322
1185955315868553216
1185955315877109761
1185955316241981441
1185955316250431489
1185955316502089734
1185955316728553472
1185955316971687938
1185955317156405250
1185955317491945473
1185955317638672384
1185955317944709120
1185955318905409536
1185955319085703168
1185955319211413504
1185955319563870211
1185955319677116417
1185955319748448258
1185955319962320896
1185955319974944769
1185955319995949057
1185955320272740354
1185955320667037697
1185955320721358848
1185955320885137410
1185955321027674112
1185955321056882688
1185955321199710209
1185955321489043456
1185955321749102594
1185955321962991616
1185955321971462149
1185955322197893120
1185955322541662208
1185955322621509633
1185955322910916608
1185955323284205568
1185955323334610946
1185955323376558081
1185955323452055552
1185955323535908865
1185955323779010560
1185955323779125249
1185955323863097344
1185955323900764161
1185955323972149253
1185955324026597376
1185955324135723011
1185955324492238851
1185955324546764802
1185955324609683457
1185955324664188928
1185955324945035269
1185955325771419648
1185955325834227712
1185955325855186944
1185955326039937026
1185955326467756034
1185955326601912320
1185955326840979457
1185955326874521605
1185955327247900673
1185955327608524801
1185955327876820997
1185955327877009408
1185955328439009281
1185955328527097858
1185955328539664384
1185955328627744768
1185955328921341953
1185955329034641408
1185955329143652353
1185955329277870080
1185955329433133056
1185955329668014080
1185955329860952065
1185955330175492101
1185955330431356929
1185955330460508161
1185955330691403776
1185955331161149440
1185955331463155712
1185955331530248192
1185955331605716995
1185955331916128256
1185955332050341888
1185955332083859457
1185955332662665216
1185955332788371456
