1185964896904724483
1185964897294868486
1185964897521356800
1185964897680670721
1185964898188173318
1185964898402091012
1185964898574045185
1185964898578292736
1185964898586677248
1185964898766983174
1185964898859261952
1185964898926415872
1185964899454898177
1185964899874299904
1185964900188934144
1185964900457287684
1185964901141012481
1185964901178589184
1185964901539471367
1185964902260723712
1185964902579687424
1185964903129071616
1185964903233921029
1185964903338860545
1185964904240570369
1185964904391553026
1185964904831959041
1185964904970444800
1185964905029160961
1185964905628913665
1185964906442579969
1185964906614591489
1185964906631323648
1185964906912370689
1185964907004481536
1185964907562504193
1185964907663155201
1185964908015476737
1185964908346785793
1185964908384382976
1185964909189746688
1185964909714128898
1185964909785309185
1185964910095802370
1185964910439813121
1185964911349903361
1185964911798697984
1185964912792743940
1185964912989949952
1185964913057058828
1185964913212178439
1185964913392574465
1185964913941995520
1185964914323668995
1185964914768252928
1185964914931830785
1185964915028312066
1185964915401486336
1185964916852826112
1185964917276282880
1185964917821792257
1185964918161526785
1185964918249529347
1185964918341804033
1185964918413189120
1185964918694170626
1185964918719299584
1185964918794805250
1185964919071608837
1185964919293911040
1185964919965003776
1185964920137048064
1185964920439037953
1185964920850059268
1185964921240072194
1185964921315573761
1185964921969938433
1185964922259161088
1185964922347372544
1185964922783621121
1185964922821234688
1185964922850570241
1185964922863112192
1185964923047874560
1185964923786072065
1185964923962220544
1185964924427735040
1185964925937770497
1185964926315171840
1185964926482825217
1185964926537469957
1185964926885609482
1185964927003058177
1185964927162433537
1185964928492015616
1185964929087463424
1185964930102489088
1185964930341769216
1185964930819940353
1185964931088293889
1185964931188957184
1185964931381944321
1185964931423731712
1185964931620978688
1185964932820393984
1185964933072113664
1185964933311279106
1185964933374189568
1185964933713932290
1185964934607376385
1185964934875828226
1185964935622418442
1185964935827873792
1185964936134049792
1185964936318652417
1185964936398360576
1185964936465436675
1185964937140682754
1185964937199411200
1185964937887268865
1185964937891463168
1185964937967001601
1185964938067615746
1185964938239598592
1185964938768125952
1185964938961047553
1185964939053191173
1185964939065774080
1185964939145404416
1185964940022165504
1185964940248715266
1185964940416503809
1185964940458446848
1185964940512894976
1185964941544775680
1185964942182273025
1185964943306350595
1185964944635940864
1185964944740749313
1185964944979832832
1185964945256697858
1185964945948762113
1185964946137501696
1185964947026530305
1185964947538399232
1185964947936829441
1185964948670820352
1185964949027340288
1185964949480316928
1185964949660753921
1185964949664874496
1185964949811683328
1185964950243557382
1185964950478557184
1185964950491148290
1185964951539634176
1185964952076673024
1185964952529637377
1185964952575791106
1185964952609345536
1185964953368436737
1185964953662054401
1185964954932994050
1185964955075596288
1185964955247362050
1185964955389943808
1185964955797020672
1185964956199641090
1185964956484886528
1185964957155901440
1185964957390622721
1185964957701046272
1185964960205000704
1185964960477777923
1185964960704282626
1185964961769484289
1185964962071621634
1185964963191496706
1185964964529561607
1185964965246701570
1185964965670244352
1185964966643404800
1185964966681206786
1185964966786093057
1185964966823845890
1185964967255666688
1185964967574622210
1185964968698507264
1185964968874778624
1185964969373982725
1185964969575309313
1185964969814384647
1185964970019713024
1185964970736902144
1185964971341078530
1185964972096008195
1185964972511236096
1185964972557438976
1185964972846829569
1185964972972691459
1185964973404622850
1185964973413019648
1185964973580849154
1185964973870272512
1185964974121897984
1185964974440701954
1185964975589859328
1185964975963066368
1185964975963201537
1185964977062055939
1185964977166913546
1185964977384935425
1185964977783357440
1185964978811129856
1185964978882392064
1185964979029192705
1185964979419111425
1185964979939356674
1185964980631302144
1185964981705170945
1185964982284013572
1185964982753738753
1185964983022227472
1185964983311577089
1185964983496130561
1185964983915438080
1185964983970127872
1185964984481792001
1185964985534570503
1185964986386075652
1185964987019333634
1185964987682082817
1185964987736641537
1185964988160077824
1185964988210565120
1185964988256653313
1185964989745680384
1185964989783461891
1185964990689431552
1185964990702014464
1185964991247257600
1185964991574237184
1185964991599566848
1185964992241250304
1185964993163993090
1185964993763786755
1185964994367651840
1185964994648690688
1185964994783002625
1185964995718369281
1185964995722534912
1185964995869335554
1185964998096576512
1185964999526600706
1185965000474673154
1185965000818601994
1185965000952672259
1185965001388900352
1185965001518899201
1185965001779175425
1185965003297492993
1185965003515416581
1185965004140339202
1185965004782292997
1185965005163941888
1185965005973274624
1185965006719873024
1185965008116695041
1185965009102180352
1185965009467330561
1185965010432004098
1185965010457186305
1185965010557820928
1185965010687840262
1185965012000661504
1185965012004823041
1185965013061775360
1185965014139711488
1185965014735298561
1185965014986846209
1185965015230083072
1185965015708266497
1185965015813066754
1185965017272913920
1185965017587441665
1185965017809805318
1185965018313048065
1185965018325630976
1185965018468114437
1185965018728325120
1185965018849992706
1185965019252420608
1185965019432919040
1185965019692843008
1185965020678635522
1185965020703854593
1185965021093859330
1185965021253251073
1185965021504921601
1185965022134046720
1185965022670929921
1185965022847078400
1185965023178313728
1185965023912267777
1185965024524886016
1185965024751210496
1185965025015619584
1185965025162194944
1185965025355284483
1185965025673957376
1185965026483560451
1185965027230130178
1185965027267956736
1185965027276345344
1185965027569917952
1185965028102549508
1185965028199059457
1185965028396163073
1185965028526170113
1185965028618330112
1185965029079826437
1185965029469970438
1185965029729951744
1185965029767688192
1185965030140977153
1185965030266822656
1185965030463819776
1185965030640099329
1185965030694633472
1185965030757421056
1185965031160270850
1185965031567089666
1185965031684489222
1185965032452038659
1185965032909299713
1185965032984764416
1185965033307680770
1185965033328525312
1185965033366396928
1185965033446166529
1185965033643229184
1185965033907339264
1185965033924255745
1185965033949421569
1185965034146541568
1185965034448605184
1185965034486284289
1185965035195113473
1185965036143087617
1185965036667396096
1185965037040668673
1185965037640437761
1185965037837533185
1185965038185668613
1185965038269620224
1185965038517084161
1185965038714212353
1185965038831583237
1185965039112486913
1185965039364100096
1185965039494352897
1185965040396111872
1185965040505102336
1185965040639365127
1185965040828067843
1185965041016852480
1185965041331294209
1185965041415344128
1185965041503350784
1185965041654341632
1185965041813581825
1185965042262523911
1185965042270818304
1185965042304520192
1185965042434478084
1185965043575414785
1185965044191944704
1185965044561002497
1185965045529939968
1185965046750420994
1185965047069081600
1185965047727693824
1185965048524611585
1185965049191505920
1185965049220943872
1185965049996890114
1185965050105880577
1185965050269446144
1185965050390933509
1185965050772819970
1185965051762470912
1185965051766857733
1185965052001705985
1185965052869906434
1185965052878303232
1185965053524115457
1185965054551904256
1185965054950330368
1185965055055138816
1185965056032493570
1185965056112107521
1185965056275537926
1185965056493871107
1185965056581865475
1185965056699187200
1185965056879673350
1185965057081040897
1185965058632761344
1185965058922291207
1185965059333332993
1185965059870199808
1185965059882786818
1185965060675518464
1185965061006745601
1185965061870903296
1185965062164492299
1185965062374051841
1185965062642532353
1185965063116673024
1185965063800262657
1185965063808737289
1185965064286662656
1185965064563707905
1185965065842900993
1185965066753064961
1185965067185115137
1185965067432550400
1185965067671605248
1185965067768094720
1185965068401496068
1185965068606955520
1185965068665659397
1185965069328437248
1185965069714284544
1185965069898801153
1185965070246961152
1185965070637027329
1185965070699905024
1185965071643611137
1185965072096595970
1185965072264372224
1185965072926953473
1185965073690439681
1185965074151809027
1185965074277638146
1185965075137515520
1185965075380621312
1185965075846201345
1185965075896487936
1185965075925880832
1185965076538372101
1185965076903333892
1185965076991238146
1185965077003939846
1185965077373112320
1185965077473591296
1185965078354583554
1185965078618591232
1185965079872921601
1185965080095137794
1185965080548167680
1185965080753651718
1185965081034739712
1185965081248653314
1185965081818996737
1185965081936482306
1185965082112598018
1185965082670522375
1185965082695606274
1185965082871762944
1185965082930503686
1185965083769397249
1185965084763443200
1185965084880883714
1185965084914438144
1185965085082161158
1185965086826995712
1185965087456145408
1185965087460417538
1185965087833636864
1185965087875575813
1185965088785780737
1185965088919834624
1185965089246941185
1185965089414877184
1185965089444155392
1185965090085978121
1185965091654721541
1185965092514361344
1185965093579870209
1185965093990916098
1185965094129164288
1185965094611701763
1185965095291162626
1185965095920328704
1185965096285147139
1185965096838631424
1185965097329614848
1185965097753165825
1185965098411520005
1185965098633977857
1185965099422494720
1185965099497836544
1185965099938267136
1185965100584144896
1185965100722724864
1185965100924047362
1185965101104451587
1185965101947523073
1185965102371147778
1185965102433996800
1185965103918845957
1185965104627630081
1185965104870899715
1185965107274235907
1185965107337187331
1185965108092194817
1185965108268339201
1185965108872257536
1185965109111410689
1185965109727744000
1185965109765722112
1185965110092845057
1185965110294122496
1185965110516424705
1185965110805893124
1185965110864633857
1185965111200112642
1185965111829258240
1185965111850258432
1185965113460887552
1185965113695584256
1185965113976741888
1185965114052071424
1185965114870157313
1185965115474137088
1185965115847393287
1185965116577193986
1185965116715651082
1185965117071970304
1185965117285920768
1185965118456242178
1185965118468886531
1185965118938419200
1185965119358013442
1185965119760519168
1185965120905777152
1185965120977096705
1185965121253920769
1185965122595905536
1185965122633830402
1185965123334279169
1185965123443269632
1185965124164751360
1185965124722610177
1185965126714675200
1185965126886801408
1185965127784374277
1185965128438763520
1185965129030127618
1185965129353121797
1185965129562673152
1185965130246447106
1185965130338766850
1185965130963734528
1185965131072712705
1185965131781623810
1185965131894796289
1185965132012122113
1185965132251308033
1185965132683370497
1185965133199237120
1185965134004609025
1185965134788866049
1185965135313158155
1185965135434784770
1185965135447371779
1185965136294621186
1185965136516960257
1185965136688898049
1185965136839892996
1185965137322110976
1185965138534379521
1185965139624890370
1185965139805257728
1185965140513972224
1185965142443462659
1185965142456098818
1185965144062468096
1185965144247095298
1185965144553209856
1185965145027162112
1185965145547251713
1185965145794564096
1185965146449076226
1185965146683953152
1185965147057262593
1185965147074027528
1185965147086569472
1185965147564564480
1185965147929677830
1185965148013584385
1185965148261048322
1185965148365737984
1185965148462301185
1185965149276004354
1185965149728858112
1185965150043553792
1185965150085533697
1185965150932754432
1185965151188598785
1185965151599489025
1185965151637458945
1185965152492912640
1185965153000611841
1185965153147330561
1185965153436745733
1185965154002821120
1185965154246238209
1185965154598555648
1185965155491946498
1185965155554938896
1185965155559137280
1185965155890409473
1185965155919826946
1185965156427284480
1185965157119336448
1185965157404631040
1185965157664595968
1185965158117580800
1185965158570582017
1185965158755192837
1185965159216504832
1185965159837134853
1185965160571330561
1185965160692772864
1185965161611313152
1185965162215460867
1185965162446147588
1185965164182552577
1185965165432492036
1185965165482778624
1185965165524783104
1185965165717516288
1185965166179115009
1185965166623637505
1185965166917079041
1185965167269552128
1185965167277944835
1185965167378497537
1185965167655473152
1185965167877742592
1185965168712286210
1185965168779550720
1185965169568026629
1185965169631006720
1185965169857454081
1185965170050437126
1185965170075623424
1185965170201419779
1185965170205560835
1185965170281140225
1185965170364956674
1185965170444718081
1185965170910285827
1185965171098865664
1185965171296145414
1185965172130832385
1185965172386611203
1185965173049380864
1185965173351309313
1185965173481377794
1185965173833486336
1185965174076923905
1185965174412529665
1185965174496387072
1185965175452647425
1185965175834365952
1185965176220246016
1185965176266350592
1185965176379432961
1185965176387817473
1185965176455127041
1185965176694231040
1185965178250285057
1185965178401067008
1185965178447450113
1185965178866819073
1185965178984292355
1185965179709865985
1185965180515012608
1185965180515078144
1185965180779409410
1185965181068857344
1185965181144317953
1185965181278572544
1185965181433716738
1185965182679277568
1185965182880645120
1185965183019180032
1185965183698690050
1185965183811969024
1185965185984389121
1185965186387206144
1185965187255418881
1185965187456753665
1185965187511156736
1185965187687256064
1185965188391948288
1185965188526161920
1185965190073835520
1185965190199644161
1185965190292164617
1185965190363242496
1185965191000932352
1185965191273631744
1185965191663706112
1185965191764336644
1185965192137625600
1185965192192122882
1185965192217333765
1185965192594755586
1185965193131479043
1185965193337212929
1185965193739882496
1185965193953628160
1185965194092142593
1185965194532524032
1185965194603827201
1185965195627286529
1185965195723587586
1185965195916652550
1185965196055138305
1185965196269019136
1185965197544042496
1185965198395531265
1185965198898630656
1185965199230144513
1185965199846707203
1185965200308129792
1185965201532674049
1185965201725804545
1185965201935519744
1185965202153582592
1185965202984128515
1185965203650961408
1185965203827154944
1185965203864862721
1185965203898490890
1185965203919462405
1185965204691193858
1185965205366460417
1185965205651705856
1185965205894905857
1185965206914158593
1185965207031562240
1185965208113729536
1185965208151511044
1185965208696774657
1185965208755421184
1185965208868491264
1185965209204211712
1185965210269601792
1185965210391252992
1185965210831478784
1185965211200774144
1185965211318194176
1185965211578195971
1185965211620139009
1185965212060413952
1185965212337233920
1185965212396150784
1185965212584894466
1185965213029404673
1185965213176270848
1185965214447132672
1185965215579430912
1185965216070340609
1185965217357938689
1185965217420894208
1185965217714524161
1185965218226212865
1185965218339229696
1185965218385383425
1185965218561695745
1185965218645585920
1185965219366891521
1185965219417337857
1185965219824230401
1185965220155580416
1185965220394606592
1185965220637937665
1185965220662931456
1185965221636136971
1185965222076526593
1185965222789410816
1185965223036874752
1185965223171313667
1185965224425394176
1185965224446136320
1185965224546983936
1185965224903561216
1185965225394098181
1185965225817903105
1185965225863811072
1185965225918504960
1185965226014855169
1185965227042594816
1185965227227041793
1185965227394961409
1185965227998883840
1185965228577755137
1185965229047455745
1185965229055733760
1185965229563232256
1185965229747982336
1185965229768892416
1185965229928259584
1185965229932462082
1185965229978480640
1185965230217748480
1185965230955909120
1185965230960058369
1185965231417298947
1185965231501131782
1185965231895470080
1185965232310624257
1185965232541327360
1185965233506004998
1185965234835644416
1185965234890129408
1185965235099840512
1185965235104038914
1185965235154194433
1185965235234099200
1185965235263463424
1185965235456413696
1185965235565453313
1185965235917725696
1185965236135837696
1185965236165083136
1185965236165197824
1185965236181962753
1185965236299284480
1185965236546932736
1185965236937003015
1185965237394010113
1185965237507366918
1185965237591334912
1185965238782435330
1185965238815842304
1185965239256408066
1185965239579430912
1185965239625367552
1185965239759724545
1185965239776489472
1185965239914913792
1185965240133050368
1185965241303257090
1185965242477694977
1185965242863497216
1185965243094183941
1185965243157094401
1185965243983421443
1185965244159541248
1185965244482510854
1185965244696453120
1185965245371682816
1185965245509980161
1185965245765951489
1185965245803716610
1185965246156038145
1185965248446128128
1185965248638935040
1185965249364713472
1185965251151269890
1185965251516350464
1185965252585938944
1185965252632104961
1185965253072437250
1185965253475160064
1185965253604937729
1185965254498492417
1185965255068925955
1185965255509401601
1185965255647793157
1185965255672905728
1185965256037801984
1185965256058834947
1185965257316941825
1185965257803612168
1185965258160201728
1185965258793537536
1185965258810232832
1185965258910949378
1185965259087138821
1185965259464564736
1185965259552645120
1185965259842084864
1185965260412469249
1185965260437630976
1185965261033295873
1185965261238816769
1185965261394010114
1185965261519609857
1185965262018924552
1185965262173958144
1185965263260246017
1185965263478353920
1185965263642120193
1185965263960838144
1185965264577466369
1185965264736866306
1185965265131048960
1185965265240154113
1185965265311457282
1185965265466679297
1185965266754252801
1185965266838179841
1185965267236589569
1185965267551019013
1185965267945508865
1185965268125667328
1185965268297801730
1185965268549492737
1185965268570296320
1185965268582879233
1185965268952068097
1185965269560246273
1185965270713749504
1185965271330279432
1185965271397236736
1185965271456071681
1185965271602749440
1185965271888080897
1185965272664023040
1185965272718610433
1185965274224386048
1185965274505371649
1185965274740285441
1185965276208254978
1185965276346626049
1185965276828860416
1185965276954841089
1185965277365886977
1185965278070480897
1185965278204747779
1185965278280048640
1185965278653566976
1185965278712270849
1185965278942900224
1185965278980653057
1185965279022587904
1185965279546871809
1185965280360632325
1185965280377262080
1185965280381591554
1185965280494788609
1185965280981389313
1185965281409028097
1185965281627312128
1185965281933479944
1185965282738802689
1185965282831015938
1185965283174944770
1185965283401486338
1185965283493765121
1185965283585986561
1185965284265517062
1185965284647165952
1185965284697477121
1185965285007921152
1185965285532151808
1185965286069067776
1185965286631055361
1185965286819688448
1185965286840647680
1185965287277060097
1185965287981703171
1185965288073940992
1185965288199725061
1185965288539541506
1185965288707280897
1185965288728252416
1185965288870891520
1185965289021890562
1185965289177006080
1185965289277509638
1185965289759887360
1185965289948749824
1185965289994739712
1185965290485624834
1185965290942652418
1185965291009912837
1185965291102261248
1185965292255617024
1185965292461199360
1185965292784115718
1185965293157453827
1185965294617059332
1185965294692524033
1185965294805770242
1185965294814142464
1185965294973607936
1185965295049019393
1185965295401426944
1185965295439138818
1185965295732776960
1185965296449929218
1185965296961622016
1185965297087500289
1185965297133473793
1185965297477533703
1185965297838317569
1185965297938960384
1185965298182184961
1185965298840719360
1185965298920415233
1185965298933030913
1185965299478253568
1185965300040253440
1185965300086386688
1185965300103237635
1185965300199510017
1185965300296105985
1185965300895887361
1185965300963053569
1185965301436796928
1185965301889929216
1185965302326202368
1185965302334545921
1185965302544244736
1185965302980456448
1185965303643201536
1185965303974551554
1185965304649637890
1185965304708386816
1185965305027276801
1185965305341927424
1185965305614471168
1185965305815846913
1185965305975193600
1185965306092625921
1185965306667327489
1185965307267026945
1185965307434803200
1185965308105887744
1185965308193988618
1185965308294635522
1185965308605022208
1185965308735053830
1185965308852539393
1185965308944646145
1185965309338898434
1185965309888475143
1185965310098235392
1185965310102376449
1185965310786048000
1185965310895104000
1185965311058743296
1185965311171842050
1185965311347945473
1185965312363106310
1185965312501411840
1185965312908419072
1185965313365610496
1185965314091245568
1185965314170855426
1185965314229583875
1185965314506477568
1185965314711924737
1185965314737147905
1185965315345268737
1185965315534020608
1185965315613757440
1185965317333409792
1185965317597491200
1185965317769572354
1185965318834917376
1185965318939860992
1185965319266951169
1185965320030187521
1185965320550469633
1185965321250725888
1185965321276022785
1185965321951178752
1185965322161082368
1185965322215612418
1185965322433695744
1185965322827960320
1185965323800985600
1185965323884941317
1185965324870574081
1185965326497923073
1185965327387156480
1185965327672197125
1185965328242761728
1185965328376971265
1185965328423096321
1185965330264399880
1185965331069702144
1185965331505958913
1185965331673686016
1185965331988111360
1185965332508368897
1185965332806152196
1185965332860719104
1185965332973998080
1185965333112377346
1185965333376577542
1185965333728956416
1185965333795999748
1185965334324486144
1185965334425198593
1185965334844596225
1185965335054303233
1185965335595405313
1185965336253718529
1185965336815910914
1185965337570881536
1185965337721888774
1185965338124587009
1185965338732781568
1185965338845827075
1185965338871115776
1185965338883772422
1185965339026309125
1185965339340877824
1185965339378700288
1185965339647053826
1185965340209090561
1185965340540440577
1185965340557238274
1185965341429637120
1185965342570532864
1185965342583132166
1185965342742286336
1185965342922686464
1185965343501619200
1185965343824437248
1185965344302743552
1185965344411787265
1185965344550260738
1185965344608776192
1185965344814489600
1185965345309450240
1185965345443635200
1185965345489772545
1185965346316001280
1185965346337017860
1185965346437517312
1185965346563481602
1185965347238641665
1185965347586875397
1185965348174123008
1185965349071536128
1185965349096824834
1185965349155606529
1185965349373710337
1185965349642166272
1185965349914730496
1185965350443257859
1185965350686482433
1185965350741037057
1185965351781072896
1185965352322252801
1185965352511049729
1185965352657702913
1185965352771039232
1185965352863371266
1185965352926081024
1185965353354047499
1185965354779987968
1185965354960318465
1185965355178610689
1185965355551866881
1185965355589607426
1185965355690319872
1185965356067807233
1185965356143251468
1185965356420083713
1185965357481242624
1185965357552549888
1185965358148210688
1185965358861058048
1185965359158968321
1185965359469346817
1185965360085757952
1185965360278900737
1185965360530354176
1185965360849260544
1185965361084022784
1185965361255960576
1185965362241818628
1185965362510290947
1185965362535456768
1185965362753392640
1185965363172904961
1185965363504275456
1185965363558666241
1185965363986665474
1185965364250927104
1185965364292849664
1185965364515147777
1185965364930367488
1185965365777457157
1185965365857263616
1185965366310256647
1185965367031676929
1185965367241428993
1185965367853834246
1185965367925055488
1185965368227090437
1185965368558252032
1185965368780775424
1185965369346932738
1185965369837654017
1185965369879449601
1185965370252955650
1185965370810736645
1185965371330908160
1185965371444158464
1185965371741868033
1185965371880345601
1185965372090060801
1185965372568227840
1185965372714958853
1185965372836601856
1185965373016944640
1185965373197295618
1185965376036917248
1185965376120770561
1185965376246554624
1185965377169317888
1185965377253191685
1185965377496313857
1185965377672617986
1185965378176016387
1185965378293391361
1185965378335211520
1185965378796736512
1185965379090288640
1185965379438501888
1185965379618791429
1185965379761459201
1185965380075958272
1185965380277288960
1185965380415688710
1185965380654829569
1185965381648666624
1185965382273650688
1185965383548686336
1185965384182255616
1185965384463245312
1185965384723120129
1185965385436282880
1185965386392584194
1185965386484850692
1185965386535096321
1185965387202093061
1185965387290202112
1185965387453730818
1185965387835478016
1185965389462822912
1185965389592911873
1185965390008115200
1185965390200881153
1185965390813372416
1185965391543189505
1185965391622889473
1185965391698386944
1185965393061515264
1185965393145466881
1185965393443209216
1185965393460056067
1185965394378575873
1185965395125133312
1185965395204661248
1185965395502649344
1185965395670372352
1185965395875778561
1185965396148527105
1185965396362350593
1185965396601573377
1185965396668665857
1185965396744011777
1185965397234900992
1185965397649965056
1185965397989834752
1185965398212206593
1185965398375710720
1185965398392524801
1185965399021621250
1185965399126544385
