1185958856918097920
1185958857111064576
1185958857333444609
1185958857518002177
1185958857555595264
1185958859174809600
1185958859321626626
1185958859438985217
1185958860122664961
1185958860349202435
1185958860432891904
1185958860713906177
1185958860978298881
1185958861032886277
1185958861058068482
1185958861494050816
1185958861683003394
1185958861724934144
1185958861833953281
1185958861863313409
1185958862001717250
1185958862710624266
1185958863092273152
1185958863595540481
1185958863994007560
1185958864287621121
1185958865424343045
1185958866783223808
1185958866988736516
1185958867265642497
1185958868960141312
1185958868968443911
1185958869173825536
1185958869278658560
1185958869484343297
1185958869668904966
1185958869715095552
1185958870423920640
1185958870516154370
1185958870897704963
1185958871312945152
1185958872189751298
1185958873309556736
1185958873657683973
1185958873968058369
1185958875549319171
1185958875805241344
1185958875851309059
1185958876128133120
1185958876493090816
1185958876623048708
1185958876744695808
1185958876857982978
1185958877789073412
1185958878124609537
1185958878145499138
1185958878418296833
1185958879303262208
1185958879781240832
1185958879936561154
1185958880519393280
1185958880964206592
1185958880972554242
1185958881463132161
1185958881870131202
1185958881890983936
1185958881966673921
1185958881970794498
1185958882323156993
1185958882503516165
1185958882767790080
1185958883388350465
1185958884092989441
1185958885162532864
1185958885221376007
1185958885397532672
1185958885707976706
1185958885988941825
1185958886370631680
1185958887264051202
1185958887301758983
1185958887884836865
1185958888425820160
1185958888522338304
1185958888664961026
1185958888719425536
1185958888828354560
1185958889000321025
1185958889856163840
1185958889956790272
1185958890174730241
1185958890451677184
1185958890539749377
1185958891089289216
1185958891118616577
1185958891177287680
1185958891282206723
1185958892330725378
1185958893211377664
1185958893786140672
1185958893802999808
1185958894033657858
1185958894323023873
1185958895275003904
1185958895912570881
1185958896730628102
1185958896785154048
1185958897305182210
1185958897552523265
1185958897971912704
1185958898357997570
1185958898487967748
1185958899020681216
1185958899096178691
1185958900345892864
1185958902195728384
1185958902766145536
1185958903034634240
1185958903038787584
1185958903751815168
1185958903936364547
1185958904875778048
1185958905035284481
1185958905253388288
1185958905257615361
1185958905907699717
1185958906100514821
1185958906100629504
1185958906201198592
1185958906612371458
1185958906855612416
1185958907145007105
1185958907522535424
1185958907811979264
1185958908101320706
1185958909711966208
1185958909749747714
1185958911431438338
1185958912429821953
1185958913184849926
1185958914141147136
1185958914254393348
1185958914673778690
1185958915365855232
1185958915441217537
1185958916649209856
1185958917064388608
1185958917865537536
1185958918461317121
1185958918763302913
1185958919367208961
1185958919748763650
1185958920084283393
1185958920206147589
1185958920315133954
1185958922001276929
1185958922093506562
1185958922311622661
1185958922655535104
1185958924828205056
1185958925235113985
1185958925260206080
1185958925482348544
1185958926090670080
1185958926363303936
1185958926841303040
1185958927210549255
1185958927948636160
1185958928296955906
1185958928426946560
1185958928812855296
1185958928867135488
1185958928968015872
1185958929026764800
1185958929634856960
1185958929811030016
1185958930477924352
1185958930662465539
1185958931287310337
1185958931509723136
1185958931878862853
1185958933086834690
1185958933552222209
1185958933829242881
1185958933833441280
1185958933866799106
1185958934663831552
1185958935250915328
1185958935293038592
1185958935435583488
1185958935448244225
1185958935632732160
1185958935641186306
1185958936299692032
1185958936459010049
1185958937360850946
1185958937797054466
1185958938073878528
1185958938723926017
1185958938774249472
1185958939126575107
1185958939676069889
1185958939772325888
1185958939776536576
1185958939868815360
1185958941546680320
1185958941613842433
1185958941622059009
1185958941903216641
1185958942775500802
1185958943836774400
1185958943912288256
1185958943987830785
1185958944507912194
1185958946013470720
1185958947158740992
1185958947712360448
1185958948127596548
1185958948345733120
1185958948685471744
1185958948932849664
1185958949192794112
1185958951990583297
1185958952380571650
1185958953076826112
1185958954129645568
1185958954410610688
1185958955039838215
1185958955391995904
1185958955643736064
1185958956415500290
1185958956956573698
1185958958286000128
1185958959758348288
1185958960421048321
1185958960458797057
1185958960630812681
1185958960823754754
1185958961767505920
1185958962073669639
1185958963193495553
1185958963193503744
1185958963558387713
1185958963767996417
1185958963776573440
1185958964791533569
1185958964984537090
1185958966129545220
1185958966192271360
1185958966695731200
1185958967102623744
1185958967341699072
1185958967803043841
1185958968264314880
1185958968318976006
1185958969665376257
1185958969707286528
1185958970395152386
1185958970751619072
1185958971577978880
1185958971846414337
1185958972194480129
1185958972743995392
1185958973373059073
1185958974560129024
1185958974849474561
1185958975759699969
1185958977407832065
1185958977789661185
1185958977873408000
1185958977936515073
1185958977974231040
1185958978393501697
1185958978406277122
1185958978947371009
1185958979110932480
1185958980486647814
1185958981195436032
1185958981325512710
1185958982353113090
1185958982671884289
1185958982839668736
1185958983586193409
1185958984131457026
1185958985217671168
1185958985658011648
1185958985930825728
1185958986471874562
1185958986618552321
1185958987163938816
1185958987839098880
1185958988631773189
1185958989000896518
1185958990058000387
1185958990842171392
1185958991261769728
1185958991337275392
1185958992016752640
1185958992301953025
1185958992322945024
1185958992968859650
1185958994248175616
1185958994252386305
1185958994914856960
1185958995032444928
1185958995242012672
1185958995422527495
1185958998446612480
1185958998853505024
1185959000283566080
1185959000447373313
1185959000451551232
1185959000870809600
1185959001206509569
1185959001546199041
1185959002221342720
1185959002267705345
1185959003018465280
1185959004528431105
1185959006013018112
1185959006059106306
1185959007539867648
1185959008009687041
1185959008177446917
1185959008278065158
1185959008328441857
1185959008525520897
1185959008680714240
1185959008831713280
1185959009083449344
1185959009817374730
1185959010371067904
1185959011281231872
1185959011956318208
1185959012031963136
1185959012103282689
1185959012216369152
1185959012317171712
1185959012803776522
1185959013374136321
1185959013701341184
1185959013961420801
1185959014426796032
1185959014720512000
1185959014884093952
1185959016104632320
1185959016461193217
1185959016603836416
1185959017295818752
1185959017757069313
1185959017782398978
1185959017874710528
1185959018621108224
1185959019053236224
1185959019074052096
1185959019955052546
1185959020932354048
1185959021825708032
1185959022857506816
1185959022958120961
1185959023511834630
1185959023637647360
1185959024036143106
1185959024455573504
1185959024518488065
1185959025235677184
1185959025562865666
1185959026431086593
1185959026863026177
1185959026925826053
1185959027135733763
1185959029572542469
1185959029924872192
1185959030268813312
1185959030520537095
1185959030566477824
1185959030784704515
1185959031493541888
1185959032043048963
1185959032122724360
1185959033435389953
1185959034417045505
1185959034962227202
1185959035071168513
1185959035398307840
1185959036568645633
1185959036585275392
1185959036824510465
1185959037109723136
1185959037126533121
1185959037457879040
1185959037642428420
1185959037709553664
1185959038376464385
1185959038560980992
1185959038762340352
1185959039492075521
1185959040465231874
1185959041320796160
1185959042298068994
1185959042340007936
1185959042432339968
1185959042465841153
1185959043485110272
1185959044055478272
1185959045641003008
1185959045871460354
1185959047041896448
1185959048019140609
1185959048254021634
1185959048266559489
1185959048501440514
1185959050158080000
1185959050695102472
1185959050732855298
1185959051026452480
1185959051932229633
1185959052020535296
1185959052133781504
1185959052410417152
1185959052443971584
1185959053522063360
1185959054226706432
1185959054319017984
1185959054767775746
1185959055300399105
1185959055589818369
1185959055916969990
1185959056126726144
1185959056877469697
1185959058496339968
1185959058815062016
1185959059003969537
1185959059268292609
1185959059679305728
1185959059922571265
1185959060031455232
1185959060056743937
1185959060761403393
1185959060996313093
1185959061591875585
1185959062011351042
1185959062544027649
1185959062938124288
1185959063374438400
1185959064234184704
1185959064401928192
1185959064406089729
1185959065274474497
1185959065475801088
1185959066792677376
1185959067786842118
1185959067824484352
1185959067979616257
1185959070009835520
1185959070597091328
1185959070878097409
1185959071209414656
1185959071322644480
1185959071721099265
1185959071830204416
1185959072232804354
1185959072773869570
1185959073092689920
1185959074166259712
1185959074225102848
1185959075860733952
1185959076091650049
1185959076360065024
1185959076364201985
1185959076389441539
1185959076490076161
1185959077479927808
1185959077710454784
1185959077857415170
1185959077878386690
1185959077970632704
1185959078234865665
1185959078406819847
1185959078562017280
1185959078570479619
1185959078834724867
1185959079010848773
1185959079128240129
1185959079644020736
1185959080281755649
1185959080508170240
1185959080617238529
1185959080621477889
1185959080659226624
1185959080680153088
1185959081221197825
1185959082613760000
1185959083498557441
1185959084199014400
1185959084371124225
1185959085063180288
1185959085205835776
1185959085767905280
1185959086455738368
1185959086506024960
1185959088439644160
1185959089303687168
1185959089395916802
1185959089446236162
1185959089605615618
1185959089987346432
1185959090490675202
1185959090595553280
1185959090650075137
1185959090822041608
1185959091144929282
1185959091199500288
1185959092025778176
1185959093640425472
1185959093686673408
1185959094202576897
1185959095662268420
1185959095704178689
1185959096077475840
1185959096207450112
1185959096580792320
1185959096639479810
1185959097058902018
1185959097172217858
1185959097822306305
1185959098338234369
1185959098409541633
1185959098770247681
1185959099659378690
1185959100716326913
1185959100888375297
1185959102306029574
1185959102540681216
1185959103010500608
1185959103799201792
1185959103883071488
1185959104310693893
1185959105539854344
1185959106328199168
1185959106881957888
1185959108190576640
1185959108567912450
1185959109058875399
1185959109104996357
1185959109906051073
1185959110006726660
1185959110371676160
1185959111592153090
1185959111831310336
1185959112418443266
1185959112456192000
1185959112565284864
1185959112703729664
1185959113467015168
1185959113928462336
1185959115757117441
1185959115840991234
1185959115866157056
1185959115899596801
1185959117573312512
1185959117703274496
1185959118814748673
1185959118848196608
1185959118957404161
1185959119045480448
1185959119100010496
1185959120295419904
1185959120316387333
1185959120391815169
1185959120454606851
1185959121029419008
1185959121389883393
1185959122820308992
1185959123629813760
1185959123885539329
1185959124116357120
1185959124514693121
1185959124758085632
1185959125009731585
1185959125672443905
1185959125756383232
1185959126247071744
1185959126653906946
1185959127442432000
1185959127702482945
1185959128646258690
1185959129380057090
1185959129564827649
1185959130990895109
1185959131322159104
1185959131699539969
1185959131729006592
1185959132148486150
1185959132358217736
1185959132362350592
1185959132559486976
1185959132614090753
1185959132689514504
1185959132760887296
1185959133012467714
1185959133557809154
1185959133700210691
1185959134023344129
1185959134073688065
1185959134123958272
1185959134635708416
1185959135248027648
1185959135826841601
1185959136468619264
1185959136497930242
1185959136627847168
1185959137156489216
1185959137252913154
1185959137605238785
1185959137789628417
1185959138171478016
1185959138372669440
1185959138552991745
1185959138934833153
1185959139383615494
1185959139459158021
1185959139555467264
1185959139610189835
1185959140251693056
1185959140428005378
1185959140797112320
1185959141195468800
1185959141392736256
1185959141996716033
1185959142009311232
1185959142118301697
1185959142193881088
1185959142890053632
1185959142994767872
1185959143447957506
1185959145133838337
1185959145272434688
1185959145578663938
1185959146203553792
1185959146509787137
1185959147319070720
1185959147981987840
1185959148044701696
1185959148233646081
1185959148581572608
1185959149437255680
1185959149802311682
1185959150100066305
1185959151429656578
1185959151815528454
1185959152335458304
1185959152499249154
1185959152725774336
1185959153237463040
1185959154072072194
1185959154877435904
1185959154923520000
1185959154965532673
1185959155200385025
1185959155535736832
1185959155590406147
1185959155632181250
1185959155917578242
1185959155930161152
1185959156982923265
1185959157154889728
1185959158547435520
1185959158664908801
1185959158756999168
1185959159168061440
1185959160275337217
1185959161277960192
1185959161600675841
1185959161722523648
1185959161864962048
1185959162116820998
1185959162402033664
1185959163140067328
1185959163404472325
1185959163677073408
1185959164431847425
1185959164511739904
1185959164708884481
1185959164864090112
1185959165451214849
1185959166856302592
1185959166940188672
1185959167292592128
1185959167841845248
1185959168009748482
1185959169456857088
1185959170576486400
1185959170786201600
1185959170941558784
1185959171524644864
1185959171734298624
1185959171742720002
1185959172166152192
1185959172233486338
1185959172489138177
1185959172556361728
1185959173164621826
1185959173189537792
1185959173546106880
1185959174049390592
1185959174431236097
1185959175672815618
1185959176025133058
1185959176125575168
1185959176255819778
1185959176398397440
1185959176427786243
1185959176595312640
1185959176780091392
1185959177006530560
1185959178487128064
1185959179254677504
1185959179833499648
1185959180080963589
1185959180924051463
1185959180936462337
1185959180936589315
1185959181150511104
1185959181330857985
1185959181423124480
1185959182153015297
1185959182442348546
1185959182580584448
1185959183008579584
1185959184606662665
1185959185969799169
1185959186322120704
1185959186405974017
1185959187739635712
1185959188339580928
1185959188696055808
1185959188847042560
1185959189073530885
1185959189283266562
1185959189518008321
1185959189987897344
1185959190323486721
1185959190487031810
1185959190747123715
1185959191212646400
1185959193519501322
1185959193838272519
1185959194698100736
1185959195264376832
1185959195654406145
1185959196707061760
1185959197051105290
1185959197332135938
1185959198040834049
1185959199232147457
1185959199383183360
1185959201203355648
1185959201715044352
1185959202499497984
1185959202805747713
1185959204466712576
1185959204496007168
1185959205074812930
1185959205561221120
1185959206362464256
1185959206689619968
1185959207062921218
1185959207285202945
1185959207599837185
1185959207868256256
1185959208073740288
1185959208337977346
1185959208765874179
1185959208908406785
1185959209344655361
1185959209357103105
1185959209579548674
1185959209868898304
1185959210653114370
1185959211177410560
1185959211290640386
1185959213077581824
1185959213262082048
1185959213463265281
1185959213727735810
1185959214302289921
1185959214348410880
1185959215275356161
1185959215728332802
1185959217758429185
1185959217896869888
1185959218253357057
1185959218370797569
1185959218710368256
1185959219578707969
1185959220178542598
1185959220329492481
1185959221419892737
1185959222363611136
1185959222598684672
1185959222678360064
1185959222808330245
1185959223370366978
1185959223391408130
1185959223420739585
1185959224456564736
1185959225924698112
1185959225970827264
1185959226495029248
1185959227963125760
1185959228135084032
1185959228156137472
1185959228189495298
1185959229397655555
1185959229452115968
1185959229670264833
1185959230198702081
1185959230592950278
1185959230823518208
1185959231385505792
1185959231935123466
1185959232069361667
1185959232455110656
1185959232547577858
1185959232987979776
1185959233340264449
1185959233818415115
1185959233906532355
1185959233965170693
1185959234057445376
1185959234187468802
1185959235252899840
1185959235294769155
1185959235856654336
1185959235865251840
1185959236435611649
1185959236477448192
1185959236993462272
1185959237253554176
1185959237530333184
1185959237643657217
1185959237970812934
1185959238939508736
1185959239321145345
1185959239363317760
1185959239568777216
1185959239593975809
1185959239899959296
1185959240625741824
1185959241288470528
1185959241472970752
1185959241577848833
1185959242412515328
1185959242446098432
1185959243385577472
1185959243574403073
1185959243683454977
1185959245893627904
1185959246086717440
1185959247286329349
1185959247294730240
1185959247466631168
1185959247487606789
1185959247651016705
1185959247655260165
1185959248276217856
1185959248917880832
1185959249274388480
1185959250302001158
1185959250784182273
1185959251270877190
1185959252239835136
1185959254252933120
1185959254265454592
1185959254697697281
1185959254743769090
1185959256476008449
1185959257109422082
1185959258321489920
1185959259269263360
1185959259672137730
1185959260254900225
1185959260947177472
1185959262058508288
1185959262243164161
1185959262381596672
1185959262930866177
1185959264747171845
1185959265200148482
1185959266651426818
1185959267293188096
1185959267330867200
1185959267351662592
1185959267515404289
1185959268308209665
1185959268454948864
1185959268991819781
1185959269205606400
1185959269356752896
1185959269994156033
1185959270694522880
1185959270707335168
1185959270854119424
1185959271021846528
1185959271361593344
1185959271449669632
1185959271479021568
1185959271479103488
1185959271499993088
1185959271768428544
1185959272238190595
1185959272309559296
1185959272405970944
1185959272598908928
1185959273047699458
1185959273110491136
1185959274071101446
1185959274301800452
1185959274574417928
1185959274683363328
1185959275010707456
1185959275979563018
1185959276130553861
1185959276747120643
1185959277804085249
1185959277891948546
1185959278663946240
1185959278735024130
1185959278785351680
1185959278785519624
1185959279397765121
1185959279796412416
1185959280698187777
1185959280844910602
1185959281390166017
1185959281444524032
1185959281759260672
1185959281767702529
1185959281788624896
1185959282338074624
1185959282426204165
1185959283848036353
1185959284149899264
1185959284774801408
1185959284812800000
1185959284850483200
1185959285693526016
1185959286888980480
1185959286976974849
1185959287920582657
1185959288616955904
1185959289418145793
1185959290982547458
1185959291829866497
1185959292496728069
1185959292836421632
1185959293440397317
1185959294774235136
1185959295898116097
1185959295978016768
1185959296271572995
1185959296552574977
1185959297282392064
1185959298549125122
1185959298851053568
1185959299325026310
1185959299362754560
1185959299895484416
1185959300381978626
1185959300390363147
1185959301438787584
1185959302324019205
1185959302705664000
1185959302739054592
1185959303011803138
1185959303020085248
1185959303611670529
1185959303993266177
1185959304022675459
1185959304110706688
1185959305503268865
1185959306136559616
1185959306669113344
1185959307050999809
1185959307248132102
1185959307877199872
1185959308124659715
1185959309168898049
1185959309382995968
1185959309546536960
1185959309798236163
1185959310343528448
1185959310511296518
1185959310603542528
1185959312356773889
1185959312985939968
1185959313258532865
1185959313602428929
1185959315896754176
1185959316743954432
1185959316752257024
1185959317587091456
1185959318111145984
1185959319327694851
1185959319357014018
1185959319684165632
1185959319763869697
1185959320577597440
1185959321550635008
1185959322217406464
1185959322444091397
1185959323496783872
1185959324230791168
1185959324247580672
1185959324327256064
1185959324348309505
1185959324369281031
1185959325002620928
1185959325405196291
1185959325518434305
1185959326051119104
1185959326059507715
1185959327766601729
1185959327787573248
1185959328299270144
1185959328567590913
1185959329670795264
1185959329905688577
1185959330870374400
1185959332426465280
1185959332548153344
1185959332581642240
1185959332715909120
1185959332778610688
1185959333156118528
1185959333433139203
1185959334301388802
1185959334922067968
1185959335140216832
1185959335660347392
1185959335769399298
1185959336411045888
1185959337363148800
1185959338155880448
1185959338197823489
1185959338898317315
1185959339338559488
1185959340748005379
1185959341611835393
1185959342023028737
1185959342601715712
1185959344241819649
1185959344342556677
1185959345739255808
1185959346804547584
1185959346993152000
1185959347307896833
1185959347454726151
1185959348058689539
1185959348427722753
1185959349581221888
1185959349757382657
1185959349887406082
1185959350432686082
1185959350621229056
1185959351305064449
1185959351867072512
1185959352496283648
1185959354169733120
1185959354362675206
1185959354920366080
1185959355327213568
1185959355931340800
1185959356170412032
1185959356640256002
1185959356656996353
1185959356698955777
1185959356707291142
1185959357512597504
1185959357512667136
1185959358544470018
1185959358565367808
1185959358959628288
1185959359223869440
