1185947280722911235
1185947281171910656
1185947281499009030
1185947281696198659
1185947282354724864
1185947282954473473
1185947283772395521
1185947284355174400
1185947285026492418
1185947285525581824
1185947285861163010
1185947285881946114
1185947286293098497
1185947286788038657
1185947288365129728
1185947288738451458
1185947288960528384
1185947289782751232
1185947290445303809
1185947290609115146
1185947290638393344
1185947291066294272
1185947291749933056
1185947291888291841
1185947291900874752
1185947292055924737
1185947292462931969
1185947292542611456
1185947293293465601
1185947293297471488
1185947293582839809
1185947295864381442
1185947296011304960
1185947297257005056
1185947297273790466
1185947298238521344
1185947299379212289
1185947299794407425
1185947300125970434
1185947300289531904
1185947301698822144
1185947302466187264
1185947304823590912
1185947305071001601
1185947305402425349
1185947306803257344
1185947307428069376
1185947308044750850
1185947308267061249
1185947309307318275
1185947309781200897
1185947309990961153
1185947310162956290
1185947310699827200
1185947310796222468
1185947310804688896
1185947311123456002
1185947312465559552
1185947313602064384
1185947313820389376
1185947316085231616
1185947316085317633
1185947316257284098
1185947316710264832
1185947317301440515
1185947318962524161
1185947320376090624
1185947320581386241
1185947321957257218
1185947322376544257
1185947322615644160
1185947323639185409
1185947324104630272
1185947324599672832
1185947325086060544
1185947325631479808
1185947325639942144
1185947326604402689
1185947326713606144
1185947327414059008
1185947327502127104
1185947327745257472
1185947328244531201
1185947329070845954
1185947330773540866
1185947331931398146
1185947332023635969
1185947332627484677
1185947333869101056
1185947334028529664
1185947334485708800
1185947335173517312
1185947335693611009
1185947335953534976
1185947336318574592
1185947337111330821
1185947337815941122
1185947337866305538
1185947337895677952
1185947338520649728
1185947338721890306
1185947339355230208
1185947339627945986
1185947340865245187
1185947341708234753
1185947342043844608
1185947342706483201
1185947342966534146
1185947345671933952
1185947345936105473
1185947348888969218
1185947348947656705
1185947349660721153
1185947350260469760
1185947350298005504
1185947350772191233
1185947351564914688
1185947351942422529
1185947352126771200
1185947353301295110
1185947353553035266
1185947353926250496
1185947353938874376
1185947354173714432
1185947354400219141
1185947354488283136
1185947354534436866
1185947354844655616
1185947354970636288
1185947355578802176
1185947356098973697
1185947356123947008
1185947356514181120
1185947356799201281
1185947357889777665
1185947358229663749
1185947358636453889
1185947359018127369
1185947359244668929
1185947359580057600
1185947359655669760
1185947359831871488
1185947361027203072
1185947361253744641
1185947361287249920
1185947362453274624
1185947362985775104
1185947364864868353
1185947366139973632
1185947366471458816
1185947366961999872
1185947367125737473
1185947367310118917
1185947367570362368
1185947367696195585
1185947368572751872
1185947369852063750
1185947370166652934
1185947370338562054
1185947374289637376
1185947374583238658
1185947374788792321
1185947375061393410
1185947375120125952
1185947375501746176
1185947377087270913
1185947377628274689
1185947378748182528
1185947378966319104
1185947378987290624
1185947380258148353
1185947380371382272
1185947381545627648
1185947382078296064
1185947382275461120
1185947382279741440
1185947383261204481
1185947383282262017
1185947383470968833
1185947383550660608
1185947384007643142
1185947384934780929
1185947385245192198
1185947385547149314
1185947386377637888
1185947386444734464
1185947386696392706
1185947387518431233
1185947388311154688
1185947388458000384
1185947388583784449
1185947388961275904
1185947390102118402
1185947390156693504
1185947390424993792
1185947393591779333
1185947394275344386
1185947394648825861
1185947395814764544
1185947396330676227
1185947396368412674
1185947397198929922
1185947397668659201
1185947398205509632
1185947398578720768
1185947398763417602
1185947401657421826
1185947401925861376
1185947402575855617
1185947403859480576
1185947405038030849
1185947405130371072
1185947406954688512
1185947406971658240
1185947408557051904
1185947408842162177
1185947409257504768
1185947409341452290
1185947409597321216
1185947409702150144
1185947410998185985
1185947411463753729
1185947411996401664
1185947412180942848
1185947412533272578
1185947414353666048
1185947414647263232
1185947417167847424
1185947417704878081
1185947418912645120
1185947419135139840
1185947421291008000
1185947421580378118
1185947422846902272
1185947423665000449
1185947424172511233
1185947424285691905
1185947424717713413
1185947424822562822
1185947425283854336
1185947425795727360
1185947426068353027
1185947426911375360
1185947427129495555
1185947428576550912
1185947430249877504
1185947430254194690
1185947431697113090
1185947433559216130
1185947433601323018
1185947434079457280
1185947435220262912
1185947435497066498
1185947435706781697
1185947436142878720
1185947436377956352
1185947436495392769
1185947436763795457
1185947437749473280
1185947438043013120
1185947439062245381
1185947439779500033
1185947440484093956
1185947441335603200
1185947441369145344
1185947441381683200
1185947441385889793
1185947441390084097
1185947441474035712
1185947441511702529
1185947442254176257
1185947442375774208
1185947442459693057
1185947443172655105
1185947443533365248
1185947443663388672
1185947443881480193
1185947444368023554
1185947444460376065
1185947444963631105
1185947445190111233
1185947445794136064
1185947445907410946
1185947446641221632
1185947447039844352
1185947447513751553
1185947447836721153
1185947449547993095
1185947451372511232
1185947452563709958
1185947453469548549
1185947455134801920
1185947455252238342
1185947455524749312
1185947455675871232
1185947456363749376
1185947456623788033
1185947457815011328
1185947457991184384
1185947458167345156
1185947459001958401
1185947462214864898
1185947462256807937
1185947462680399873
1185947463141806081
1185947463477321729
1185947463900774400
1185947463947030528
1185947464890757120
1185947465008078849
1185947465398267908
1185947467625455617
1185947468825071616
1185947468942458881
1185947469424672768
1185947470095884288
1185947470632837120
1185947470859292672
1185947470913773568
1185947471656247297
1185947471849152514
1185947471907823616
1185947473124233216
1185947473170391046
1185947473346531328
1185947474508173312
1185947475745611776
1185947475930243074
1185947477142360070
1185947478023168001
1185947481022050304
1185947481047216129
1185947481953075200
1185947482318094337
1185947482729144320
1185947482792046599
1185947483647512576
1185947483769171974
1185947484767604737
1185947484998242312
1185947486952792065
1185947487208689665
1185947487267241989
1185947487401598981
1185947487963627526
1185947489242886144
1185947490018844673
1185947491189039107
1185947491914735622
1185947492313174016
1185947492636069888
1185947493403627520
1185947493781200897
1185947494028664833
1185947494770851841
1185947494942937088
1185947495123304448
1185947495194681346
1185947497874673666
1185947498667479042
1185947500093550593
1185947500399587328
1185947503029555201
1185947504224931840
1185947504271069188
1185947506166960130
1185947507668537344
1185947509149052929
1185947509312688130
1185947510248001536
1185947511904710658
1185947513829941248
1185947514580672517
1185947514832338946
1185947515180462081
1185947516187172864
1185947516547805186
1185947517156052994
1185947517852307456
1185947519269781504
1185947520050044931
1185947521639538688
1185947521769541633
1185947522625343488
1185947523808202752
1185947524617641985
1185947524907098112
1185947524915499008
1185947525326475267
1185947525385277440
1185947525494255617
1185947525532045313
1185947526618324993
1185947526702206981
1185947527172022274
1185947527792738311
1185947528413569024
1185947529038499841
1185947529269170177
1185947529688637444
1185947529734688769
1185947530317705216
1185947530409992193
1185947531559215105
1185947531588636675
1185947532603453440
1185947533056577537
1185947533404708864
1185947533903847424
1185947535225081856
1185947535262638089
1185947535271219201
1185947536214781953
1185947536277868544
1185947536701431809
1185947537267662848
1185947537716469761
1185947538232352769
1185947538299478016
1185947539511631872
1185947539649880064
1185947540753125376
1185947540988055552
1185947541424234496
1185947541541666820
1185947544083423238
1185947545157210112
1185947545178198017
1185947547866664961
1185947548877410304
1185947549443809286
1185947549758377984
1185947549913567232
1185947549934505984
1185947551620587520
1185947552400728065
1185947554305007616
1185947555252899840
1185947556251131909
1185947558134403074
1185947558251814913
1185947558671044608
1185947558859939842
1185947559036178433
1185947559996645378
1185947560676118530
1185947561498042368
1185947562190213120
1185947562588680192
1185947563159162880
1185947563167375360
1185947564111257602
1185947564140646400
1185947564606185473
1185947565084286976
1185947565105274884
1185947565893804039
1185947566497783809
1185947566501978112
1185947566896271367
1185947567001128960
1185947567277740032
1185947567592529921
1185947568414642177
1185947569479913473
1185947569899229184
1185947569916203009
1185947570599845888
1185947571124129793
1185947571623206917
1185947572243959809
1185947572277526528
1185947572818440192
1185947574932557824
1185947575142232064
1185947575830093824
1185947576945774592
1185947577117753349
1185947580364185604
1185947580632633345
1185947580875845632
1185947581865746432
1185947582989787136
1185947583597993989
1185947585204363264
1185947590677975046
1185947590694789120
1185947591051268101
1185947591978168323
1185947593500741634
1185947593685078016
1185947593735593986
1185947594335440898
1185947594779963392
1185947594788397058
1185947594792587264
1185947594893205505
1185947594922569729
1185947594926759946
1185947594968764417
1185947596990373891
1185947596994633729
1185947597137174529
1185947597669896192
1185947597846040577
1185947599087505410
1185947599326593024
1185947599360143360
1185947600794652672
1185947600924622848
1185947601025359872
1185947601285218305
1185947601688055808
1185947603051171840
1185947604292526082
1185947604456235008
1185947606247063552
1185947606326710273
1185947608579223552
1185947610881781762
1185947611532005376
1185947612182188033
1185947612484132865
1185947612727386112
1185947612958121991
1185947613541089280
1185947614543536130
1185947615302688769
1185947615462117380
1185947616967872512
1185947617097846784
1185947617416617984
1185947617680859139
1185947621044572160
1185947621359280128
1185947621548085248
1185947622852513794
1185947622969958401
1185947624001531906
1185947625977208838
1185947626828468224
1185947627084505090
1185947627323641856
1185947627415900160
1185947627994669058
1185947629575798789
1185947629659836421
1185947630486130689
1185947630511116288
1185947630666256384
1185947630909542400
1185947631840829447
1185947632612413440
1185947632914649088
1185947633363361792
1185947634487349248
1185947634533617664
1185947634697150464
1185947634923704327
1185947635515101185
1185947635515101187
1185947636689330176
1185947636949491712
1185947637087965184
1185947638241226752
1185947639696674816
1185947639965241345
1185947640959324165
1185947642666389505
1185947643874349058
1185947644738330624
1185947644889305088
1185947646428622848
1185947648236408832
1185947648299360262
1185947648806670336
1185947649301766144
1185947649314316289
1185947649591128066
1185947650757189633
1185947651419672577
1185947651553910784
1185947651570835456
1185947652321464320
1185947653898756098
1185947653944815616
1185947654854979591
1185947655878385666
1185947657996365825
1185947659120631808
1185947659552677889
1185947659875553280
1185947661221933060
1185947661523775489
1185947661855346688
1185947661972557824
1185947663184863234
1185947663725932544
1185947665445474305
1185947665969930240
1185947667903500288
1185947668150935552
1185947668478119937
1185947670357168130
1185947671565078529
1185947672504606720
1185947672638705664
1185947673767137290
1185947673779507200
1185947673905582080
1185947675096694784
1185947677567209474
1185947678477144064
1185947678791864321
1185947679307763712
1185947680041775104
1185947681031708674
1185947681853792256
1185947682814119936
1185947684231876608
1185947684785532929
1185947685167099905
1185947685330870278
1185947685855080450
1185947686299668480
1185947686643613697
1185947687079858177
1185947687650287618
1185947688337936384
1185947688937779201
1185947690028412930
1185947690930262016
1185947691404148736
1185947691504807937
1185947692322775040
1185947692737933312
1185947693048315907
1185947693354573824
1185947694822379520
1185947695111954433
1185947696164720641
1185947696865124355
1185947698630930433
1185947699545292800
1185947701982183424
1185947702988693504
1185947703148191750
1185947704955817984
1185947705157308417
1185947705391996928
1185947706302308353
1185947706856001536
1185947707262849026
1185947707799531520
1185947707942285313
1185947709049622530
1185947710425358343
1185947710626488320
1185947710840377346
1185947710995783684
1185947712484794368
1185947712673452033
1185947713348820993
1185947713839366145
1185947715747876865
1185947717018587137
1185947717455011840
1185947717618548736
1185947718104993792
1185947719610667008
1185947719619284998
1185947719661015041
1185947720302895104
1185947720315539460
1185947720709746691
1185947720877400064
1185947720911085570
1185947720978259968
1185947721988890624
1185947722177642497
1185947722462961665
1185947722798583811
1185947723377328128
1185947723775823872
1185947724211994624
1185947726309187587
1185947727005437953
1185947728787972097
1185947729035444224
1185947729664643072
1185947729677242369
1185947729786265605
1185947733510819842
1185947734358003712
1185947734408220673
1185947735150780416
1185947735616348164
1185947735918292992
1185947736547438594
1185947736681730048
1185947737298219008
1185947738250371074
1185947739814801409
1185947740011933697
1185947740792152065
1185947740800466950
1185947742117548032
1185947742482374661
1185947743371628550
1185947743812018177
1185947745632292865
1185947745703604224
1185947745913315334
1185947746664099842
1185947746936774656
1185947747108696065
1185947747423264768
1185947747779825664
1185947748459266051
1185947749155397632
1185947749432414210
1185947749629513728
1185947750128447488
1185947752439660549
1185947752657756160
1185947753047875590
1185947753165123589
1185947753454526464
1185947753622523904
1185947754675261441
1185947754721415170
1185947754767572992
1185947754801049600
1185947754826227713
1185947754855464962
1185947754880819201
1185947754910113794
1185947755329527808
1185947755577053184
1185947755631599621
1185947755828666368
1185947756042637312
1185947756155822081
1185947756252352512
1185947756457795584
1185947756550115330
1185947758051627008
1185947758487846912
1185947759268024323
1185947759695802369
1185947760039813123
1185947760765407233
1185947762325516288
1185947763323867145
1185947763726520320
1185947764045148161
1185947764359946240
1185947766008225793
1185947766620655621
1185947768289759234
1185947768654876674
1185947768667459585
1185947768944234497
1185947770743599104
1185947771389595650
1185947772265979905
1185947772551217152
1185947773998456838
1185947774308749312
1185947774988279808
1185947775789346817
1185947776225546242
1185947776867323911
1185947777131597828
1185947777139986434
1185947778704445442
1185947779316813826
1185947779606011904
1185947779622940675
1185947779971141633
1185947780268863488
1185947780617064451
1185947781283942401
1185947781342597120
1185947782550609921
