1185963386057699333
1185963386368122880
1185963386401636357
1185963386644901888
1185963386884022272
1185963386913329152
1185963387546525696
1185963388431675392
1185963389174079488
1185963389186560000
1185963389841039361
1185963390675628032
1185963391204114432
1185963391388659712
1185963391640145920
1185963391724199937
1185963392282124288
1185963392491753475
1185963392797945857
1185963392953147393
1185963393229963266
1185963393359867904
1185963393372438528
1185963393397772288
1185963393590747136
1185963393871765510
1185963394026950656
1185963394958053378
1185963395297792000
1185963395553681410
1185963396044185600
1185963396669329409
1185963396748976136
1185963397021650946
1185963397562548225
1185963397797556226
1185963397973544960
1185963398699327488
1185963399085285376
1185963399785648129
1185963400058331136
1185963400280657921
1185963400372936706
1185963400624345088
1185963400632946688
1185963400968454150
1185963401228488706
1185963401606057985
1185963401631145984
1185963401962328065
1185963402100957184
1185963402109296640
1185963402109358080
1185963402126118914
1185963402138656769
1185963402159673344
1185963402360807424
1185963402922991616
1185963403023736832
1185963403166306304
1185963403300372481
1185963403392606210
1185963403573157889
1185963403816427520
1185963404130955285
1185963405112426502
1185963405158600704
1185963405200506881
1185963405250879490
1185963405259268096
1185963405720674304
1185963406681092097
1185963406962110464
1185963407146700800
1185963407440265216
1185963407884931074
1185963408136519680
1185963408438579200
1185963408857993218
1185963409071923202
1185963409235419139
1185963410145591296
1185963410313433088
1185963410904801282
1185963411697471488
1185963411827494912
1185963412012097542
1185963412318085120
1185963412641071104
1185963413220089856
1185963413517811712
1185963413543051265
1185963413563990022
1185963413735989248
1185963413798866945
1185963413912072192
1185963413912145921
1185963413954088972
1185963414298021888
1185963414344126464
1185963414960496641
1185963415342374917
1185963415501758465
1185963415904370688
1185963416495759361
1185963416730640384
1185963417443672064
1185963417666052097
1185963417892544513
1185963418383212546
1185963418441920512
1185963418769149953
1185963419545034753
1185963420455178242
1185963420744585217
1185963421080014848
1185963421185073152
1185963421340176388
1185963421633785857
1185963421721866240
1185963422363607041
1185963422841749506
1185963422975954945
1185963423097675788
1185963423189946369
1185963423546241024
1185963423894593537
1185963424318181376
1185963424380882944
1185963424599007232
1185963425240887304
1185963425266057218
1185963425349943297
1185963425475813376
1185963426188812289
1185963426578948096
1185963426792837120
1185963427753267201
1185963428453605376
1185963428478902272
1185963428944502784
1185963429334540293
1185963429451960320
1185963429561024513
1185963429623930880
1185963429837672448
1185963430873882624
1185963431159050240
1185963431255592960
1185963431377149953
1185963432425607168
1185963432719388674
1185963433197477888
1185963433260240897
1185963433620959232
1185963434640400384
1185963434669727750
1185963435030437889
1185963435072163841
1185963435135254528
1185963435466641408
1185963436032905216
1185963436087357440
1185963436414390272
1185963436506779648
1185963436980801537
1185963437681197056
1185963438620762115
1185963438826278912
1185963439396720643
1185963439568687106
1185963439572672512
1185963439849525248
1185963439849644033
1185963439992258561
1185963440226983936
1185963441913245696
1185963442277978112
1185963442663899136
1185963442953478148
1185963443435823107
1185963443528056838
1185963443712659456
1185963444387880962
1185963444509577221
1185963444651970560
1185963444698140672
1185963445142687744
1185963445231013889
1185963445256118276
1185963446350823425
1185963446539640832
1185963448460464128
1185963448808677377
1185963449286709248
1185963449433632768
1185963449521565697
1185963450075234304
1185963450696118272
1185963450998153217
1185963451367284736
1185963451769860097
1185963451849564161
1185963452256399360
1185963452772356097
1185963453317447681
1185963453762199552
1185963454059941888
1185963454609461249
1185963455075049478
1185963455209263104
1185963455267966978
1185963455490265090
1185963456790437890
1185963456932925440
1185963457075658753
1185963457478135814
1185963457608335360
1185963457721577473
1185963457742606339
1185963457839058944
1185963458052968448
1185963458078089216
1185963458849673217
1185963458900168711
1185963459126665216
1185963459583729664
1185963459680317441
1185963459923476482
1185963459940360192
1185963460041031681
1185963460431101954
1185963460707766272
1185963460850528256
1185963461051895808
1185963461081210884
1185963461592768512
1185963461785935877
1185963461928374277
1185963462582849536
1185963464277102593
1185963464809963520
1185963465757859840
1185963466194071552
1185963466378616832
1185963467024556032
1185963467515281410
1185963467758538752
1185963468249321472
1185963468677103616
1185963468714889216
1185963470073794561
1185963470291910656
1185963470442786816
1185963470715523072
1185963470870724608
1185963470983958533
1185963471055327234
1185963472905031680
1185963473269919744
1185963473446014979
1185963473664172032
1185963473743667201
1185963474343682048
1185963474595115008
1185963475031461888
1185963475241066496
1185963475371118593
1185963475446718464
1185963475719335938
1185963475903963137
1185963476310810626
1185963476793118721
1185963477153845248
1185963478214991874
1185963478231801858
1185963478978187265
1185963480194650113
1185963480513499137
1185963480832102400
1185963481205485568
1185963482442690561
1185963482530762752
1185963482786779136
1185963482820145152
1185963483059220480
1185963483525009410
1185963484284162049
1185963484649050114
1185963484720386048
1185963485605355520
1185963485974405121
1185963487001866240
1185963488226795520
1185963488335687681
1185963488511844352
1185963488876871681
1185963489384456193
1185963489392766978
1185963489824608256
1185963489988202501
1185963490068062211
1185963490105810947
1185963490462314496
1185963490747531265
1185963491070492672
1185963492152528896
1185963492303618049
1185963492412665857
1185963493058580481
1185963493125701635
1185963493327081473
1185963493918461952
1185963493985411072
1185963494061072387
1185963495222927361
1185963495914909696
1185963495948509184
1185963496883789824
1185963496967553024
1185963497382744064
1185963497479389186
1185963498003558402
1185963498033090560
1185963498548944899
1185963498989408262
1185963499240992768
1185963499278819328
1185963499911933953
1185963500151046144
1185963500277059585
1185963500318806017
1185963501271035906
1185963501434466304
1185963501585518593
1185963501816295425
1185963501996662784
1185963502558691328
1185963502772600833
1185963502839705600
1185963502978113537
1185963504051937281
1185963504244793344
1185963504299364352
1185963504420802565
1185963504471179269
1185963504911564800
1185963505414893568
1185963505687465984
1185963506048344065
1185963506085945345
1185963506333437955
1185963506534735877
1185963507147104257
1185963508502011905
1185963508703383552
1185963510209155072
1185963511194771456
1185963511442300933
1185963512616632321
1185963513858138114
1185963513879154688
1185963514067935238
1185963514151755777
1185963514831097856
1185963514906775552
1185963514940346368
1185963515112235008
1185963515196125184
1185963516055785472
1185963516525760512
1185963517289160706
1185963517322510336
1185963517456928769
1185963518006194176
1185963518346088449
1185963519016964096
1185963519096713216
1185963519453343747
1185963519805722624
1185963521105944577
1185963521110106114
1185963521231732736
1185963521261162497
1185963521286311937
1185963521739280385
1185963521827319808
1185963522448134144
1185963522565521413
1185963522695585792
1185963522905145344
1185963523379290113
1185963524251672578
1185963524389924864
1185963524427792386
1185963524801073152
1185963524868247552
1185963525535080448
1185963525904224256
1185963525933588480
1185963525996531714
1185963526076223493
1185963526109761536
1185963526751444999
1185963527221268485
1185963527737139200
1185963528051671042
1185963528131436545
1185963528160563201
1185963530186612737
1185963530442309632
1185963530446655493
1185963530668969985
1185963530744487936
1185963530912182274
1185963531100925952
1185963531838976000
1185963532061421569
1185963532291997696
1185963532728360960
1185963533294587904
1185963533533618178
1185963533726601217
1185963534380748801
1185963534640975873
1185963534661947392
1185963534917787649
1185963535249096704
1185963535580499969
1185963535593082883
1185963536046014464
1185963536486490112
1185963536675028992
1185963537471926272
1185963537677668354
1185963537966886912
1185963538126229505
1185963538579427328
1185963538893795329
1185963539627945989
1185963539648921600
1185963539766403074
1185963540118679558
1185963540307480576
1185963540756086789
1185963540798234624
1185963540823334915
1185963540957618176
1185963540986912768
1185963540999540738
1185963541179682816
1185963541507051520
1185963541813252096
1185963542056488960
1185963542077497344
1185963542358429696
1185963542446522368
1185963544472211456
1185963544560443400
1185963545084792833
1185963545231364096
1185963545395105792
1185963546284310529
1185963546519179265
1185963546737348608
1185963546959437824
1185963547886608385
1185963548259815426
1185963548343701504
1185963549505572864
1185963549765570561
1185963549874622464
1185963550138863617
1185963550449242112
1185963550612901889
1185963550700920843
1185963551128805383
1185963551560781824
1185963553066573827
1185963553376866304
1185963553548685312
1185963554576490497
1185963554840567808
1185963556002512896
1185963556350636032
1185963556598112256
1185963556673638400
1185963556753137664
1185963557076295680
1185963557516525568
1185963557659336706
1185963558301065217
1185963559278256128
1185963559575904256
1185963559810822144
1185963559840374785
1185963559861096449
1185963560112816128
1185963560117198849
1185963560414920704
1185963560532402177
1185963560574312449
1185963560695926784
1185963561195130880
1185963561257857026
1185963561736114176
1185963561916551170
1185963563334230016
1185963563388669957
1185963563711483904
1185963563715743744
1185963564705701888
1185963564999168000
1185963565276172289
1185963565410328577
1185963565619892224
1185963565649453056
1185963566018502656
1185963566311989248
1185963566723227648
1185963567113265157
1185963567176192001
1185963567473971200
1185963568459632640
1185963568765665280
1185963568992272387
1185963569495625729
1185963569873117184
1185963570061819904
1185963570070245377
1185963570267328514
1185963570372194305
1185963570896523264
1185963571303325696
1185963571785527296
1185963571974422528
1185963573291503619
1185963574293925889
1185963574331494401
1185963574801383425
1185963575140970498
1185963575258636289
1185963575363420160
1185963575405248514
1185963575699038209
1185963576017575937
1185963576105881601
1185963576533639168
1185963577347362816
1185963577942765568
1185963578605441024
1185963578723127302
1185963579318636544
1185963579490615302
1185963579616518144
1185963580480544774
1185963580639731712
1185963581147402241
1185963581340356608
1185963581390622723
1185963582305046533
1185963582531522562
1185963583211036682
1185963583701737473
1185963584448335873
1185963584947286016
1185963585152925696
1185963585698238464
1185963586004275200
1185963586809581568
1185963588130955264
1185963588227358720
1185963588697120776
1185963589837836288
1185963589888135168
1185963590198579202
1185963590832013312
1185963590957842432
1185963591675142144
1185963591851229191
1185963591943544832
1185963592744615936
1185963593994342401
1185963594497716231
1185963594678185986
1185963594791260161
1185963595248689152
1185963595357663235
1185963595433205761
1185963595491926020
1185963596628537348
1185963597958123522
1185963598591320064
1185963598708912130
1185963598750707712
1185963598847328256
1185963598948028416
1185963599749103616
1185963600218710016
1185963600332165120
1185963600394870785
1185963600546062336
1185963600592166912
1185963600986431488
1185963601028210688
1185963601322041344
1185963601342992386
1185963601955377152
1185963602223628288
1185963602353807361
1185963602395709441
1185963604006162432
1185963604392267776
1185963604551618560
1185963605579030528
1185963605721788418
1185963606040596480
1185963606170591233
1185963606283870213
1185963606422085637
1185963606707507205
1185963607659601921
1185963608309751811
1185963608318058497
1185963608578166784
1185963608687206400
1185963609194684422
1185963609609793536
1185963609853222914
1185963609937121280
1185963610134253570
1185963610301857793
1185963610385911808
1185963610478120960
1185963610742366208
1185963611270701057
1185963611845382144
1185963612080365578
1185963612231426048
1185963612302651392
1185963613254836224
1185963613279813632
1185963613456130048
1185963613594554368
1185963613627879430
1185963614743736321
1185963615636975617
1185963615834165248
1185963616220172289
1185963616723451906
1185963616903876609
1185963617507860481
1185963617998557187
1185963620242542592
1185963620645167107
1185963620804415488
1185963620905181190
1185963621177856001
1185963621593047040
1185963621647601664
1185963622125752323
1185963622423502849
1185963622490468352
1185963622868180993
1185963623379660800
1185963624621400064
1185963625812504577
1185963625879687169
1185963626240401410
1185963626320093184
1185963626437447685
1185963626856931330
1185963627339304962
1185963627746119680
1185963627813228546
1185963628383657984
1185963629180420096
1185963629608423426
1185963629851615233
1185963630392684544
1185963631294504960
1185963632858976256
1185963633697796102
1185963633701986306
1185963634058563584
1185963634486337536
1185963634729668610
1185963635346010112
1185963635631259648
1185963635824381953
1185963636117794817
1185963636130537483
1185963636268752896
1185963636524756992
1185963637158109191
1185963637808254976
1185963638693097473
1185963639133671424
1185963639838298113
1185963640534507520
1185963640605806594
1185963640790409216
1185963641478287368
1185963641754882048
1185963641767510017
1185963641834786816
1185963642182914048
1185963642434408448
1185963643298549763
1185963643407650818
1185963643650768901
1185963643793559554
1185963643806109696
1185963643915177984
1185963644514906118
1185963644900667392
1185963644988903430
1185963645370540034
1185963645466923009
1185963645571866624
1185963645605482499
1185963645802635264
1185963646158901248
1185963646272311300
1185963647438213125
1185963648088449024
1185963648205783040
1185963648403030016
1185963648608559106
1185963648671350785
1185963648935587840
1185963648977489920
1185963649036369922
1185963650252705792
1185963650651246592
1185963651049689091
1185963651922059266
1185963652064542720
1185963652391886850
1185963652442144768
1185963652614107137
1185963652777762817
1185963652849000448
1185963653184532480
1185963653562064896
1185963653582983168
1185963653784330240
1185963654249877504
1185963655449460741
1185963656326123520
1185963656917315584
1185963657206779904
1185963657538129920
1185963658867724289
1185963658905575424
1185963659325034498
1185963660683988995
1185963660692414464
1185963661472522240
1185963661787041793
1185963661883367424
1185963662000844800
1185963662525247488
1185963662865027072
1185963663133298693
1185963663456423936
1185963663657787393
1185963663787773952
1185963664035041280
1185963664433713153
1185963664693760002
1185963664945352705
1185963665050222593
1185963665205256192
1185963665402368000
1185963665524060161
1185963667889758215
1185963667969511425
1185963668296454145
1185963668879622145
1185963668996907008
1185963671316520961
1185963671501103106
1185963671609987072
1185963673157853185
1185963673426321408
1185963673459793920
1185963673900273664
1185963674864930817
1185963676211109889
1185963676530028545
1185963676907397120
1185963679398924291
1185963679738523649
1185963680497831936
1185963680921341952
1185963681861001216
1185963682293002241
1185963682821480448
1185963682880278529
1185963683010224129
1185963683152879617
1185963683261878272
1185963683551145984
1185963684755136512
1185963684859973632
1185963684905902080
1185963685350531072
1185963685585575938
1185963686390829058
1185963686541910016
1185963687263264768
1185963687280074752
1185963687586213888
1185963687728812032
1185963687770767360
1185963687779225600
1185963689935081472
1185963689955995648
1185963690216054786
1185963690648068096
1185963691633721345
1185963691738619910
1185963691960877058
1185963691986096128
1185963693311483904
1185963694838177792
1185963694888374273
1185963696301973505
1185963696360579072
1185963696784318464
1185963697098936320
1185963698294329345
1185963698445266949
1185963698474512384
1185963698709549056
1185963699032461312
1185963699267391488
1185963699888148480
1185963700101894149
1185963700152422401
1185963700261404672
1185963700710236161
1185963701091913730
1185963701259722752
1185963701821673472
1185963702069018624
1185963702320803843
1185963702358425600
1185963703285374976
1185963703872708609
1185963704451514369
1185963705046990849
1185963705047093250
1185963705240031233
1185963705785298946
1185963706162638848
1185963706418483200
1185963706636816385
1185963706703847424
1185963706720501760
1185963706724864000
1185963706930196481
1185963708129992704
1185963708348014592
1185963708390006785
1185963708822052869
1185963708901724162
1185963709098856448
1185963709203652608
1185963709308510210
1185963709438578695
1185963710122221568
1185963710612832257
1185963710637936641
1185963710910816257
1185963711653171200
1185963711682564097
1185963711959318530
1185963712403906561
1185963712697401344
1185963712877862918
1185963713678983168
1185963713842614277
1185963713972428803
1185963713972592642
1185963714022952960
1185963714962493440
1185963716694564865
1185963716740898817
1185963716778561536
1185963717760110592
1185963718062030848
1185963718343057408
1185963718376644608
1185963719290949634
1185963719597154304
1185963719760719872
1185963719991451649
1185963720188534784
1185963720670961665
1185963720700289024
1185963720721215490
1185963721002237952
1185963721035780103
1185963721086005249
1185963721111171072
1185963721392316418
1185963722197454848
1185963722491039744
1185963722780622848
1185963723690840065
1185963723695050753
1185963723967680513
1185963723988619265
1185963724324126722
1185963724772913152
1185963725624369152
1185963725897031681
1185963725943013377
1185963726211411969
1185963726895243266
1185963726933024768
1185963726966530054
1185963727029522432
1185963728774320129
1185963728837197825
1185963729600552962
1185963729604751361
1185963729625714690
1185963729646698506
1185963729659273217
1185963729726390274
1185963729743237120
1185963729931964418
1185963730057728000
1185963730250670081
1185963731202691072
1185963732549025793
1185963732553351168
1185963732956000256
1185963733534887937
1185963734511915009
1185963734763589632
1185963734818271235
1185963735451623424
1185963735602618374
1185963737137713154
1185963737796300802
1185963738173706240
1185963738618355713
1185963738698014720
1185963738710597633
1185963739058708481
1185963739482165248
1185963739910197249
1185963741768306689
1185963742313566208
1185963742363836416
1185963742963654656
1185963743336943616
1185963743420788737
1185963743529717760
1185963743949348864
1185963744360312835
1185963744507191296
1185963745014628355
1185963745253756928
1185963745568268288
1185963745945751558
1185963746050695168
1185963746172243969
1185963746210041857
1185963746243559424
1185963746243629056
1185963746335887360
1185963746348425216
1185963746440699910
1185963747422228480
1185963747879411713
1185963748340719619
1185963748353286146
1185963749745811456
1185963750194593793
1185963751067062273
1185963752127991808
1185963752463781888
1185963752543391744
1185963753399029760
1185963753772408834
1185963753877262336
1185963754133053440
1185963754271531008
1185963754292465664
1185963754371964928
1185963754493755393
1185963754938388480
1185963755244605441
1185963755613483008
1185963755781402625
1185963755869495298
1185963755949166598
1185963756171546625
1185963757064916995
1185963757337534471
1185963757433810946
1185963757543010304
1185963757551476738
1185963757765197827
1185963757979295744
1185963758197317633
1185963759438712838
1185963760244137984
1185963760395210752
1185963760403410945
1185963760529432576
1185963760973942785
1185963760986607616
1185963761309495299
1185963762051796992
1185963762077097984
1185963762228039680
1185963762362277888
1185963762811101184
1185963763687514112
1185963763788156933
1185963763863883779
1185963764518150151
1185963764627017729
1185963765029752832
1185963765302472705
1185963766153973760
1185963766636302337
1185963766674083840
1185963767349174272
1185963767542243328
1185963767844220928
1185963768079159301
1185963768850927616
1185963769563889665
1185963770465718272
1185963770839011328
1185963771107393536
1185963771761774592
1185963771816284160
1185963773091340293
1185963773397307392
1185963773775024129
1185963774156693511
1185963774605324288
1185963774760701955
1185963775545036801
1185963775679221761
1185963776488509440
1185963776778129415
1185963777344360448
1185963777843433473
1185963778430644225
1185963779122778112
1185963779928023041
1185963780468924421
1185963780540424194
1185963782142660609
1185963782352359425
1185963782603972609
1185963783459688449
1185963783598039040
1185963784927625219
1185963785678446593
1185963785762287616
1185963786257289216
1185963786542276608
1185963786823458826
1185963788148850688
1185963788429877248
1185963788954198016
1185963789214212096
1185963790027771904
1185963790279593986
1185963791969914881
1185963792036855808
1185963792733216769
1185963794087981059
1185963794146693122
1185963794582904833
1185963794884956161
1185963795677511680
1185963796466225152
1185963796541652993
1185963796831051776
1185963796831051782
1185963798861090818
1185963799381204992
1185963799607742464
1185963799880314880
1185963799922167808
1185963801130295296
1185963801235116033
1185963801528750081
1185963801645998080
1185963802036232192
1185963802795360256
1185963803361660928
1185963803575345154
1185963803713912833
1185963804569550851
1185963805882212352
1185963805999861761
1185963806125637633
1185963806327033858
1185963806553333760
1185963806561886210
1185963806909841409
1185963806951739392
1185963806993846277
1185963808097030148
1185963808293998592
1185963808444956673
1185963808600100865
1185963808671580161
1185963809007198208
1185963809745395712
1185963809791307778
1185963810001166338
1185963810022154241
1185963810185719809
1185963810391318541
1185963810429030400
1185963810504564736
1185963810613596161
1185963811058135040
1185963811590807553
1185963811666354177
1185963812253589504
1185963812324872193
1185963812534603776
1185963813226647553
1185963813595701259
1185963813784432645
1185963814212255744
1185963814262427649
1185963814589779969
1185963817626460164
1185963817886461953
1185963818242990080
1185963818351857664
1185963818444152832
1185963818960244738
1185963819467558913
1185963819480342529
1185963819740356614
1185963820008779776
1185963820021374981
1185963820541513728
1185963820646166528
1185963821715906561
1185963821929816070
1185963822856716288
1185963823158693888
1185963823309701121
1185963823817248769
1185963824081448960
1185963824140054529
1185963824740012032
1185963825050218496
1185963825159458816
1185963826539139080
1185963826895867904
1185963827101339648
1185963827428499457
1185963827462131717
1185963828581982214
1185963828678406150
1185963829353570305
1185963829756354560
1185963829768798209
1185963829982683136
1185963830129647616
1185963830368702469
1185963830540689408
1185963830624555008
1185963830716850176
1185963831110991872
1185963831199055872
1185963831304040455
1185963831366967296
1185963831572385792
1185963832218472448
1185963833002618880
1185963833174777856
1185963833438998531
1185963833820614657
1185963833879388164
1185963833963225088
1185963834349162497
1185963834386931712
1185963835108270080
1185963835125063681
1185963835812806656
1185963836156850176
1185963836278333440
1185963836979007489
1185963837159165954
1185963837582905355
1185963837591302145
1185963838069510144
1185963838186938368
1185963838488928256
1185963838732210177
1185963838908387331
1185963838946119685
1185963840321798145
1185963840699158528
1185963840795824130
1185963841110364161
1185963842955661312
1185963843253493760
1185963843442429958
1185963843786285057
1185963844092354560
1185963844344209409
1185963844407046144
1185963844423827462
1185963844872503296
1185963845640183809
1185963845765890053
1185963846567170049
1185963846671851520
1185963846898540545
1185963847036878854
1185963848211161088
1185963848987283458
1185963849037561856
1185963849331232768
1185963849436020737
1185963849884811264
1185963850207768576
1185963850258104320
1185963851499610114
1185963852527263744
1185963853005369344
1185963853022203904
1185963853064101889
1185963853466587136
1185963854620172289
1185963854863491074
1185963855731556353
1185963856012759041
1185963856180305922
1185963856214069248
1185963856293593089
1185963857015169025
1185963857979858948
1185963858235707392
1185963859087110144
1185963859237994496
1185963859288514561
1185963859477184512
1185963860102123520
1185963860886540289
1185963860966031360
1185963861557596160
1185963861578530816
1185963861922500609
1185963862291599360
1185963863289802752
1185963863860301824
1185963863973519362
1185963864032190465
1185963864216817664
1185963864283865088
1185963864598437890
1185963864791441408
1185963864829104134
1185963865412124678
1185963865554771968
1185963865638653952
1185963866242605056
1185963866301202436
1185963866318090240
1185963866330714113
1185963866435526659
1185963866620137472
1185963867165343749
1185963867396038656
1185963867471568897
1185963867853049856
1185963867991691271
1185963868046147584
1185963868474007552
1185963869057048577
1185963869317091328
1185963870344679425
1185963872143826945
1185963872378900480
1185963872580259840
1185963872735371265
1185963872882085888
1185963872978640897
1185963873175658499
1185963873255526401
1185963873268051969
1185963873771360256
1185963874224394240
1185963874379583488
1185963874782273542
1185963875100958720
1185963875285524480
1185963875381977089
1185963876174782466
1185963877189570560
1185963877265297410
1185963877273464837
1185963877751754754
1185963877932109824
1185963878460596224
1185963878485778432
1185963878578044933
1185963879144345601
1185963879324512256
1185963879702171649
1185963879706198017
1185963879769219072
1185963880868175873
1185963881656700928
1185963883057631235
1185963883162472448
1185963883262926848
1185963883305062401
1185963883518758912
1185963883707551744
1185963883921625088
1185963883942600705
1185963885347721223
1185963885620289538
1185963885704208385
1185963885850791936
1185963886169620480
1185963886790529024
1185963886945751052
1185963887897694210
1185963888241795077
1185963888883441665
