1185949797078859777
1185949798588915718
1185949799436242944
1185949800308625410
1185949800673492993
1185949800925220869
1185949802649018368
1185949802720309248
1185949804620386306
1185949805106860035
1185949805870305281
1185949806927200256
1185949806969135104
1185949807002685441
1185949807019347974
1185949807388647424
1185949807413739521
1185949807451480072
1185949808315551744
1185949808965632000
1185949809150189568
1185949810060337152
1185949811922608131
1185949812824444930
1185949812912357376
1185949813277417474
1185949813348716549
1185949813357121537
1185949813432606720
1185949813453529088
1185949813482967040
1185949813487079425
1185949813663076352
1185949813717815296
1185949814741196801
1185949815601057793
1185949816876089344
1185949816905486337
1185949817018695683
1185949817077415937
1185949817970679808
1185949820210597888
1185949821695344640
1185949821904928768
1185949821963767809
1185949822601383938
1185949823377256454
1185949823511515137
1185949823607955464
1185949826002767872
1185949827206656001
1185949828553084929
1185949828771131392
1185949829337239552
1185949832445382658
1185949832919298048
1185949833565233152
1185949833695240192
1185949834571857920
1185949834861260802
1185949835020640257
1185949837021368321
1185949837096828928
1185949837960929280
1185949838841655297
1185949839286132736
1185949839542145025
1185949840326438912
1185949840389242880
1185949840842338305
1185949842830516225
1185949842939564033
1185949843237285889
1185949844923408384
1185949845237817345
1185949845296680960
1185949845464453120
1185949845690994689
1185949846638878720
1185949847804960774
1185949849704914951
1185949850132795393
1185949850791079936
1185949851097415682
1185949852057899008
1185949852263473152
1185949852829732865
1185949853882486786
1185949853920235520
1185949854624706561
1185949855492894720
1185949855891574790
1185949855967002624
1185949856348672006
1185949856826826752
1185949857216778241
1185949857275695104
1185949858189991937
1185949859192430592
1185949860127760386
1185949860429811712
1185949860727525377
1185949861579018241
1185949861952315392
1185949862266884098
1185949863105708032
1185949866255622144
1185949867656523785
1185949868000460800
1185949868763815936
1185949869434908678
1185949870085066753
1185949871456555009
1185949871997456384
1185949872408674304
1185949872698073094
1185949873117507585
1185949873180299264
1185949873381744640
1185949873402777602
1185949873666961412
1185949874111553537
1185949874379988992
1185949874589618176
1185949875634089988
1185949875650711552
1185949875780780032
1185949876493967360
1185949876565237760
1185949877236371456
1185949877311807488
1185949878402387969
1185949879341846530
1185949880226856960
1185949882974121984
1185949883448070144
1185949884295327748
1185949884693778435
1185949885151023104
1185949885834641413
1185949887302639618
1185949888598593536
1185949889013964804
1185949890440024065
1185949890846875653
1185949890964275200
1185949891467665408
1185949891689885699
1185949893011087360
1185949893065621504
1185949895842291712
1185949896643432453
1185949896937033729
1185949897847181312
1185949899164016642
1185949899344494592
1185949900820885506
1185949902595133442
1185949903845023744
1185949904243433472
1185949904738361344
1185949905363202050
1185949906063765509
1185949906294444032
1185949906810363904
1185949906898509829
1185949908240654338
1185949908244815873
1185949909352177664
1185949910056652800
1185949910136438785
1185949910404915200
1185949911138865154
1185949911688384512
1185949911839232005
1185949911964999681
1185949912107753473
1185949912111833088
1185949912552263680
1185949914192384000
1185949915245170688
1185949915547099138
1185949916042014720
1185949917388460032
1185949917459763200
1185949919074553857
1185949920672378880
1185949920932569088
1185949921003786240
1185949921003950081
1185949921016537088
1185949921972838400
1185949923042353153
1185949925709926400
1185949926292738049
1185949927089885184
1185949927333093376
1185949928301842437
1185949928989908992
1185949930831134721
1185949931732979714
1185949932118822914
1185949932328341504
1185949932936728577
1185949933402312706
1185949933855301634
1185949934996074496
1185949935008661504
1185949935772016641
1185949937563045888
1185949938221572097
1185949939186229248
1185949941698576385
1185949941740560384
1185949942004834304
1185949942323527682
1185949943040638978
1185949943099473923
1185949944311668736
1185949945150480385
1185949945360052225
1185949946257854465
1185949946417209344
1185949946593337350
1185949946668650496
1185949947298009088
1185949947302154240
1185949947520307200
1185949948258508806
1185949948371562496
1185949948652740609
1185949948782661634
1185949949441261568
1185949950091448320
1185949950548566016
1185949952004034560
1185949952062550016
1185949953715245062
1185949954122113025
1185949954931675137
1185949955128774656
1185949955308933122
1185949955418136577
1185949955598553090
1185949956823232513
1185949957544730625
1185949958463283200
1185949959134367752
1185949959180431366
1185949960384253953
1185949960686227456
1185949960971272194
1185949961017581569
1185949961143377920
1185949962259091457
1185949962527531010
1185949963932618752
1185949965023141890
1185949965123801088
1185949965341921282
1185949965526491137
1185949966596038658
1185949967338364928
1185949967711723520
1185949968369995781
1185949968370163712
1185949968407785472
1185949968827215873
1185949968915255296
1185949969146142720
1185949969842348032
1185949969951416322
1185949969955643393
1185949970127454208
1185949970689593346
1185949972954517504
1185949973495480320
1185949973545922560
1185949973768265728
1185949974384783365
1185949974623854592
1185949974816788480
1185949974984646656
1185949975601205248
1185949975861182464
1185949976473546753
1185949977169805312
1185949977400397824
1185949978109382656
1185949978319040512
1185949978579079168
1185949978654588928
1185949978931449857
1185949979115970561
1185949980839813120
1185949981380894721
1185949982513389569
1185949984551788546
1185949985344503808
1185949985680044034
1185949986120327168
1185949986388758528
1185949986443448325
1185949987340980224
1185949987471011840
1185949988737769472
1185949989178138627
1185949989421420549
1185949989563981824
1185949989589139456
1185949990033772544
1185949991325569024
1185949991581442049
1185949991707336714
1185949991753453568
1185949992101351424
1185949992806170625
1185949992860688389
1185949993800216576
1185949993884176384
1185949993926041605
1185949994093813761
1185949994144206848
1185949994437754885
1185949996677582848
1185949996966989825
1185949997709312000
1185949997755326465
1185949998157971456
1185949998254448641
1185949998942433280
1185949999080849409
1185949999152205825
1185949999395307526
1185950001492647936
1185950001865859072
1185950002302128128
1185950004655132673
1185950004843663360
1185950005347127297
1185950005464580097
1185950005556862981
1185950006160703488
1185950006219628546
1185950007100354560
1185950007704338432
1185950008325087238
1185950008337719296
1185950008555773953
1185950008782315520
1185950008891314178
1185950009168224256
1185950009306558465
1185950009533054976
1185950009633705984
1185950010275500032
1185950010409734145
1185950011458277376
1185950011479199744
1185950012108263424
1185950012200706048
1185950012821426176
1185950013731549189
1185950013828091904
1185950013987479552
1185950014176145408
1185950014465552384
1185950014830530560
1185950014922809344
1185950015291887617
1185950015665127425
1185950016344489984
1185950016667566081
1185950017082839042
1185950017166761990
1185950017401577472
1185950017426808833
1185950018731237377
1185950019192578049
1185950019523940354
1185950019540738049
1185950020383715328
1185950021516169216
1185950021600120832
1185950022107578369
1185950022480912384
1185950022678003719
1185950022715744257
1185950023638487041
1185950024389353477
1185950024452263937
1185950024607420420
1185950025467203584
1185950026008276994
1185950026499022850
1185950027300122636
1185950027476279299
1185950027711176705
1185950029225160704
1185950030957465600
1185950031188283397
1185950031829880832
1185950031880306688
1185950033142845441
1185950034535292928
1185950034933768192
1185950035382558720
1185950035973795840
1185950036028358657
1185950037039353857
1185950037978898432
1185950038201131010
1185950038662533120
1185950038863704064
1185950039463682048
1185950039786622976
1185950041418190848
1185950042017976320
1185950042357751815
1185950044253499393
1185950044966535169
1185950045322874880
1185950045457276928
1185950045608271872
1185950046145122305
1185950046237446146
1185950046803628032
1185950047617404928
1185950048397529088
1185950048422629379
1185950049194385408
1185950049823526912
1185950050159120384
1185950051736182788
1185950052155609088
1185950052407230465
1185950053111947264
1185950053892067328
1185950054030479360
1185950056127631362
1185950056337281024
1185950057557827584
1185950059659190272
1185950060036661249
1185950060384837634
1185950061718573057
1185950063887081472
1185950064499449856
1185950065770323976
1185950065879158784
1185950065916989444
1185950066776952832
1185950067104112640
1185950068693786625
1185950068781641730
1185950068811153409
1185950069914251264
1185950070132183041
1185950070388207617
1185950071470338053
1185950071679934464
1185950073546530817
1185950074490228740
1185950074758684672
1185950074981011456
1185950075505250305
1185950076385906688
1185950076658692097
1185950076704841728
1185950077195448320
1185950077258321922
1185950077770240000
1185950078747529216
1185950079074689025
1185950079816994818
1185950080072929280
1185950080827842560
1185950081469616132
1185950081524125697
1185950081847087104
1185950082509803520
1185950082992082945
1185950083478675462
1185950084342534144
1185950084581810176
1185950085294837761
1185950087823933440
1185950088725778434
1185950089010995200
1185950089338146817
1185950089694588928
1185950089782665218
1185950089895911427
1185950090168426496
1185950090269282304
1185950090336362498
1185950090466418688
1185950091212939270
1185950091795845120
1185950094417448961
1185950095050600449
1185950095260430337
1185950095751053313
1185950096745259010
1185950098288566272
1185950098645311488
1185950098708140034
1185950102113968128
1185950102327660545
1185950102424174592
1185950103271624706
1185950103309176832
1185950103795896321
1185950104693497857
1185950104743825408
1185950104772988928
1185950105289011200
1185950105695854596
1185950106735874048
1185950107339853832
1185950107562381312
1185950107973378048
1185950108057251840
1185950108803682304
1185950109328183297
1185950111358214150
1185950111605637123
1185950111630876678
1185950112025063424
1185950112708734977
1185950113023307777
1185950114231341056
1185950115099488257
1185950115233783813
1185950115485212672
1185950115695075330
1185950116886302720
1185950118761127937
1185950118954131456
1185950119201513472
1185950119583076352
1185950120359219200
1185950121340657665
1185950121474834434
1185950122141634560
1185950122351517697
1185950122515017728
1185950122657472512
1185950123106471936
1185950123144204288
1185950124226351104
1185950124784193536
1185950124909854721
1185950125685915649
1185950125782372352
1185950125799231490
1185950125828591616
1185950125904007168
1185950125916643328
1185950125925060609
1185950127552434178
1185950128315736069
1185950128458387456
1185950128739364864
1185950128772997123
1185950128886177794
1185950129288859648
1185950129301401605
1185950129624244224
1185950129993465856
1185950130744094721
1185950131927027712
1185950132208054272
1185950132765892608
1185950132946309122
1185950132988198912
1185950133126610945
1185950133957074945
1185950134460248064
1185950137098604544
1185950138201772035
1185950140441468930
1185950140470743040
1185950140890304513
1185950141410369537
1185950141456343042
1185950142194540544
1185950142438006784
1185950142924390400
1185950142958133254
1185950143503314944
1185950143935180800
1185950144325390337
1185950144434278405
1185950145323720704
1185950146778939392
1185950147949322241
1185950148452442112
1185950148733603845
1185950149249503238
1185950150222417920
1185950153267732480
1185950153934622722
1185950154525941760
1185950154924482561
1185950155465474048
1185950156027502600
1185950156463788032
1185950157671686144
1185950158183391233
1185950158858739714
1185950159001346048
1185950159852789760
1185950160603533312
1185950162239266816
1185950162574872578
1185950162801184768
1185950163069595649
1185950165049446400
1185950165225689090
1185950165540016133
1185950168522350593
1185950169679970306
1185950169768058881
1185950169789063169
1185950169864593415
1185950169923313664
1185950169990422528
1185950170640539648
1185950170804097024
1185950171638763523
1185950171756204032
1185950171835834369
1185950172079149056
1185950172481646599
1185950172754395136
1185950174071447552
1185950174193094657
1185950175606575104
1185950176038576128
1185950176374149120
1185950176990638080
1185950179179937803
1185950181218373632
1185950181541535744
1185950182682300416
1185950183172927488
1185950183173046278
1185950183835815936
1185950185236697088
1185950186742398977
1185950186801119232
1185950186880802817
1185950187564519425
1185950189670019077
1185950189917368320
1185950189976244224
1185950190991269889
1185950191314178053
1185950192425680896
1185950192555757568
1185950193612742657
1185950194099277825
1185950195860803592
1185950196351549440
1185950196502597632
1185950197609881607
1185950198058618880
1185950198067015682
1185950198633291776
1185950198943502337
1185950198952091648
1185950199161618432
1185950199773974528
1185950200021602304
1185950200088715264
1185950200160014337
1185950200189378567
1185950200197726214
1185950200269066240
1185950200273264649
1185950200327749632
1185950200415678464
1185950200449384449
1185950200516481024
1185950203943276544
1185950204996079616
1185950205121847296
1185950205440598017
1185950205872443393
1185950206199623682
1185950206745026563
1185950207227375617
1185950207453925378
1185950207726542855
1185950208330534912
1185950208905089031
1185950210259849217
1185950210754785280
1185950212034088962
1185950212113780736
1185950212428353536
1185950213296525314
1185950213539799040
1185950216798851072
1185950217012727808
1185950217029464065
1185950217142558720
1185950217452998657
1185950218547691520
1185950218631692289
1185950219378352134
1185950219692843008
1185950219722203138
1185950219889991680
1185950221718753281
1185950221928452102
1185950222268153856
1185950222998032385
1185950223954333696
1185950224260440071
1185950224604454912
1185950227209117698
1185950228735643648
1185950229385940993
1185950229759029251
1185950230040039429
1185950230203658241
1185950233005608967
1185950233483628544
1185950234024783874
1185950235287347200
1185950235480252424
1185950236293914624
1185950236608487429
1185950237451522049
1185950238571454464
1185950238613241856
1185950239083192323
1185950240479821825
1185950241293512705
1185950241725566976
1185950242413273090
1185950242522484744
1185950242639925248
1185950242841268224
1185950242941878273
1185950243440992256
1185950243533316096
1185950243751374848
1185950244548333571
1185950245097820161
1185950245798207488
1185950246523654144
1185950247358521344
1185950247970840576
1185950248054743041
1185950248197218304
1185950248440602625
1185950248675491842
1185950248855842816
1185950249841561601
1185950250248364033
1185950251422760961
1185950251582140416
1185950252303552514
1185950253670944768
1185950253838548992
1185950254182461440
1185950254551764994
1185950255512195077
1185950255906541568
1185950258121105412
1185950258628628481
1185950260625055745
1185950262520926215
1185950262801747968
1185950263074537480
1185950264181825537
1185950264207052800
1185950264257155077
1185950265398177793
1185950266543267841
1185950267549859841
1185950267596050434
1185950268392968193
1185950268804026370
1185950269760299011
1185950270045511682
1185950270469165057
1185950270892716032
1185950271584665600
1185950272452907008
1185950273895911425
1185950273992302593
1185950274415976448
1185950274428506116
1185950274743128064
1185950275242266625
1185950276164956160
1185950276290797568
1185950276500496385
1185950277335162886
1185950277574287360
1185950278798983174
1185950279491117056
1185950280254414848
1185950281260883969
1185950282246742016
1185950282385100800
1185950282615873537
1185950282758479874
1185950282779414528
1185950284251648000
1185950284503273474
1185950285040115712
1185950285237231616
1185950285665112064
1185950285681827840
1185950285715378176
1185950285765763072
1185950285916790784
1185950286847840259
1185950286948552704
1185950287644839936
1185950289947430914
1185950289972604933
1185950290031382531
1185950290123591681
1185950290811465731
1185950291801325568
1185950291834880000
1185950291998511111
1185950292069584897
1185950293168721921
1185950295362166784
1185950295681097728
1185950296029224960
1185950296301654019
1185950297518235650
1185950298126409728
1185950298675798018
1185950298826661888
1185950298944262144
1185950299015565312
1185950299116187649
1185950299275415552
1185950299560787968
