1185963889432895490
1185963889634238464
1185963889734893568
1185963891328798721
1185963891685285890
1185963891995623425
1185963892004020229
1185963892318658560
1185963892335431680
1185963892394078208
1185963892813508610
1185963893077790728
1185963894210224128
1185963894726156288
1185963895149809665
1185963895925686274
1185963895967666178
1185963895980253187
1185963896026337281
1185963896047308800
1185963896710017024
1185963898236788736
1185963898626723840
1185963898853347328
1185963899482529795
1185963900031815680
1185963900111593472
1185963900178554881
1185963901176840193
1185963901902569473
1185963902024245248
1185963902170845184
1185963902229721092
1185963903152525313
1185963903177625601
1185963903232045056
1185963903358001154
1185963904406642688
1185963904951697409
1185963905459339267
1185963906335834112
1185963907254501377
1185963908445683712
1185963908609331200
1185963909271830530
1185963909540220929
1185963909586534410
1185963909758537741
1185963909829840896
1185963911151001600
1185963911461396483
1185963911989866496
1185963912233181193
1185963912287666177
1185963913659199488
1185963914464550912
1185963914481135616
1185963914774925314
1185963915819278343
1185963916070834176
1185963916309852160
1185963916356194304
1185963916934963203
1185963917094330368
1185963917098569729
1185963917618511873
1185963917945774088
1185963917983604738
1185963918365208577
1185963918570729473
1185963918797262859
1185963918943907840
1185963919246004225
1185963919640150017
1185963919644516353
1185963920592424960
1185963920726642690
1185963920814723073
1185963921036853248
1185963921380790272
1185963921816969216
1185963921833955335
1185963922186276864
1185963922781851648
1185963922781855750
1185963922978988033
1185963923142578177
1185963923150983169
1185963923222216704
1185963923431985152
1185963923503304704
1185963924170035202
1185963924413468678
1185963925558292480
1185963925948522497
1185963926929989633
1185963927663853569
1185963927722745856
1185963927823405056
1185963928167342080
1185963928850968581
1185963929438171136
1185963930704760833
1185963931006685187
1185963931107348480
1185963931224944641
1185963931321405441
1185963931321487360
1185963931564695552
1185963931761811457
1185963932349018115
1185963932424507400
1185963933447983109
1185963933460336640
1185963933670297601
1185963933846441984
1185963934244921345
1185963934551072768
1185963934584586241
1185963935268257792
1185963935293476864
1185963935335407616
1185963935498850305
1185963935985524736
1185963936262377472
1185963936384012288
1185963936950214659
1185963937126371329
1185963938099408904
1185963938216841218
1185963938464165888
1185963938661322752
1185963938908901381
1185963939668078594
1185963939860905986
1185963940410548229
1185963940431446016
1185963940641038336
1185963941056393216
1185963941509287936
1185963941920497666
1185963942042054656
1185963942377611264
1185963942901960704
1185963943409401858
1185963943539249158
1185963943644291078
1185963944071987200
1185963944382357505
1185963944491380736
1185963944680267778
1185963944940322816
1185963945020022786
1185963945645002752
1185963946085363718
1185963946911719425
1185963947142402049
1185963947809267712
1185963948161585152
1185963949017026561
1185963949205938187
1185963949264646144
1185963949617041409
1185963949801517056
1185963950250348545
1185963950493577216
1185963951101755392
1185963952200507392
1185963952498499585
1185963952762773506
1185963952955711492
1185963953073115138
1185963953140260864
1185963953941184512
1185963954029449217
1185963954041958410
1185963954432032768
1185963954755067905
1185963955027447808
1185963955174424577
1185963955207987200
1185963955463819270
1185963955887341568
1185963956097163264
1185963956600541185
1185963956747276291
1185963957250674689
1185963957346959360
1185963957523288064
1185963957875625984
1185963958152417282
1185963958336929792
1185963958412427266
1185963958425001984
1185963958433406982
1185963959343616007
1185963959645433856
1185963960023109633
1185963960429957121
1185963960551530496
1185963960585076738
1185963962665443329
1185963963474993153
1185963964099780609
1185963964422864899
1185963965484077056
1185963965953634305
1185963966171942914
1185963966339731457
1185963966612283394
1185963966662471681
1185963966943629313
1185963966952038401
1185963967715434496
1185963968004792321
1185963968050925569
1185963968080289795
1185963968759783425
1185963969959415811
1185963970592563202
1185963971335086082
1185963971649642500
1185963971708379138
1185963971830059009
1185963971855208448
1185963972463333377
1185963972853407745
1185963973088296964
1185963973457448960
1185963974187110400
1185963974472470529
1185963974535200768
1185963974749081601
1185963975126736896
1185963975130996737
1185963975206289409
1185963975214862336
1185963975600738305
1185963975726510082
1185963975776845825
1185963975864967174
1185963975911055361
1185963976464781318
1185963976896765952
1185963977110511618
1185963977278459904
1185963977320226817
1185963977383305217
1185963978213736448
1185963978335440897
1185963978494742530
1185963979442663424
1185963979954446336
1185963980310757376
1185963980583514112
1185963981145591814
1185963981225242625
1185963981854461952
1185963983066431488
1185963984203255808
1185963984219975686
1185963984312242177
1185963984664616963
1185963985063026690
1185963985897771008
1185963987013394434
1185963987168419840
1185963987642527744
1185963987722219523
1185963988015898625
1185963988099780608
1185963988107976704
1185963988758216704
1185963989047697411
1185963989706121216
1185963990066831360
1185963990314291201
1185963990498906118
1185963990666448896
1185963990691782658
1185963990737772544
1185963991123677184
1185963991140577280
1185963991778111488
1185963992033837056
1185963992348610560
1185963992537321476
1185963992801533955
1185963992923152385
1185963993829130240
1185963994743525377
1185963996093894656
1185963996177940487
1185963996245090304
1185963997188648960
1185963997251674114
1185963997251678210
1185963997755052034
1185963997926957057
1185963998405115904
1185963998430273536
1185963998711341061
1185963999202103296
1185963999474655234
1185964000007180288
1185964000011571200
1185964000648945664
1185964001177620480
1185964001190010880
1185964001307561986
1185964001982865408
1185964002372980736
1185964003807416321
1185964005011181568
1185964005275394049
1185964005426372609
1185964005652873219
1185964006340608000
1185964006529482754
1185964006860906496
1185964007498375169
1185964007649267717
1185964008068632576
1185964008286892034
1185964008559525888
1185964008643481600
1185964010065354752
1185964010501476355
1185964010832846848
1185964010887270400
1185964010975481857
1185964011592044549
1185964011654770689
1185964012036591617
1185964012602834945
1185964014230048768
1185964014435815426
1185964014645530626
1185964015194968066
1185964016012652544
1185964016381972480
1185964016402927617
1185964017254305792
1185964017665396740
1185964017808003072
1185964017917009920
1185964018009366533
1185964018445488138
1185964018529374208
1185964020026826752
1185964020139839488
1185964020362350598
1185964020894961664
1185964021066928135
1185964021192822785
1185964021301821440
1185964021557743617
1185964022459457537
1185964023424126980
1185964023927525381
1185964024493740033
1185964024795729921
1185964025135489026
1185964025445847040
1185964027014504449
1185964027182227457
1185964028440600577
1185964028536983552
1185964028616675328
1185964029405270018
1185964029816250370
1185964030013378561
1185964031007514624
1185964031061958656
1185964031812784128
1185964034253885441
1185964034534850563
1185964034622779392
1185964036082585600
1185964038724997120
1185964039635132416
1185964039735840769
1185964040218140672
1185964041098944512
1185964041266782211
1185964041501458432
1185964041812021249
1185964042818592768
1185964043271585796
1185964044232155138
1185964044265705473
1185964044764811265
1185964045012221952
1185964045725306881
1185964045989486596
1185964045993725953
1185964046136336387
1185964046564102144
1185964046908035077
1185964047352713216
1185964047507718145
1185964047671406595
1185964048120082433
1185964048355155968
1185964049613197312
1185964049923739648
1185964050435444736
1185964050875703296
1185964051341426689
1185964051542790144
1185964052436180992
1185964052817858560
1185964053056720896
1185964053593776128
1185964053623136256
1185964054600409089
1185964055858688000
1185964056546598912
1185964056714235904
1185964056966041600
1185964057964220422
1185964058148818944
1185964058249498625
1185964058316627969
1185964058622734336
1185964059604213760
1185964059608436736
1185964059759390720
1185964060455702531
1185964060531200001
1185964061139202049
1185964061827239938
1185964061873201152
1185964061902757890
1185964062066302977
1185964063127490563
1185964063139999745
1185964064125489153
1185964064247336961
1185964065748869122
1185964067137216512
1185964068143816705
1185964068240314369
1185964068336746496
1185964069238575105
1185964069376925696
1185964069490171904
1185964069972578307
1185964070408740864
1185964070509383683
1185964071105056775
1185964071784288256
1185964072409407488
1185964072522567680
1185964072648486913
1185964073957101568
1185964074011648003
1185964074141536256
1185964074183647234
1185964074460422147
1185964076373024769
1185964076612149249
1185964077136392192
1185964077744418816
1185964078390534147
1185964079648854017
1185964080043118593
1185964081007792128
1185964081993273344
1185964082056388608
1185964083146682368
1185964083205541896
1185964083373363200
1185964084484694016
1185964085151719425
1185964085705351169
1185964085776736263
1185964085848002560
1185964086175121408
1185964086774775808
1185964086833635328
1185964087064383488
1185964087240466432
1185964087303458816
1185964087404089345
1185964087810908161
1185964089274707968
1185964089278894080
1185964089937399810
1185964090050646016
1185964090084200449
1185964090285527040
1185964090293772291
1185964090725949440
1185964090834984960
1185964091040509952
1185964091216715778
1185964091736776704
1185964091736842240
1185964091770392576
1185964092189761536
1185964092194000898
1185964092386955269
1185964092403703808
1185964093087334400
1185964093217431554
1185964093242511361
1185964093343260674
1185964093590491137
1185964094676824064
1185964095062843393
1185964097130643457
1185964097717723137
1185964098351067147
1185964099869532161
1185964099974381574
1185964100121169920
1185964100657922048
1185964100918169600
1185964101815554048
1185964102356787200
1185964103405318145
1185964103506038784
1185964103925456896
1185964104219013126
1185964104760152064
1185964106463039488
1185964106911760384
1185964107050246147
1185964107582889984
1185964107889020928
1185964107918241792
1185964108954378240
1185964109063430145
1185964109306748929
1185964109596168192
1185964109877125123
1185964110544027649
1185964110665535488
1185964110892146688
1185964111965970432
1185964112112734210
1185964112288854016
1185964112397897735
1185964112808800258
1185964113287143424
1185964113446559744
1185964113782026241
1185964113945681921
1185964114893529088
1185964115040206848
1185964115577245698
1185964115870793728
1185964115875061761
1185964116243959808
1185964116579672064
1185964116810158081
1185964116890050563
1185964116990709761
1185964117846302720
1185964118219485185
1185964118953615367
1185964119154929664
1185964119918170113
1185964120115470337
1185964121331658753
1185964123814793217
1185964123886182400
1185964124318130181
1185964124586627073
1185964125282881537
1185964125328957441
1185964125643575296
1185964125853077504
1185964126285258753
1185964126453030912
1185964126855716864
1185964127837130754
1185964130173423636
1185964130433417220
1185964130974470144
1185964131012218880
1185964131024805888
1185964131075198976
1185964131096125441
1185964131112964096
1185964131221815296
1185964131620392961
1185964131742081026
1185964131956023297
1185964132190838784
1185964133008760832
1185964133558226948
1185964135541903360
1185964136129318913
1185964136636862465
1185964137404391425
1185964139044364289
1185964139174400000
1185964139471966208
1185964140009000960
1185964140050997255
1185964140982145025
1185964141808410625
1185964142022352896
1185964142605328384
1185964142848552961
1185964142898941952
1185964143800737793
1185964145029648385
1185964145822326784
1185964146111766528
1185964146355036160
1185964146984214528
1185964148229849088
1185964148472958976
1185964149785931778
1185964149899177984
1185964150700331011
1185964151266394112
1185964152080097280
1185964152449314818
1185964152629661697
1185964153225265152
1185964153829314568
1185964154965909505
1185964155284738048
1185964155448287234
1185964155586531329
1185964155590889474
1185964155641221120
1185964155674738688
1185964155812999168
1185964156383563777
1185964156408778756
1185964157079830528
1185964158061293568
1185964159785226240
1185964160229752832
1185964160464670720
1185964160972017664
1185964161051836416
1185964161068650496
1185964161269936129
1185964161374834689
1185964161659998208
1185964161794220033
1185964162108624896
1185964162641358850
1185964162674876416
1185964162834452480
1185964162939097088
1185964162960252929
1185964163010613255
1185964163660693507
1185964163732070402
1185964163782320128
1185964164063338496
1185964164793192450
1185964164994482179
1185964165103534080
1185964165497798659
1185964165686611969
1185964166290575360
1185964167032950785
1185964167326515209
1185964168047988736
1185964168798789634
1185964168991649794
1185964169037832193
1185964169767596037
1185964170086273026
1185964172569243649
1185964172619763713
1185964172787568642
1185964173387276289
1185964174037454850
1185964174259585024
1185964174897242112
1185964175043883008
1185964175107002368
1185964175119601664
1185964176029687815
1185964176059097088
1185964176147128323
1185964178458234880
1185964178588258304
1185964178822950914
1185964179452096512
1185964180052041730
1185964180773294082
1185964180895129600
1185964181578760192
1185964181792661505
1185964181973094401
1185964182115672065
1185964182279200769
1185964182522466306
1185964183092789249
1185964183185231873
1185964183231307781
1185964185076846593
1185964185676595201
1185964185936683013
1185964186137853953
1185964186339364866
1185964186779693062
1185964187241062401
1185964187438071808
1185964187475951617
1185964189254184960
1185964189493411840
1185964189686173696
1185964190709768193
1185964190852243456
1185964190982459392
1185964191691214848
1185964191972241414
1185964192366501889
1185964192593010688
1185964192613851136
1185964193121521664
1185964193373212673
1185964193373216768
1185964193561927686
1185964194346070016
1185964194769920000
1185964194874544128
1185964195625492480
1185964195659091968
1185964195734589440
1185964196246310914
1185964196850257921
1185964197949128707
1185964198246912001
1185964199987597312
1185964200243453953
1185964200956481537
1185964201438797824
1185964201514278912
1185964201539506176
1185964201866485760
1185964202214559744
1185964203594715137
1185964203682816003
1185964203825356800
1185964204035072000
1185964204244656131
1185964204248969217
1185964204374683648
1185964206115430400
1185964206329339905
1185964207008706560
1185964207117864960
1185964207751217154
1185964207919026181
1185964208300548096
1185964208510427136
1185964208883732480
1185964209198325760
1185964209378648064
1185964209454104577
1185964209865138183
1185964211307982851
1185964211312222208
1185964212742512641
1185964213304549380
1185964213505687552
1185964215200354304
1185964215540047872
1185964215938539521
1185964216127283200
1185964216710242304
1185964217205252097
1185964217817554945
1185964218958405632
1185964219440795649
1185964219465756672
1185964219721768961
1185964220552077314
1185964220707430400
1185964221491752960
1185964223412625408
1185964224834457600
1185964226390585344
1185964226659139584
1185964226763984896
1185964226940194816
1185964227082756097
1185964227229560832
1185964227934281734
1185964228018081795
1185964229867630592
1185964229955936256
1185964230731796480
1185964230828347393
1185964231352565765
1185964231704940544
1185964231922864131
1185964232392744960
1185964233227243520
1185964233688801281
1185964234422796288
1185964235169456129
1185964237455314951
1185964237648207876
1185964238906576896
1185964239049121794
1185964239434997761
1185964240256946176
1185964240445870082
1185964240785625089
1185964241234415619
1185964241284751360
1185964241385328642
1185964241930653699
1185964242232582144
1185964242345910272
1185964242974859264
1185964243893530628
1185964244501704704
1185964244816166913
1185964245147512832
1185964245298700289
1185964245466275840
1185964245709656067
1185964245961318405
1185964246099738629
1185964246640840704
1185964246691127296
1185964246745653250
1185964247169282049
1185964247370665984
1185964247400026112
1185964247798337537
1185964248217915400
1185964248897376257
1185964249581010944
1185964249748852736
1185964250327478272
1185964250533126148
1185964250642223104
1185964252353499136
1185964252387053570
1185964252479311872
1185964252542181377
1185964253372702725
1185964253943087104
1185964254253453318
1185964256581312512
1185964256988147715
1185964257176895489
1185964257202053120
1185964257348857857
1185964257378258944
1185964257420201984
1185964259068534784
1185964259148255236
1185964259206787072
1185964260125528064
1185964261127970816
1185964261740146689
1185964262298210307
1185964263245938689
1185964263573245954
1185964265037094912
1185964265661964291
1185964266999779328
1185964267608006656
1185964268610555904
1185964269340450817
1185964270149885957
1185964270594514944
1185964270611120128
1185964270837784577
1185964271903088643
1185964272477716480
1185964273341734912
1185964273358368768
1185964273568235520
1185964274692308998
1185964274797158401
1185964276399378432
1185964276504317952
1185964276508516353
1185964276571344896
1185964277141770247
1185964277347188736
1185964277578043394
1185964277737242624
1185964278077112320
1185964279066959873
1185964279335477250
1185964279679373313
1185964279754874882
1185964279847116807
1185964280778297345
1185964280862130176
1185964280954458112
1185964281319157760
1185964281868816384
1185964282850070529
1185964283005407232
1185964283319840768
1185964283517194240
1185964283773030405
1185964284167237637
1185964285031141379
1185964285626929154
1185964285664645120
1185964286121861120
1185964286545485825
1185964287283662848
1185964288332226566
1185964289431130113
1185964290907312128
1185964290915762176
1185964291096240128
1185964291675119617
1185964291930894336
1185964292128022529
1185964292765413376
1185964293164032002
1185964293541552129
1185964293562474496
1185964293990338563
1185964294367797248
1185964294397149184
1185964294732746752
1185964294866948096
1185964295659642881
1185964295890391046
1185964296326524928
1185964296729174018
1185964297190436864
1185964298201370624
1185964299061207040
1185964299774242816
1185964299812003840
1185964300285943816
1185964300344668160
1185964300936065027
1185964301032361984
1185964301393121280
1185964301640699904
1185964302395564033
1185964302488014848
1185964305021202432
1185964305788915715
1185964305889533953
1185964305893724161
1185964305893777411
1185964305910505472
1185964305910566914
1185964306011250694
1185964306032017409
1185964306627813377
1185964306971742208
1185964307479179264
1185964307743420416
1185964308183818246
1185964308586364929
1185964308699799552
1185964309261635585
1185964309362421760
1185964309400162304
1185964309404368902
1185964310377320449
1185964310486568961
1185964310847217664
1185964311652585472
1185964311824470017
1185964311996518405
1185964312168484868
1185964312269115393
1185964313049219073
1185964313091203072
1185964313984557057
1185964314794037248
1185964315649757185
1185964316400476161
1185964316937412608
1185964317260374016
1185964317314895872
1185964317394518016
1185964317491023872
1185964319592402945
1185964320972300295
1185964321031032832
1185964321123291136
1185964321177821189
1185964321223970817
1185964321328828419
1185964321366372352
1185964322243141632
1185964322842914818
1185964323451101184
1185964323945893892
1185964325053161473
1185964325116219393
1185964325195915266
1185964325376352256
1185964326416461825
1185964329423777795
1185964329901932544
1185964330271084545
1185964330451394560
1185964331252568064
1185964331269283847
1185964331487379461
1185964331944546304
1185964332045217793
1185964332108136449
1185964332196212736
1185964332221452290
1185964333127405569
1185964333701840896
1185964333983059968
1185964334201085957
1185964334318534656
1185964334398234624
1185964334666670083
1185964335409094666
1185964335476236288
1185964335576862722
1185964335782420485
1185964336272953344
1185964336939970564
1185964337476898817
1185964338466742273
1185964338621931522
1185964339603353602
1185964339729227783
1185964339938938881
1185964340677099520
1185964340857442306
1185964340916183041
1185964342883303430
1185964343051071488
1185964343575351297
1185964343860568064
1185964344019828736
1185964344267460613
1185964344317636608
1185964344875597824
1185964345173401600
1185964345366339587
1185964345647341569
1185964346658172928
1185964347199250437
1185964347555831808
1185964348566585345
1185964348629553152
1185964348713263104
1185964348876804096
1185964348881149952
1185964349036335104
1185964349044809731
1185964350235742208
1185964350370172929
1185964351095599104
1185964351661977600
1185964352211427328
1185964352618352641
1185964352785940480
1185964353192976384
1185964353268436993
1185964353448579073
1185964353591353346
1185964354824482816
1185964354912575490
1185964355386531841
1185964355805995008
1185964356015669249
1185964356590362624
1185964356971978752
1185964357072474113
1185964357449998337
1185964357982867456
1185964358112669696
1185964358184124418
1185964358351937536
1185964359765417984
1185964359836721153
1185964359903789057
1185964359958200320
1185964360042237952
1185964360092606465
1185964360411291648
1185964360641859586
1185964360667205632
1185964360717475840
1185964360793034752
1185964361111654400
1185964361598287873
1185964361967427586
1185964362084880392
1185964362210656256
1185964362638544902
1185964362659516416
1185964363028422657
1185964363146055682
1185964363384930304
1185964363406024704
1185964363594772485
1185964363624177665
1185964364068724736
1185964364341358595
1185964364425289729
1185964365343801344
1185964365700390913
1185964367315120129
1185964367726153728
1185964368191721478
1185964368342765568
1185964368581873669
1185964368623747072
1185964368959332353
1185964371949867010
1185964372222283776
1185964372704841729
1185964372763369472
1185964373304463360
1185964373535268865
1185964373774393344
1185964373921144839
1185964373942120449
1185964374281854976
1185964374814580739
1185964374839697409
1185964375154348032
1185964375384961024
1185964375443533824
1185964375640825858
1185964375972237319
1185964376098033670
1185964376429338624
1185964376714600448
1185964376836235271
1185964377490374657
1185964377561882624
1185964377792487425
1185964377859592202
1185964377905815553
1185964378555912192
1185964378941808641
1185964379327602688
1185964379717668864
1185964380137107458
1185964380502089729
1185964380665499653
1185964382611759105
1185964382980923393
1185964383131844609
1185964383333179392
1185964384507568130
1185964384587304965
1185964384671207424
1185964384901828610
1185964385786892290
1185964385925287936
1185964386172702720
1185964386596413440
1185964387162624001
1185964387300970496
1185964387804299267
1185964387946905600
1185964391298224129
