1185941240279265280
1185941240472227840
1185941240937762816
1185941241202200576
1185941241587888130
1185941241869025288
1185941242053562370
1185941242208645123
1185941242326204418
1185941242393186305
1185941242443485184
1185941242468683776
1185941242527584256
1185941242611486721
1185941243186089984
1185941243320291329
1185941244247236609
1185941244876349442
1185941245035724801
1185941245077508096
1185941245232844801
1185941245232893952
1185941245237125120
1185941245627174912
1185941245664739329
1185941246096883713
1185941246348537857
1185941246562443264
1185941246914760704
1185941247766257665
1185941247938023424
1185941247959146502
1185941248349216768
1185941249225871360
1185941249615785984
1185941250094055425
1185941250291228673
1185941251297861632
1185941251314589696
1185941251624964098
1185941251801128965
1185941251868241921
1185941252593704961
1185941252639985665
1185941252912623619
1185941252988133377
1185941253009092610
1185941253034303488
1185941253298544640
1185941253407596545
1185941254485561345
1185941254590418944
1185941254766563330
1185941254879797250
1185941256460996608
1185941257169833985
1185941257308246016
1185941257333465088
1185941258000314369
1185941258025332736
1185941258184876033
1185941258650423296
1185941258881191937
1185941259208265728
1185941259225055232
1185941259292155906
1185941259300540416
1185941259447422976
1185941259451621376
1185941259460009985
1185941259627761665
1185941259665334272
1185941259711590401
1185941260441395202
1185941260487413761
1185941260772761607
1185941260864876546
1185941261221597185
1185941261389389827
1185941261523574784
1185941261724852226
1185941262052052992
1185941262177898496
1185941262198816770
1185941262467325952
1185941263251640321
1185941263385628673
1185941263427756034
1185941265181003779
1185941265239724032
1185941265558523906
1185941265956954112
1185941266330214402
1185941266678341632
1185941266703507457
1185941267366236160
1185941268183937025
1185941268540481536
1185941268720947202
1185941269274660864
1185941269815672833
1185941269987676160
1185941270088343553
1185941270436311042
1185941270700515328
1185941270994259969
1185941271098953728
1185941271195586560
1185941271258353665
1185941271438712832
1185941272055504897
1185941273284415489
1185941274458640386
1185941274697850882
1185941274915946497
1185941275456851968
1185941275478052864
1185941275536703496
1185941276073570304
1185941276207828998
1185941276442660865
1185941276975386624
1185941277562605568
1185941278468362241
1185941278548213761
1185941279206711296
1185941279416504320
1185941279865278469
1185941280200642560
1185941280204951554
1185941280351801346
1185941280632823810
1185941280733483008
1185941280846761984
1185941280934809600
1185941281178112001
1185941281673007110
1185941281945591808
1185941281995919366
1185941282352517122
1185941282428014592
1185941282478346240
1185941282583126017
1185941282629271552
1185941283384233984
1185941283484962821
1185941283879055361
1185941284067786752
1185941284449673216
1185941284797714432
1185941285317828609
1185941285611421698
1185941285728731136
1185941285884121088
1185941286068600832
1185941286756454406
1185941287439986694
1185941287486283776
1185941287809290241
1185941287909892096
1185941288723443713
1185941288849412101
1185941289897869313
1185941289931427841
1185941290464231425
1185941290774646785
1185941290862698496
1185941291026264069
1185941292515237888
1185941293479972864
1185941294251728896
1185941294285242370
1185941294352351232
1185941294587080704
1185941294889209862
1185941295690371078
1185941295702757377
1185941295723761664
1185941295967232003
1185941296122417152
1185941296168558592
1185941296608960513
1185941296717991936
1185941296801710081
1185941296873164800
1185941297036713987
1185941297829429248
1185941298026467328
1185941298470998016
1185941299322671104
1185941300367052801
1185941300400410626
1185941300631265286
1185941300920672256
1185941301163974663
1185941301407244288
1185941302199967744
1185941302447411205
1185941303546261504
1185941303575617537
1185941303709880320
1185941303730884608
1185941304162824194
1185941304343179264
1185941305001689093
1185941305173708801
1185941305844736001
1185941305865752576
1185941306230657025
1185941306712842240
1185941306872422411
1185941307367264256
1185941307581227008
1185941307732021250
1185941308269043714
1185941308885614593
1185941308965347328
1185941309044989955
1185941309288263684
1185941309556740096
1185941309841764352
1185941310022258688
1185941310034894848
1185941310156312576
1185941310189928448
1185941310420570112
1185941310521393152
1185941310550749187
1185941310877786113
1185941311251275777
1185941311280562176
1185941311855177729
1185941312085876739
1185941312094248961
1185941312471625730
1185941312702427136
1185941312933154818
1185941313071583238
1185941313088348161
1185941313604276224
1185941313658773504
1185941314157850624
1185941314245943298
1185941314589741056
1185941314711539713
1185941315164495874
1185941315327971328
1185941315340644352
1185941315428716546
1185941315600736256
1185941315625869313
1185941315630063617
1185941315642630154
1185941315655294976
1185941315680382976
1185941315734908928
1185941316477149184
1185941316573618176
1185941317169405954
1185941317638967297
1185941317739831296
1185941318004068355
1185941318134063105
1185941318200987649
1185941318264119296
1185941318360555521
1185941318431846400
1185941318566068231
1185941318998155266
1185941319308300288
1185941320025591809
1185941320138985473
1185941320197689345
1185941320352833536
1185941320516493312
1185941320642117633
1185941321065914368
1185941321862860806
1185941321980301314
1185941322001211394
1185941322043138050
1185941322110242817
1185941322122846209
1185941322143801346
1185941322571620354
1185941322605223938
1185941322785611776
1185941323083177985
1185941323905413123
1185941323955822598
1185941324320493568
1185941324882685953
1185941325050449923
1185941325075619846
1185941325398597632
1185941325532876800
1185941325587329025
1185941325948035073
1185941326140862464
1185941326325583875
1185941327017664513
1185941327076380672
1185941327923630080
1185941328175255553
1185941328351420417
1185941328376451072
1185941328397586434
1185941328443645956
1185941328485638146
1185941328498176001
1185941328582139910
1185941329026699264
1185941329336889345
1185941329492271104
1185941329542406144
1185941329890574336
1185941330108784641
1185941330427551745
1185941330494705664
1185941330830204929
1185941330997993473
1185941331048165377
1185941331069296643
1185941331157364737
1185941331840909313
1185941332105289728
1185941332155682816
1185941332654772225
1185941332696719360
1185941332705058820
1185941332918976518
1185941333258711040
1185941333938098177
1185941333963350017
1185941333971783681
1185941333984202752
1185941334319714304
1185941334860763136
1185941335028752386
1185941335318126592
1185941335460732931
1185941335569846273
1185941336098250759
1185941336240918533
1185941336396050433
1185941336995876864
1185941337302093830
1185941337461415938
1185941337843077121
1185941338270961674
1185941338568757248
1185941338648264704
1185941339084595200
1185941339164368898
1185941339655020544
1185941339768274944
1185941339990421504
1185941340237922305
1185941340271579136
1185941340447752192
1185941340510666753
1185941340758171651
1185941340846284800
1185941341789929472
1185941342133862400
1185941342452666368
1185941342595080192
1185941342825910272
1185941342943416321
1185941343127760897
1185941343601860616
1185941344054849536
1185941344146997249
1185941344398856193
1185941344436535297
1185941345464131590
1185941345569067009
1185941345581428736
1185941346059603970
1185941346143617024
1185941346172968960
1185941346579730432
1185941346751631361
1185941347393515523
1185941348182085633
1185941348387557377
1185941348446359553
1185941348530229248
1185941349088026624
1185941349134000128
1185941349142413312
1185941349151002625
1185941349759143937
1185941350044356614
1185941350107140096
1185941350178385921
1185941350455246848
1185941350577065985
1185941350589587457
1185941350954471431
1185941351319441409
1185941351650807810
1185941351927558147
1185941352049192960
1185941352195866624
1185941352284114944
1185941352342851585
1185941352619663360
1185941352686723072
1185941353068400640
1185941353160683521
1185941353240420354
1185941353697550337
1185941353928114177
1185941354238697477
1185941354339340294
1185941355387850752
1185941355912220681
1185941356017061889
1185941356096692225
1185941356159614976
1185941356247543809
1185941356692332547
1185941356922974208
1185941356985778176
1185941357233205248
1185941357346594816
1185941357686337536
1185941358189563904
1185941358290374656
1185941358592319488
1185941358625865728
1185941358776897536
1185941358797737987
1185941359200526336
1185941359296962561
1185941359473102848
1185941359888338944
1185941360190337024
1185941360316018688
1185941360630730757
1185941361738113027
1185941362337824768
1185941362618884097
1185941363126390786
1185941363201888257
1185941363256225795
1185941363315167232
1185941363591913472
1185941363948507136
1185941364279668736
1185941364434845697
1185941364669865984
1185941364707606531
1185941365428903941
1185941365571641345
1185941365701648384
1185941366422949888
1185941366649606145
1185941366934654976
1185941367014469638
1185941367224176640
1185941367563751425
1185941368352362497
1185941369199693824
1185941369564618753
1185941369782788098
1185941369849876487
1185941371603111943
1185941373029093376
1185941373771493376
1185941373792309248
1185941375088353285
1185941375130447873
1185941375558279173
1185941375629643776
1185941375759482881
1185941375843553281
1185941375885479938
1185941375906471937
1185941375952572417
1185941376019640321
1185941376086794240
1185941376623620097
1185941376623697928
1185941376803987456
1185941377131204608
1185941377206669318
1185941377470873601
1185941377667997696
1185941377747689472
1185941378276216832
1185941378708037632
1185941379152777222
1185941379198832641
1185941379312041984
1185941379492433920
1185941379744223233
1185941381052796928
1185941381270949888
1185941381279371265
1185941381396733952
1185941382839574528
1185941382977867777
1185941383112204288
1185941383468572673
1185941383523078144
1185941383623913473
1185941383862861824
1185941383900778498
1185941384106270726
1185941384139870208
1185941384202600448
1185941384513097730
1185941384693460993
1185941384878051328
1185941385062559745
1185941385490419713
1185941386354483200
1185941386522234881
1185941386966831104
1185941387100991489
1185941387168141312
1185941387663106050
1185941388061560832
1185941388187316225
1185941388229251072
1185941389038755842
1185941389319819266
1185941389672112129
1185941389881815041
1185941390188056579
1185941390313672704
1185941390372560896
1185941390603309057
1185941390624247809
1185941390917812225
1185941390917865473
1185941390930395138
1185941390934577154
1185941390984962049
1185941391026917376
1185941391039483905
1185941391068844032
1185941391349878784
1185941391374860288
1185941391492505600
1185941392582950913
1185941392582959107
1185941392582991872
1185941392750723072
1185941392809435138
1185941392876621825
1185941392985612294
1185941393031815170
1185941393086136320
1185941393157410818
1185941393321144320
1185941393405104133
1185941394025865216
1185941394101358592
1185941394357141504
1185941394382360576
1185941394923368450
1185941395019849728
1185941395061690368
1185941395086823426
1185941395204386817
1185941395825147906
1185941396311728128
1185941396525502464
1185941396613554176
1185941396726919172
1185941397188304896
1185941397305577473
1185941397981073408
1185941397997637632
1185941398010449920
1185941398047973376
1185941398681346048
1185941398895431680
1185941398929002496
1185941398945751041
1185941399985885184
1185941400136888320
1185941400191426566
1185941400979935233
1185941401164341249
1185941401357275136
1185941401357426688
1185941401600778242
1185941402561241088
1185941402850607104
1185941403131699200
1185941404125675524
1185941404264083458
1185941404523978753
1185941404683517952
1185941405820170241
1185941406063513601
1185941406214311936
1185941406516436998
1185941406772281346
1185941407027957760
1185941407103672326
1185941407409639425
1185941407816671232
1185941408328409089
1185941408529694721
1185941408923807744
1185941409225957379
1185941409431543808
1185941409695780866
1185941409771245568
1185941410035458048
1185941410576584705
1185941410819792896
1185941411050512385
1185941411079872513
1185941411746766848
1185941411952300033
1185941412552101888
1185941412778364929
1185941412791181315
1185941412874981382
1185941412967337984
1185941413206396928
1185941413260869637
1185941413692755968
1185941413827170304
1185941413965500416
1185941413973942282
1185941414024224774
1185941414342844416
1185941415077040129
1185941415118987264
1185941415194288129
1185941415219478533
1185941415257366530
1185941416783953920
1185941417098653697
1185941417304166406
1185941417534742529
1185941417601859586
1185941417606160384
1185941417991950338
1185941418000433154
1185941418587508737
1185941418810003456
1185941418818359299
1185941418839334912
1185941418960982016
1185941419107803138
1185941419246194688
1185941419497840640
1185941419497840641
1185941419589918720
1185941419690733569
1185941419858583552
1185941419980021761
1185941420089249793
1185941420256854018
1185941420286398464
1185941420353490951
1185941420366061568
1185941420458143750
1185941420877602816
1185941420928057344
1185941420965859329
1185941421561221120
1185941421842407428
1185941422253510657
1185941422320566272
1185941422333145088
1185941422693707777
1185941422769393664
1185941423130054656
1185941423364947969
1185941423373160448
1185941423742435331
1185941423771787267
1185941423826362374
1185941424157679617
1185941424748974080
1185941424858128385
1185941425499856899
1185941425705365504
1185941425910882304
1185941425952870401
1185941425977995264
1185941426020016129
1185941426514923520
1185941426720264192
1185941427165024256
1185941427177578498
1185941427190030336
1185941427559292929
1185941427764768769
1185941427957702656
1185941428083548160
1185941428515606535
1185941428536516608
1185941429060804609
1185941429086052352
1185941429115330560
1185941429182484480
1185941429396353024
1185941429614329862
1185941429660585984
1185941429668872192
1185941429744472064
1185941429782233088
1185941430826610688
1185941431225061379
1185941431522865152
1185941431699030016
1185941431724187649
1185941431766016000
1185941432529375233
1185941432709844994
1185941432881893376
1185941433171283974
1185941433263558656
1185941433318084611
1185941433355849730
1185941433976422401
1185941434161074177
1185941434249175040
1185941434475728900
1185941434601562113
1185941434853216256
1185941435381665793
1185941435578798081
1185941435612315649
1185941436858015746
1185941437139111936
1185941437671604225
1185941437709340673
1185941437998866433
1185941438204395528
1185941438816759808
1185941438917435394
1185941439286562819
1185941439571726336
1185941439852625920
1185941440007954435
1185941440196571141
1185941440284811264
1185941440309989377
1185941440850878465
1185941441446629376
1185941441840910336
1185941441882800129
1185941441987694592
1185941442063060993
1185941442109300737
1185941442168082434
1185941442251952128
1185941442323275779
1185941443682197504
1185941443988393985
1185941444164370432
1185941444437131265
1185941444898390016
1185941444973993984
1185941445087248385
1185941445263450117
1185941445447950338
1185941445468835842
1185941445842046983
1185941445905125376
1185941446005809152
1185941446165192705
1185941446232281088
1185941446886600704
1185941447452905473
1185941448086044672
1185941448195072001
1185941448270733312
1185941448497217537
1185941448648265729
1185941448857964545
1185941449168130048
1185941449239433217
1185941449386450947
1185941449407422464
1185941449688240128
1185941450141380609
1185941450195906562
1185941450271404038
1185941450741207041
1185941450782957568
1185941450816540677
1185941450816663554
1185941451978559490
1185941452120944641
1185941452460707842
1185941452649570305
1185941453257752577
1185941453773475840
1185941454507532288
1185941454570606592
1185941454767583233
1185941455371681795
1185941455598059520
1185941455610826752
1185941456046870528
1185941456068005889
1185941456147636226
1185941456621428736
1185941457108119553
1185941457267503104
1185941457485619200
1185941457816834049
1185941457930280960
1185941458035052544
1185941458081071105
1185941458198650880
1185941458261430274
1185941458613874688
1185941458936909828
1185941459163181056
1185941459394088961
1185941459830267904
1185941461025591296
1185941461432295426
1185941461793157121
1185941462002782209
1185941462166335488
1185941463030489096
1185941463114440704
1185941463378644992
1185941463399653376
1185941463605153793
1185941463961608192
1185941463969890304
1185941464259399681
1185941464339144704
1185941464460611585
1185941464468975616
1185941464586448896
1185941464930496517
1185941464976678913
1185941465215700994
1185941465287090177
1185941465744265217
1185941466029449219
1185941466071388160
1185941466394136576
1185941466436308995
1185941466826366976
1185941467266736129
1185941467392544770
1185941467824611330
1185941467937804289
1185941468554264581
1185941468919164929
1185941468999016448
1185941469233930242
1185941469238050818
1185941470185803779
1185941470311862272
1185941470487797762
1185941471003893767
1185941471016505344
1185941471461027841
1185941471498776576
1185941471712538624
1185941471855337472
1185941472362807296
1185941472438358022
1185941472631238658
1185941473016995840
1185941473889574915
1185941473935519744
1185941473973411846
1185941474338230272
1185941474363559937
1185941474485112832
1185941474489327616
1185941474527059968
1185941474694877184
1185941474829053957
1185941474879266817
1185941475005288448
1185941475340754944
1185941475428835329
1185941476074835968
1185941476124983298
1185941476313837568
1185941476469026816
1185941476783595527
1185941477349715974
1185941478096412673
1185941478431809536
1185941478851244032
1185941479103053824
1185941479103062022
1185941479191134211
1185941479291793410
1185941480097140736
1185941480764035077
1185941480784850946
1185941480948543490
1185941481170837505
1185941481208602625
1185941481313300480
1185941481539952640
1185941481825198080
1185941482324320258
1185941482374619137
1185941482567426048
1185941482915717121
1185941483913908224
1185941484098478080
1185941484211785728
1185941484262035457
1185941484354359296
1185941484547330048
1185941484622827521
1185941484715028480
1185941484954144768
1185941485134503936
1185941485193183235
1185941485436325888
1185941485847564289
1185941486023696384
1185941486061400064
1185941486656901120
1185941486849941507
1185941487160311808
1185941487181336576
1185941487617478656
1185941487860760577
1185941488049381376
1185941488439615493
1185941488502497280
1185941488842219520
1185941489047822336
1185941489442066433
1185941489484025856
1185941489689350145
1185941490364768256
1185941490557693952
1185941490796642307
1185941490813546497
1185941490914213889
1185941492457705474
1185941492537397248
1185941492709384195
1185941493074124801
1185941493233704960
1185941493283840000
1185941493397114881
1185941493745213441
1185941494005485568
1185941494185762816
1185941494252879872
1185941494898839552
1185941495133564928
1185941495200829440
1185941495590871040
1185941495787982850
1185941495964155904
1185941496203268096
1185941496370880512
1185941496631087104
1185941497440550912
1185941497771782145
1185941497838891008
1185941498224955394
1185941498405314560
1185941498442838017
1185941498740625408
1185941499156008960
1185941500225413123
1185941500309450753
1185941500334608385
1185941500590473219
1185941500695371786
1185941500942864386
1185941500963766272
1185941501022334976
1185941501072871426
1185941501127413762
1185941501303353344
1185941501400043520
1185941501815201794
1185941502402449410
1185941502490370048
1185941502528311298
1185941503304261632
1185941503916462080
1185941505044815877
1185941505774641152
1185941505841778688
1185941505854320642
1185941505887887360
1185941506072469514
1185941506676461568
1185941506877734912
1185941507624312833
1185941508207382530
1185941508651933697
1185941508681293826
1185941508941385728
1185941509092364290
1185941509474062336
1185941509499166720
1185941510115729408
1185941510686154752
1185941510967169024
1185941511223029760
1185941511864750081
1185941512036573184
1185941512170852356
1185941512263290880
1185941512393297922
1185941513504808962
1185941513940938752
1185941514138071040
1185941514154729472
1185941514612101121
1185941514788245510
1185941514867953664
1185941515446706176
1185941515488641024
1185941515987640321
1185941516063256576
1185941516273012736
1185941516302409728
1185941516864372737
1185941517342564353
1185941517476782081
1185941517535453186
1185941518034407426
1185941518164602883
1185941518206590977
1185941518223368193
1185941518281920513
1185941518726639616
1185941519053807619
1185941519477497856
1185941519548596229
1185941520253239302
1185941520714739712
1185941521113190402
1185941521130020864
1185941521763188736
1185941521767505921
1185941521788555264
1185941522166009857
1185941522354585600
1185941522417668096
1185941522551885824
1185941522799382534
1185941522807709696
1185941522988052482
1185941523185012736
1185941523247927298
1185941523650793473
1185941523755687942
1185941524586156035
1185941525613690882
1185941525915672577
1185941525940690944
1185941526486093829
1185941526955941888
1185941527366946816
1185941527496810496
1185941528377778183
1185941528511991808
1185941528746684416
1185941528864268294
1185941528948039682
1185941529548021761
1185941529875140609
1185941530017763333
1185941530135187456
1185941530152001537
1185941530424545280
1185941530495934466
1185941530575425536
1185941530781081600
1185941530923503616
1185941530990665728
1185941532265926656
1185941532794408960
1185941533813547009
1185941534140710913
1185941534237220869
1185941534321057794
1185941534383853568
1185941534497226752
1185941534568525824
1185941535180890112
1185941535201710080
1185941535885582337
1185941536506167296
1185941536552423425
1185941536837492736
1185941537475252226
1185941537777246208
1185941538037260290
1185941538053984256
1185941538209173506
1185941538230034432
1185941538271985664
1185941538439749632
1185941538901286923
1185941538909458433
1185941539081486336
1185941539169587200
1185941539756871686
1185941539765325824
1185941540230828032
1185941540264435712
1185941540809728001
1185941540868214784
1185941540893413376
1185941542093111297
1185941542202155008
1185941542420135936
1185941542621593601
1185941542659383298
1185941543112400898
1185941543766708224
1185941544093638656
1185941544320327680
1185941544412561408
1185941544416661504
1185941544567623680
1185941544815063040
1185941545016381441
1185941545125584897
1185941545180106753
1185941545347891202
1185941545649754113
1185941545800871937
1185941546023215104
1185941546291601408
1185941546673278977
1185941547264761859
1185941547344420866
1185941547671384064
1185941547830927360
1185941547839381506
1185941547868553216
1185941547876941825
1185941548879548416
1185941549206532096
1185941549219106816
1185941550540431362
1185941550687236096
1185941550825496576
1185941550892761090
1185941551236685824
1185941551538720769
1185941551706447874
1185941551773601795
1185941552050388992
1185941552172023808
1185941552566280192
1185941552755032069
1185941553296138240
1185941553384230913
1185941554214649857
1185941555007254528
1185941555263217664
1185941555581988866
1185941556353785856
1185941556840271872
1185941556995481602
1185941557037289472
1185941557184217088
1185941557222019073
1185941557356236801
1185941558056472577
1185941558413033472
1185941558564143106
1185941559356919810
1185941559579156486
1185941560116031489
1185941560141193216
1185941560237723650
1185941560611016704
1185941560648765440
1185941561936363520
1185941562179620864
1185941562271916032
1185941562980786178
1185941563127386113
1185941563169337344
1185941563437965312
1185941563907727363
1185941563920269312
1185941564079644672
1185941564117393408
1185941564234878977
1185941564239036416
1185941564574576641
1185941564859781121
1185941565698523136
1185941565744832512
1185941566126313472
1185941566143074304
1185941566638166016
1185941566894039040
1185941567380443137
1185941567711911936
1185941567867146240
1185941567913152514
1185941568944889856
1185941570031443969
1185941570224214017
1185941570240925697
1185941570287296514
1185941570413043713
1185941570606063618
1185941571000242179
1185941571130273792
1185941571402960896
1185941571851567105
1185941571914665985
1185941572145139712
1185941572464058368
1185941572510027777
1185941572585742337
1185941573017587714
1185941573315584001
1185941574213144577
1185941574728896512
1185941575773364224
1185941575798546433
1185941576272375808
1185941576746438656
1185941578466123777
1185941578701070336
1185941578868842496
1185941579594383367
1185941580101902336
1185941580148072449
1185941580269740034
1185941580273733632
1185941580328235009
1185941580861063168
1185941581137711106
1185941581167132672
1185941581993402370
1185941582064865283
1185941582379454466
1185941583914557441
1185941583973232640
1185941584300273664
1185941585797799938
1185941585948745729
1185941586061848576
1185941586083045377
1185941586162536449
1185941586288492544
1185941586364030977
1185941586443669504
1185941586498195456
1185941586816880645
1185941587102195713
1185941587190308866
1185941587806654470
1185941587865374720
1185941587940933632
1185941587966205953
1185941587987238913
1185941588213547013
1185941588234719232
1185941588826087424
1185941589178437633
1185941589224546305
1185941589723451392
1185941590436536321
1185941590587707392
1185941590872920066
1185941591283748864
1185941591376179206
1185941591539798017
1185941591674019842
1185941592118611969
1185941592609304578
1185941593083301888
1185941593527730176
1185941593716596737
1185941595834781696
1185941596300333056
1185941596455354368
1185941597134839808
1185941597176913922
1185941598032543745
1185941598061957120
1185941598170955776
1185941598388940800
1185941598632402944
1185941599752085505
1185941600112914432
1185941600956043264
1185941601069207552
1185941601090191360
1185941601505312769
1185941601727721473
1185941601933115393
1185941602256216064
1185941602453225472
1185941602734227458
1185941602939920384
1185941603015372800
1185941603069911041
1185941603283804160
1185941603728445443
1185941603820560384
1185941603937968130
1185941604713938945
1185941604743254016
1185941605553004544
1185941605947232256
1185941606983184384
1185941607197151233
1185941607389859841
1185941607637553152
1185941607750799360
1185941608019189760
1185941608652369921
1185941609243914241
1185941609353011206
1185941609365606401
1185941609763999744
1185941609982124034
1185941610183266304
1185941610225422336
1185941610258931713
1185941610288373760
1185941610309308416
1185941610674167808
1185941610934067200
1185941611307388928
1185941611315978240
1185941611345256449
1185941611450114049
1185941611496333320
1185941611785490432
1185941611970039813
1185941611999576064
1185941612112666626
1185941612146257920
1185941612259631104
1185941612406460418
1185941612473532416
1185941612817473538
1185941614302302208
1185941614859997185
1185941614872670209
1185941614952374272
1185941615069843458
1185941615124328449
1185941615522832385
1185941615807995906
1185941616294584321
1185941616898510853
1185941617125089280
1185941617435279360
1185941617649209344
1185941618228154368
1185941618353819648
1185941619197009921
1185941619511611396
1185941620270751745
1185941621038141441
1185941621633888257
1185941622107856896
1185941622166642688
1185941622334410753
1185941622875230209
1185941623265464327
1185941623374397442
1185941624012050432
1185941624096022528
1185941624150323200
1185941624154705920
1185941624523649024
1185941624641204224
1185941624687341570
1185941624796393473
1185941624884473863
1185941625085800450
1185941625186353152
1185941625886908416
1185941625962401792
1185941626692218881
1185941626822320130
1185941627422031872
1185941629376417792
1185941629439533056
1185941629896671234
1185941630303588354
1185941630425141249
1185941630446112768
1185941630550978560
1185941630571954182
1185941630802628608
1185941630995615745
1185941631255474178
1185941631402295296
1185941631691825153
1185941631783989249
1185941632102866944
1185941632123670528
1185941632279089152
1185941632715239426
1185941632845303808
1185941632962699264
1185941633294057472
1185941633369542664
1185941633482854400
1185941633747111936
1185941633784696833
1185941633872879617
1185941633969225728
1185941634032250880
1185941634405584897
1185941634443284481
1185941635227516928
1185941636108423168
1185941636456599555
1185941636645314561
1185941636884230144
1185941637542883330
1185941637584826369
1185941637593288705
1185941638113136640
1185941638280962048
1185941638457319425
1185941638797058057
1185941638973198336
1185941639476457474
1185941640021716995
1185941640315396096
1185941640772341761
1185941641783324672
1185941641980497921
1185941642207027200
1185941642659946499
1185941642781454337
1185941643590979591
1185941643670761473
1185941643830034433
1185941644165730304
1185941644220219393
1185941644257873920
1185941644635443200
1185941645801480198
1185941646879277056
1185941647890223104
1185941648187875332
1185941648381038593
1185941648590737410
1185941649182089216
1185941649316339712
1185941649500884992
1185941649660137472
1185941649899155458
1185941650465533953
1185941650763386880
1185941650851299329
1185941651316981761
1185941651862241284
1185941652176719873
1185941652369805312
1185941653162299400
1185941653573586944
1185941653686771713
1185941655297224704
1185941655498694657
1185941655578234881
1185941656299855872
1185941657813839873
1185941658094845952
1185941658157760514
1185941658493313025
1185941658493509633
1185941658682232838
1185941658774331392
1185941658803720193
1185941658820632577
1185941658883375104
1185941659076497408
1185941659122589697
1185941659269226498
1185941659382534145
1185941659416027137
1185941659420450817
1185941659953090560
1185941659953106944
1185941660183732224
1185941660217282569
1185941660523515904
1185941661156700160
1185941661182021633
1185941661253328896
1185941661580439553
1185941661722894336
1185941661920174081
1185941662046011392
1185941663291596800
1185941664117997568
1185941664155783168
1185941664210120704
1185941664495362048
1185941664591962114
1185941664654860289
1185941664898146304
1185941665850245121
1185941665917390848
1185941666135449601
1185941666190053377
1185941666479398913
1185941667687346179
1185941668492541952
1185941669071511552
1185941669348335622
1185941669654355969
1185941669654519808
1185941670048780289
1185941670178775040
1185941670531096576
1185941670988140544
1185941671235608576
1185941671365795840
1185941671499980807
1185941671843811330
1185941672389206018
1185941672494092289
1185941672598880256
1185941673051750400
1185941673139986435
1185941673160785920
1185941673358090240
1185941673593004033
1185941673987080192
1185941674201096193
1185941674305802241
1185941674939289602
1185941675056730112
1185941675677339649
1185941675702673408
1185941675887222784
1185941676583505920
1185941676642181120
1185941676738646016
1185941677070004224
1185941677090828289
1185941677153800198
1185941677212602370
1185941677590110208
1185941678118576128
1185941678726750213
1185941679393476609
1185941679548895232
1185941679569821696
1185941679951548418
1185941679984955392
1185941680517550080
1185941680815370242
1185941681159491585
1185941681306263552
1185941681398521856
1185941682828795904
1185941683512496128
1185941684091097088
1185941684120707072
1185941684493914114
1185941684493922305
1185941684900773889
1185941685324304385
1185941685550731270
1185941685777391619
1185941685798350851
1185941686058389505
1185941686125551616
1185941686159056896
1185941686171717636
1185941686180044801
1185941686746275840
1185941686997770241
1185941687203434496
1185941687459352576
1185941687836778497
1185941689053003776
1185941689103454209
1185941689124474881
1185941689430446080
1185941689631956992
1185941690101706752
1185941690114293760
1185941690370138113
1185941690424725504
1185941690781241345
1185941690890235904
1185941690919641088
1185941690961383424
1185941691145965569
1185941691158712321
1185941691188043777
1185941691653451776
1185941692790128643
1185941693155012610
1185941693184532480
1185941693494956032
1185941693817872384
1185941694119862272
1185941694782595072
1185941695290105856
1185941695369744384
1185941695453696000
1185941695566884866
1185941695780839427
1185941696741167104
1185941696741285890
1185941697274011648
1185941698012205056
1185941698033127430
1185941698230140929
1185941699035652097
1185941699316588544
1185941699731701760
1185941700650266624
1185941700776206338
1185941701367611393
1185941701518675968
1185941701522788353
1185941701527048192
1185941701552234496
1185941702223286272
1185941702571249664
1185941702961434625
1185941702974025728
1185941703938605056
1185941703951171585
1185941704043458561
1185941704463007749
1185941704492363776
1185941704492421122
1185941704555352065
1185941705461260288
1185941705708769280
1185941705767260161
1185941706576990214
1185941706601926656
1185941706946043905
1185941707235442689
1185941707998806021
1185941708317442049
1185941709038993408
1185941709160534016
1185941709932367873
1185941710326493185
1185941710569922560
1185941710578290689
1185941711194902528
1185941711547174913
1185941711559839751
1185941711673012227
1185941712146796544
1185941712486719493
1185941712851615744
1185941713329754112
1185941713338224641
1185941713778597890
1185941713971568646
1185941714327896064
1185941714965422081
1185941716290936833
1185941716353683457
1185941716416811008
1185941716525703168
1185941716597166080
1185941716634951683
1185941716957679617
1185941717008076800
1185941718283280385
1185941718572716033
1185941718664962050
1185941718870433796
1185941718987874305
1185941719906304003
1185941720720199681
1185941720900493312
1185941720967593985
1185941721185705985
1185941721361858560
1185941721370247171
1185941721638674432
1185941721777082375
1185941721798074369
1185941722276204544
1185941722469228545
1185941722695643136
1185941722829852673
1185941722863325185
1185941723320586240
1185941723370971138
1185941723417059328
1185941723794427907
1185941724243419137
1185941725208027136
1185941725732319233
1185941726042771458
1185941726659334145
1185941727020027905
1185941727141683201
1185941727946764288
1185941728286654464
1185941728378966022
1185941728605462529
1185941729159057410
1185941729440141315
1185941729733689346
1185941729922441216
1185941729951862784
1185941730039881728
1185941730358714374
1185941730740322305
1185941730840993793
1185941731134660608
1185941731293847552
1185941732397142016
1185941732447395840
1185941732531326978
1185941732766212099
1185941733017817088
1185941733110177792
1185941733374353409
1185941733596512256
1185941734800257025
1185941734850781187
1185941734934626304
1185941735010119682
1185941735152730112
1185941735198920705
1185941735207264258
1185941735685406720
1185941735798722560
1185941736360529920
1185941737077911553
1185941737081954306
1185941737140826112
1185941737765777408
1185941738445299716
1185941739040919552
1185941739212857344
1185941739426734090
1185941739426795521
1185941739904950272
1185941740290752515
1185941740529897474
1185941741129461764
1185941741209300993
1185941741557428224
1185941741662363648
