1185958353786363905
1185958354037936128
1185958354117627904
1185958355455619072
1185958355916984320
1185958356047073280
1185958356378443781
1185958356554526720
1185958357586329600
1185958357636734983
1185958357909331974
1185958357984825347
1185958358034960386
1185958358488178690
1185958358530048002
1185958359213760512
1185958359226294272
1185958359230492673
1185958359511523330
1185958359574429699
1185958361038237697
1185958361101164549
1185958361533243393
1185958362107666434
1185958362489540614
1185958362669817857
1185958362850058240
1185958363269603330
1185958363617607681
1185958363886018560
1185958363970068482
1185958364058132481
1185958365169700864
1185958365320626176
1185958365551300610
1185958366818029569
1185958366885138432
1185958367539466242
1185958367564578817
1185958367644278785
1185958367996461057
1185958368399253504
1185958368793546752
1185958368831246336
1185958369573658624
1185958372719452160
1185958372811522051
1185958373495209984
1185958373583474688
1185958373818327042
1185958373977669634
1185958374032191488
1185958374321602560
1185958374413930498
1185958374824763393
1185958375126962183
1185958375651041282
1185958376204840961
1185958376477483011
1185958376548851713
1185958376645070849
1185958376829804546
1185958376905302016
1185958377047740416
1185958377404485632
1185958378465423360
1185958379019063296
1185958379040034816
1185958379388194822
1185958379652435973
1185958380113936384
1185958380147372033
1185958380210458626
1185958380419993600
1185958381338660865
1185958381669847040
1185958382013992960
1185958382764810240
1185958383901237249
1185958385289707521
1185958385574907904
1185958385956478977
1185958386355097601
1185958386522701824
1185958386959081472
1185958387017814016
1185958387261104134
1185958387349102592
1185958387470737408
1185958387709874176
1185958388129325056
1185958388464640000
1185958388468998145
1185958388561170432
1185958389098176513
1185958389429485570
1185958389513367553
1185958390952087554
1185958391962750976
1185958392663281664
1185958392780804096
1185958392789164034
1185958393669914625
1185958393787375618
1185958394357862400
1185958394600939520
1185958394751901699
1185958394894663680
1185958395398053888
1185958396874199040
1185958397046341633
1185958397335736320
1185958397356728326
1185958397507538944
1185958397515972609
1185958397654568960
1185958398803746816
1185958398900277250
1185958398967324672
1185958399671857153
1185958399856562178
1185958400129040385
1185958400225615872
1185958400947118096
1185958401374732288
1185958401894825984
1185958401920004096
1185958402066964481
1185958402230571009
1185958402377175040
1185958402763165698
1185958402872299520
1185958402884653057
1185958403404750849
1185958403547586566
1185958403614621696
1185958403727859712
1185958403853770752
1185958404004765696
1185958404289777664
1185958404847738881
1185958405313355777
1185958406353383424
1185958406403821568
1185958407041355776
1185958407573950464
1185958408081629185
1185958408232546310
1185958408429723653
1185958409365065730
1185958409776046086
1185958409872515078
1185958410023591937
1185958410799288321
1185958411072135170
1185958411541856257
1185958412473028609
1185958412976349184
1185958413148160005
1185958414813487106
1185958414825992192
1185958415107088384
1185958416352718851
1185958416751169537
1185958416998551557
1185958417115963394
1185958417694937094
1185958418412134403
1185958418747658246
1185958418978394112
1185958419985027074
1185958420874182657
1185958421243289602
1185958421465649152
1185958421540950016
1185958421662711809
1185958422333706240
1185958422472093697
1185958422560366595
1185958422610464768
1185958422619021312
1185958422853885952
1185958423365652481
1185958423793291264
1185958424271441920
1185958424338583552
1185958424766492672
1185958425424998404
1185958425575841792
1185958426075156481
1185958426532294656
1185958427505283072
1185958427543179264
1185958427618676742
1185958427668942848
1185958427828346880
1185958427912265729
1185958427920687105
1185958427991908352
1185958428172312577
1185958428725956608
1185958429459771394
1185958429694877696
1185958430261071872
1185958430600650752
1185958431020257281
1185958431217410051
1185958431691288576
1185958432064581632
1185958432207040512
1185958432639078400
1185958432693604352
1185958434505711616
1185958434925088770
1185958435034152961
1185958435415887872
1185958435436875776
1185958435889639424
1185958436107780096
1185958436124672000
1185958436367949829
1185958436938436609
1185958437202677762
1185958437353656321
1185958438465093632
1185958438473367555
1185958438779658240
1185958438989381633
1185958439211503616
1185958439979311107
1185958440302039042
1185958440570642437
1185958440696451073
1185958441086529538
1185958441657012225
1185958441849937920
1185958442147766274
1185958442671886336
1185958443041120257
1185958443125006342
1185958443271819266
1185958443888381952
1185958443946897408
1185958443980443648
1185958444341354496
1185958444572073984
1185958445117251585
1185958445674971136
1185958445742252033
1185958446287540229
1185958446870519812
1185958448204115968
1185958448665522176
1185958449504325633
1185958449630322688
1185958450079174663
1185958450146267137
1185958450347565062
1185958450616029184
1185958450997743623
1185958451001868290
1185958451870130176
1185958452348313600
1185958452864208897
1185958453052874758
1185958453170360321
1185958453451395072
1185958453610799109
1185958454508359682
1185958454684340224
1185958455024201728
1185958455376375811
1185958456123183105
1185958456177627136
1185958456261578753
1185958457901367298
1185958458014781441
1185958458098479104
1185958458446753799
1185958458958532608
1185958459109531649
1185958459440795649
1185958459969298432
1185958460216795137
1185958460694913027
1185958460833316865
1185958461252743171
1185958461668052993
1185958462104039424
1185958462133432320
1185958462288625666
1185958462762573824
1185958462976606208
1185958463228252161
1185958463765188608
1185958463815503872
1185958464327163906
1185958464998248449
1185958465337999360
1185958466063482880
1185958467321896961
1185958467586134016
1185958467800043529
1185958468131459072
1185958468613758976
1185958469091954690
1185958469377110016
1185958469855137792
1185958471679660032
1185958472443035649
1185958475064590336
1185958475299545088
1185958477031772164
1185958477157621760
1185958477384077320
1185958477471944704
1185958477555884032
1185958477815877632
1185958477849677824
1185958477904175107
1185958478046777344
1185958478248136711
1185958478260703233
1185958478721896448
1185958479326044165
1185958479657353217
1185958480240205824
1185958480945045504
1185958481192374272
1185958481230286848
1185958481280454660
1185958481280589826
1185958481301393409
1185958481834237957
1185958481922162688
1185958482375254016
1185958483205722117
1185958484178853888
1185958485021859840
1185958485177098241
1185958485265133569
1185958485386764289
1185958485864771584
1185958486426968066
1185958486577831936
1185958486594805761
1185958486754185218
1185958488561852417
1185958488998109184
1185958489153130497
1185958489664962560
1185958489820192768
1185958490038255616
1185958490579169280
1185958490868801537
1185958491753570305
1185958492127010817
1185958492336603136
1185958492361953281
1185958492538060800
1185958493020413953
1185958493515370498
1185958493746012161
1185958493808922625
1185958494689746949
1185958494970744832
1185958495105048587
1185958495155302402
1185958496174510080
1185958496858017792
1185958497076334592
1185958498179268608
1185958498494025728
1185958498678427648
1185958499404128256
1185958499404128257
1185958500796645377
1185958500981248002
1185958501476163586
1185958501564071936
1185958501723463680
1185958501790769158
1185958501945872385
1185958502000402432
1185958502054977538
1185958502088359936
1185958502470172677
1185958502528716800
1185958502847700993
1185958503229329408
1185958503602626560
1185958503791202304
1185958504261140480
1185958506270212103
1185958506572189697
1185958506727235584
1185958506945482758
1185958506974846977
1185958507583070210
1185958507733901312
1185958508484878336
1185958509227192320
1185958509340442626
1185958509533450240
1185958510325989376
1185958510472749056
1185958510808457217
1185958510913175552
1185958511794184193
1185958512129503232
1185958512880431108
1185958512955969537
1185958513257914368
1185958513924808706
1185958514222612480
1185958515661250565
1185958516009291776
1185958516252725249
1185958516827123714
1185958516877594627
1185958517208997890
1185958517657800709
1185958518005874694
1185958518173683713
1185958518500798470
1185958518786011137
1185958519150927872
1185958520719630345
1185958520916762626
1185958521105534976
1185958521159987200
1185958522200170499
1185958522363752448
1185958522409779206
1185958522435055628
1185958522866896896
1185958522879692801
1185958523055886336
1185958523147915264
1185958524142141441
1185958524896956416
1185958525010403328
1185958525631193088
1185958525882765312
1185958525962539008
1185958526260318208
1185958526801403909
1185958527220760576
1185958528625905666
1185958528948883458
1185958529565245440
1185958529900806144
1185958530009841664
1185958530538496000
1185958530630569984
1185958531121451008
1185958531255717888
1185958531654135808
1185958532081836032
1185958532128137218
1185958532241350661
1185958532593704960
1185958532966998017
1185958533679976448
1185958534145630210
1185958534724358145
1185958535152242688
1185958535580008453
1185958535613411329
1185958535726878720
1185958536204804096
1185958536540540929
1185958537018662916
1185958537316487169
1185958537786220544
1185958538247462912
1185958539090522113
1185958539656908811
1185958539732443136
1185958539929341952
1185958539996647431
1185958540684361735
1185958540713906176
1185958540772548609
1185958541519151104
1185958541716271109
1185958541980508163
1185958543570157568
1185958543830196224
1185958543930740736
1185958544035602432
1185958544111292417
1185958544329322496
1185958544950075392
1185958545063206913
1185958545113501696
1185958545449029633
1185958545449275399
1185958545793179650
1185958546430742529
1185958546518630405
1185958546954952718
1185958546963390464
1185958547357667328
1185958547479240706
1185958547982553090
1185958549291073536
1185958550356541442
1185958550507589633
1185958551354855430
1185958552214605824
1185958552256401409
1185958552503898112
1185958553972023296
1185958554609557505
1185958554752012288
1185958555603603457
1185958556375367681
1185958556513619968
1185958556593545216
1185958557923057664
1185958558241902593
1185958558506070016
1185958558803906561
1185958558975823876
1185958559420424197
1185958560796160000
1185958561106448384
1185958561647607808
1185958561836421121
1185958563493101569
1185958563669331969
1185958563778195456
1185958564315254784
1185958564457664512
1185958564747194374
1185958565049196545
1185958565204418560
1185958565221142529
1185958565414162432
1185958565552345088
1185958566227795974
1185958566265536513
1185958567301537793
1185958567439847424
1185958568660492288
1185958569130254336
1185958569260343297
1185958570619232256
1185958571894173696
1185958572049518592
1185958572859056131
1185958572867407877
1185958573764943872
1185958573861494785
1185958574280839176
1185958574343766021
1185958574440271873
1185958575291527174
1185958575367245826
1185958575635460096
1185958575904083974
1185958576344457218
1185958577263071232
1185958577560850432
1185958579213406213
1185958579314057218
1185958579750211585
1185958579817385986
1185958579934765057
1185958580228415498
1185958580312297472
1185958580580683776
1185958580744314883
1185958580979163137
1185958581604159493
1185958582614970373
1185958583533555718
1185958583818690560
1185958583877414912
1185958584154316800
1185958584280068096
1185958584405782528
1185958584535965697
1185958584854687750
1185958584875655168
1185958585156718593
1185958585559404547
1185958586871996416
1185958587216076801
1185958587404881920
1185958587450806272
1185958588700868613
1185958589422137344
1185958590135357442
1185958590307282946
1185958590357618689
1185958591171137537
1185958591171301376
1185958592777609216
1185958592819728386
1185958593004298241
1185958593905995776
1185958594354786304
1185958594413547526
1185958594644078592
1185958594799386624
1185958595042652161
1185958595394969600
1185958596133212160
1185958596229521408
1185958597185953792
1185958597693497344
1185958598393896960
1185958598721048577
1185958598725324800
1185958599282941953
1185958599417384960
1185958600390381568
1185958600788860930
1185958601610977281
1185958601820725256
1185958602135224320
1185958602584055808
1185958602714091520
1185958602839937024
1185958603657756678
1185958604156874757
1185958604387565568
1185958604534251520
1185958605284986881
1185958605339742208
1185958605499047936
1185958605616365570
1185958605960425473
1185958605985480706
1185958606409293830
1185958606421843969
1185958607004803072
1185958607738884097
1185958609563344898
1185958609567518722
1185958609764700161
1185958610884595719
1185958611027189761
1185958612084121606
1185958612096688128
1185958612436430849
1185958612583276545
1185958613971587072
1185958614084837378
1185958614281920513
1185958615045140480
1185958615112470528
1185958615548649473
1185958616043573248
1185958616521760768
1185958617599447040
1185958618249814016
1185958618786648066
1185958618975363073
1185958620476915712
1185958620678295552
1185958621324165120
1185958621647179778
1185958621697449984
1185958621735260161
1185958622305628161
1185958622540390400
1185958623073226761
1185958623635296258
1185958623966568450
1185958625212321793
1185958625346543619
1185958626252541952
1185958628269772800
1185958628580311040
1185958629322711040
1185958629582741506
1185958629733588992
1185958630052548609
1185958630194941952
1185958631164043265
1185958631390363649
1185958632304893953
1185958632367808514
1185958632971653120
1185958633466671105
1185958634292994049
1185958634775285763
1185958634888597513
1185958635106684929
1185958635706257409
1185958636692168704
1185958637539414017
1185958638084599809
1185958638533386240
1185958639456194560
1185958639640764416
1185958639724568577
1185958640856862720
1185958641079328768
1185958641192468480
1185958641196851202
1185958641347846144
1185958641481998336
1185958641729441792
1185958642992013312
1185958643272863744
1185958643558223872
1185958644237701120
1185958645835718658
1185958646850691072
1185958647656079361
1185958647769251840
1185958648113180672
1185958648247410688
1185958648759099399
1185958648842989574
1185958648935337987
1185958649337921536
1185958649367121922
1185958649484603393
1185958650050994177
1185958650218762241
1185958650717671424
1185958651028279296
1185958651191877637
1185958652290703365
1185958652353699840
1185958652458471424
1185958652475084800
1185958652672446465
1185958652722597888
1185958652810878978
1185958652907311104
1185958654102646791
1185958654786322432
1185958654819946496
1185958655440633859
1185958655562305536
1185958656866689025
1185958657961463810
1185958659181797377
1185958659580452865
1185958659861311488
1185958660133965826
1185958660826189824
1185958661384003584
1185958662050680833
1185958662432575488
1185958662692409344
1185958662700797952
1185958663338582016
1185958663942369280
1185958664387137538
1185958665615921152
1185958666840633344
1185958667004325888
1185958668371513344
1185958668950482945
1185958670133317633
1185958670510755842
1185958670515003393
1185958670598840322
1185958670619860994
1185958671085461511
1185958671416725504
1185958671810850816
1185958672717045761
1185958673408880641
1185958673430003712
1185958674302472193
1185958674772172800
1185958675065819136
1185958675078438912
1185958677733412864
1185958677934694400
1185958677972508674
1185958679444516864
1185958679767437312
1185958681000763394
1185958681483120642
1185958683018182656
1185958683349524486
1185958683563327488
1185958684347850753
1185958684666585088
1185958684855361537
1185958685001969665
1185958685211844613
1185958685367001090
1185958685769519104
1185958686205894662
1185958686331670528
1185958686985994241
1185958688185565184
1185958688743477251
1185958689275965441
1185958689620090881
1185958689661960192
1185958690098155526
1185958691129958400
1185958691373232128
1185958691457196033
1185958691834617858
1185958693453492224
1185958693910675456
1185958694112124929
1185958694120579073
1185958695240376320
1185958695563231233
1185958695739514885
1185958695819268098
1185958696112648193
1185958696146391040
1185958696481890304
1185958697467559936
1185958698235154434
1185958698830716930
1185958699061448709
1185958699254407173
1185958700441321474
1185958700789329921
1185958700802101248
1185958701519245312
1185958702681067521
1185958703050219521
1185958703104692224
1185958704153350150
1185958705281396736
1185958705344532480
1185958705491271680
1185958706049097730
1185958706053292032
1185958706359484417
1185958708427284481
1185958708691554306
1185958709412843521
1185958711019343872
1185958711317204992
1185958711807733761
1185958711992274944
1185958713120755713
1185958713556918273
1185958714152538113
1185958715389829120
1185958715897327618
1185958716589428737
1185958716597854208
1185958716744634368
1185958716887187461
1185958717231157248
1185958719189766144
1185958719231791106
1185958719286321152
1185958719667998723
1185958719991042048
1185958720209129474
1185958720490090498
1185958720796315648
1185958723639840769
1185958724281651200
1185958724390805504
1185958724822798336
1185958726039166976
1185958726274031616
1185958726588653573
1185958727356157953
1185958727674806272
1185958728509476864
1185958728576700417
1185958729780301824
1185958730103427072
1185958730527064065
1185958730665529345
1185958731617619969
1185958731902803968
1185958732380823553
1185958733475483655
1185958733693763585
1185958734108991494
1185958734746570754
1185958734813716480
1185958735275024384
1185958735396659201
1185958736101294080
1185958736394948609
1185958736650817536
1185958737045008384
1185958737460248576
1185958738437390336
1185958738513018882
1185958738819276801
1185958739901321218
1185958740165648385
1185958740509577216
1185958740643762176
1185958740647993344
1185958740756967426
1185958740928933895
1185958741440630784
1185958742363389952
1185958742686236672
1185958744867426304
1185958745450242048
1185958747182718978
1185958747375624192
1185958747669176322
1185958748088614914
1185958748910772224
1185958750047346688
1185958751012118529
1185958751356047360
1185958752052305921
1185958753285427200
1185958753457315841
1185958754434605057
1185958754954678274
1185958755021869056
1185958756217249796
1185958756535943169
1185958756561182724
1185958756632403968
1185958756858974209
1185958757211279360
1185958757257433088
1185958758049992704
1185958758570172421
1185958758725361672
1185958760424062977
1185958760486973442
1185958760658931714
1185958760759488513
1185958761183240192
1185958761237753857
1185958761392820224
1185958761539616769
1185958761854357505
1185958762336571394
1185958762462367744
1185958762735112193
1185958763875962881
1185958765528371200
1185958766900060160
1185958766958694400
1185958767906607104
1185958768095485953
1185958768934297601
1185958769697550336
1185958770129678336
1185958770322628613
1185958770570125319
1185958770821783552
1185958770859487232
1185958771052417024
1185958772226658305
1185958772822466561
1185958773459959811
1185958773485178896
1185958774726627333
1185958776073064448
1185958776836448256
1185958777146748928
1185958777629106176
1185958777666883584
1185958777666887681
1185958779201957889
1185958779537575937
1185958779776651265
1185958780103778307
1185958780334460929
1185958780493799424
1185958780925816832
1185958781055717376
1185958781756366849
1185958782494543881
1185958783266238466
1185958784239161344
1185958784344166400
1185958784440520705
1185958785317294082
1185958785535369216
1185958785627512832
1185958786512510976
1185958786655313920
1185958786953027591
1185958786974060545
1185958789029203969
1185958789587099648
1185958790182637568
1185958790845386758
1185958791214333952
1185958792179212288
1185958792292454400
1185958792527306753
1185958793181573123
1185958793571643398
1185958794163113985
1185958794624471045
1185958795089977344
1185958795513618434
1185958796235083777
1185958796847267844
1185958797187137538
1185958797686132736
1185958798583717888
1185958799376388096
1185958799619870725
1185958800647434241
1185958801436008448
1185958801490546688
1185958801536630785
1185958801603813376
1185958801662365697
1185958801817640960
1185958801892986880
1185958802388066312
1185958802656546817
1185958803000430592
1185958803084337153
1185958803361140737
1185958803545694208
1185958803747065858
1185958803830968320
1185958804145328128
1185958805370216448
1185958805462536192
1185958805521227776
1185958805584187392
1185958805600792576
1185958805756170241
1185958805894504454
1185958806104227840
1185958806393626632
1185958806771159040
1185958806787973121
1185958807307841536
1185958807467417605
1185958807878459392
1185958808167899136
1185958808297902080
1185958809409163265
1185958809514082304
1185958809669394432
1185958809925279744
1185958810009120768
1185958810239848460
1185958810302779392
1185958810944462854
1185958811762339841
1185958812295008257
1185958812391485441
1185958812404080643
1185958813100380169
1185958813788041217
1185958814673227781
1185958814807400448
1185958815386230785
1185958815599972352
1185958816698916865
1185958817059627012
1185958817160466432
1185958817751683072
1185958818112561153
1185958818175508480
1185958818435555329
1185958818850566144
1185958819010142209
1185958819689484288
1185958820175986688
1185958820276781056
1185958821874802690
1185958822147481601
1185958822202019840
1185958823011504129
1185958823334420480
1185958824433389574
1185958824886329346
1185958825020575749
1185958825444159489
1185958825557479425
1185958825595195393
1185958825834233856
1185958826719219712
1185958826849251328
1185958827121893380
1185958827344183296
1185958828002742273
1185958828053028864
1185958828149366784
1185958828858322945
1185958830007619585
1185958830372478979
1185958830561083393
1185958830863192065
1185958831563689985
1185958831576141824
1185958831920156674
1185958832071159808
1185958833690009600
1185958833895510016
1185958834566844416
1185958835510501378
1185958835900559362
1185958837183864832
1185958837771296768
1185958838178107392
1185958838551404545
1185958838568214528
1185958838941474817
1185958839448936448
1185958840283598849
1185958840979902465
1185958841537703938
1185958841625632768
1185958842263330816
1185958842439471104
1185958842737270784
1185958843307544581
1185958843408408576
1185958843676794880
1185958843840450561
1185958844285014016
1185958846830764032
1185958847388803074
1185958847606939650
1185958847653044230
1185958848936460288
1185958849305632770
1185958849834094593
1185958850085695489
1185958850186371073
1185958850320588801
1185958850370904064
1185958850391957504
1185958851016826881
1185958851331399680
1185958851427864576
1185958851993976832
1185958852208058374
1185958852640030721
1185958853541847040
1185958855374622720
1185958855634759685
1185958855903039489
