1185953823023681536
1185953823107567617
1185953823237591040
1185953823266873350
1185953823271071744
1185953823388504065
1185953823560536064
1185953823606673413
1185953823828758529
1185953823858266113
1185953823883431936
1185953823967338497
1185953824059678728
1185953824067985409
1185953824126722054
1185953824135139328
1185953824168480769
1185953824198004736
1185953824286105600
1185953824411914240
1185953824428740610
1185953824630104065
1185953824676208650
1185953824776871938
1185953824948793346
1185953824969777157
1185953825473077253
1185953825699631105
1185953825758289920
1185953825917550592
1185953825930170369
1185953826022535170
1185953826072879104
1185953826131664896
1185953826303631362
1185953826307751937
1185953826320334850
1185953826374746112
1185953826383073280
1185953826387292160
1185953826395840513
1185953826869862400
1185953826915917825
1185953826919989249
1185953827024855040
1185953827054338051
1185953827150802944
1185953827171766273
1185953827255488512
1185953827440283648
1185953827712831494
1185953827733868547
1185953828014702592
1185953828031483905
1185953828052652032
1185953828077735936
1185953828111343625
1185953828325212162
1185953828446916608
1185953828602105856
1185953828845293568
1185953828849487874
1185953828874547201
1185953828874719233
1185953828874739712
1185953829017264128
1185953829021540358
1185953829151363072
1185953829424189441
1185953829470134272
1185953829491224583
1185953830262968320
1185953830418161666
1185953830468493314
1185953830539681793
1185953830556573697
1185953830787305472
1185953830803918849
1185953830833459200
1185953831215157249
1185953831277993984
1185953831525466112
1185953831634395137
1185953831755997184
1185953831894605836
1185953832058028032
1185953832162992129
1185953832355975169
1185953832431509504
1185953832448200704
1185953832787824641
1185953833073045504
1185953833106726912
1185953833127567360
1185953833161314304
1185953833194840064
1185953833203228672
1185953833253588993
1185953833329053697
1185953833366753286
1185953833395998722
1185953833459093506
1185953833916211202
1185953834847363072
1185953834885173248
1185953835044474881
1185953835052744706
1185953835174391808
1185953835698806784
1185953835803537409
1185953835904356353
1185953835975675904
1185953836151607296
1185953836156014592
1185953836218929152
1185953836281798656
1185953836336328704
1185953836499984384
1185953836600582149
1185953836642340864
1185953836801785856
1185953836839702530
1185953836843728896
1185953836931993603
1185953836957081603
1185953836999106562
1185953837028388864
1185953837275930626
1185953837770858496
1185953837791744000
1185953837829492736
1185953838055866368
1185953838211010560
1185953838253203462
1185953838257377280
1185953838349467650
1185953838366384129
1185953838592856064
1185953838685138946
1185953838718693376
1185953838785880069
1185953839079407617
1185953839125614599
1185953839402405889
1185953839482097664
1185953839674822656
1185953839914115072
1185953839972786178
1185953840069132289
1185953840111259652
1185953840178159616
1185953840295628801
1185953840308379649
1185953840614514692
1185953840631341061
1185953840811728896
1185953841067393024
1185953841138851841
1185953841214132224
1185953841252098050
1185953841306583040
1185953841319047168
1185953841440788482
1185953841478393857
1185953841654710272
1185953841658945536
1185953841684062210
1185953841801519104
1185953842162274304
1185953842174681093
1185953842396979200
1185953842443235334
1185953842568949760
1185953842707357701
1185953842787160064
1185953842829152256
1185953842879447040
1185953843089162241
1185953843126788096
1185953843261136897
1185953843814850560
1185953843823165441
1185953843827429376
1185953843860987904
1185953844003512321
1185953844091588613
1185953844179550208
1185953844271943681
1185953844271951874
1185953844288774146
1185953844334776320
1185953844393590791
1185953844473167872
1185953844498288640
1185953844632653824
1185953844859232258
1185953845186314242
1185953845194698760
1185953845265854464
1185953845270253568
1185953845299437569
1185953845475717120
1185953845509316611
1185953845538635778
1185953845685489665
1185953845740032001
1185953845806915584
1185953846113255429
1185953846113308673
1185953846209720320
1185953846343950337
1185953846452862977
1185953846603980803
1185953846675333122
1185953846813777920
1185953846864035840
1185953846901624833
1185953846901792771
1185953846914363392
1185953846931181571
1185953847107174400
1185953847132508160
1185953847178477568
1185953847203655680
1185953847233040384
1185953847270957059
1185953847362998272
1185953847392559105
1185953847484669952
1185953847694544901
1185953847820218368
1185953847916847104
1185953848227258368
1185953848239775744
1185953848264986624
1185953848357277697
1185953848361439232
1185953848449482753
1185953848453558273
1185953848499855360
1185953848625696768
1185953848734736387
1185953848810188803
1185953848835354624
1185953849229504512
1185953849271566337
1185953849330159616
1185953849477074950
1185953849493872640
1185953849548460032
1185953849628155904
1185953849787473922
1185953849787535366
1185953849854398465
1185953849879748608
1185953849946836999
1185953850248880128
1185953850307629058
1185953850496339968
1185953850672349185
1185953850747830272
1185953850844438529
1185953850907414531
1185953851024662528
1185953851314180096
1185953851448401922
1185953851448451072
1185953851456622592
1185953851658194944
1185953851733618689
1185953852618657792
1185953852706693123
1185953852811567105
1185953852840960000
1185953852845187072
1185953853000343559
1185953853021261824
1185953853105033217
1185953853201637376
1185953853293944833
1185953853402992640
1185953853411340289
1185953853428158466
1185953853629456385
1185953853633683468
1185953853708980224
1185953853893763072
1185953854011183104
1185953854535487494
1185953854573154304
1185953854577360896
1185953854682292224
1185953854707392512
1185953854795501572
1185953854841602048
1185953854875033600
1185953854896197633
1185953854963245056
1185953855126888449
1185953855223128066
1185953855256829952
1185953855340761091
1185953855378509834
1185953855407833089
1185953855516921857
1185953855634206720
1185953855814750209
1185953856041160705
1185953856045408259
1185953856275877888
1185953856527720449
1185953856611590147
1185953856863309824
1185953856879906821
1185953856917790726
1185953856972345344
1185953857110589441
1185953857156894722
1185953857316249600
1185953857362415616
1185953857471504384
1185953857764917248
1185953857882546176
1185953858016763904
1185953858092064770
1185953858104758273
1185953858406830080
1185953858457145345
1185953858561949696
1185953858574356480
1185953858608140295
1185953858754928641
1185953858775851008
1185953858910117888
1185953859056877568
1185953859082031106
1185953859140751361
1185953859203686400
1185953859484737536
1185953859514130433
1185953859572654081
1185953859581071361
1185953859648282624
1185953859698475008
1185953859941867522
1185953859992244224
1185953860034142211
1185953860042547200
1185953860143276034
1185953860189212672
1185953860227076098
1185953860260634630
1185953860470394882
1185953860780621824
1185953860818370562
1185953860843536384
1185953860868804610
1185953861070196739
1185953861275549697
1185953861334208512
1185953861422452738
1185953861514620928
1185953861544091651
1185953861560750080
1185953861753659392
1185953861762256896
1185953861766451200
1185953862181474305
1185953862320041986
1185953862328426498
1185953862349475840
1185953862353674240
1185953862382841856
1185953862466899970
1185953862508797953
1185953862584360961
1185953862588534784
1185953862647238656
1185953862651301888
1185953862835785728
1185953862949232641
1185953863041335299
1185953863083462657
1185953863091851264
1185953863142006784
1185953863188275200
1185953863326674945
1185953863360225280
1185953863418826753
1185953863553019905
1185953863657906176
1185953863800709120
1185953864056561668
1185953864190586880
1185953864199147526
1185953864370909184
1185953864459182080
1185953864492683265
1185953864534691840
1185953864589004800
1185953864643698688
1185953864744394753
1185953864983425026
1185953865104912384
1185953865222344705
1185953865243357184
1185953865289687043
1185953865306443782
1185953865381941248
1185953865419624449
1185953865457377283
1185953865495187457
1185953865503518722
1185953865600061440
1185953865948114944
1185953866073833472
1185953866426265600
1185953866564681729
1185953866669535234
1185953866707341312
1185953867147530246
1185953867193671681
1185953867260809216
1185953867273592834
1185953867353280512
1185953867411922946
1185953867483230208
1185953867508240386
1185953867621638145
1185953867655254016
1185953867701379072
1185953867747299328
1185953867785293827
1185953867885924355
1185953868015902722
1185953868225499136
1185953868406054912
1185953868410060806
1185953868602961921
1185953868619898881
1185953868867354625
1185953868896714754
1185953869261619205
1185953869504929792
1185953869555228672
1185953869622329344
1185953869668507650
1185953869672509440
1185953869777514501
1185953869811142657
1185953869823651840
1185953869865590786
1185953869920161793
1185953870066806785
1185953870108717056
1185953870192578561
1185953870201143297
1185953870448513026
1185953870545072128
1185953870804971526
1185953871014875138
1185953871111315456
1185953871165829120
1185953871228633088
1185953871253921793
1185953871266492416
1185953871312687104
1185953871392321549
1185953871698583552
1185953871719555073
1185953871765610499
1185953872004681728
1185953872176541696
1185953872264740864
1185953872424194048
1185953872545632257
1185953873124573186
1185953873128611841
1185953873149775874
1185953873267003392
1185953873338327040
1185953873422376962
1185953873443213312
1185953873485352969
1185953873745170433
1185953873825030149
1185953874068131840
1185953874085068801
1185953874152062976
1185953874319831040
1185953874382872582
1185953874407878656
1185953874508734467
1185953874563096577
1185953874592620544
1185953874663878656
1185953874710016000
1185953874861056001
1185953875108532226
1185953875158818816
1185953875230105600
1185953875297222656
1185953875519401984
1185953875532099590
1185953875641163776
1185953875649617920
1185953875737612288
1185953875800416256
1185953876073054209
1185953876232544258
1185953876245135361
1185953876287152128
1185953876396011520
1185953876580675591
1185953876685590531
1185953876752646146
1185953876916297729
1185953877029466120
1185953877079797761
1185953877369278464
1185953877591506944
1185953877675384835
1185953878195539968
1185953878329692160
1185953878501662721
1185953878556237825
1185953878900117504
1185953879428685824
1185953879479013376
1185953879629979653
1185953879646789632
1185953879726477312
1185953879751610369
1185953879789391872
1185953879818723333
1185953879889981444
1185953880011661312
1185953880045215744
1185953880091160576
1185953880221204481
1185953880250519552
1185953880301015040
1185953880326201346
1185953880351232000
1185953880431120385
1185953880435245056
1185953880452063232
1185953880464646144
1185953880519131140
1185953880615448576
1185953880808591360
1185953880858943488
1185953880951152642
1185953881018245120
1185953881060237314
1185953881097814016
1185953881248931840
1185953881261514752
1185953881337090048
1185953881420754945
1185953881475506178
1185953881500590080
1185953881550798849
1185953881567744002
1185953881748049921
1185953882217705473
1185953882402426881
1185953882507137024
1185953882515673093
1185953882708611072
1185953882742108160
1185953882796523521
1185953882867826694
1185953882872004608
1185953882901504001
1185953883002195968
1185953883132190720
1185953883207688193
1185953883304136704
1185953883375489024
1185953883471790080
1185953883492900865
1185953883547414530
1185953883585220608
1185953883627180040
1185953883643940868
1185953883803267078
1185953883882844160
1185953883920711680
1185953883920785408
1185953883966885892
1185953884021219328
1185953884239474689
1185953884327600128
1185953884335943680
1185953884407242752
1185953884621197313
1185953884793167873
1185953884814004224
1185953884839137280
1185953884881199105
1185953885124358144
1185953885233528833
1185953885233565696
1185953885615198208
1185953885707309056
1185953885812211713
1185953885984296961
1185953886063906821
1185953886193872896
1185953886386958337
1185953886500032517
1185953886538031105
1185953886584082432
1185953886600908800
1185953886642814976
1185953886772891648
1185953886789652480
1185953886835826688
1185953886856568832
1185953886869295104
1185953886923739137
1185953887003578370
1185953887053864960
1185953887091511296
1185953887120953349
1185953887225892865
1185953887230070784
1185953887276228614
1185953887422992384
1185953887628472321
1185953887703818240
1185953887829876736
1185953887846453248
1185953887921958912
1185953888077258754
1185953888223907840
1185953888303812609
1185953888320528384
1185953888467374081
1185953888479928321
1185953888500883457
1185953888547037184
1185953888618156035
1185953888685264896
1185953888685449216
1185953888719003648
1185953888899403776
1185953888936943617
1185953889050398721
1185953889381695493
1185953889440489472
1185953889452986368
1185953889503330309
1185953889536761857
1185953889566253056
1185953889574674432
1185953889633406982
1185953889905889281
1185953890044469250
1185953890157510656
1185953890254184448
1185953890283339776
1185953890514034689
1185953890577113088
1185953890669342720
1185953890711277568
1185953890812026880
1185953890849738756
1185953891352924160
1185953891646672904
1185953891655061505
1185953891688431616
1185953891868913664
1185953891910848513
1185953892053508102
1185953892061696000
1185953892359520256
1185953892443607041
1185953892523220993
1185953892586217473
1185953892653129728
1185953892665831424
1185953892699381763
1185953892875431942
1185953893039181824
1185953893160755200
1185953893412429824
1185953893433462784
1185953893571792898
1185953893672505346
1185953893706092552
1185953893731262464
1185953893747957762
1185953893894766592
1185953894054031361
1185953894058336257
1185953894095974400
1185953894175776768
1185953894221910017
1185953894263853056
1185953894297415686
1185953894381346820
1185953894616010752
1185953894624575488
1185953894716858368
1185953894809030656
1185953894880423937
1185953894897082370
1185953894901395456
1185953894955810816
1185953895136288768
1185953895161499656
1185953895366848513
1185953895429877767
1185953895505379328
1185953895937277952
1185953895950028806
1185953895966806016
1185953896038051841
1185953896063262722
1185953896172281856
1185953896210030592
1185953896319111170
1185953896457371648
1185953896541220864
1185953896553992192
1185953896599941120
1185953896793071619
1185953896805683200
1185953896889507841
1185953896918765568
1185953896931438595
1185953896960843779
1185953897099202565
1185953897233440768
1185953897254404097
1185953897287966721
1185953897317392384
1185953897367642112
1185953897401200641
1185953897560576001
1185953897682128897
1185953897690681350
1185953897732554752
1185953897904427009
1185953898168754181
1185953898244141056
1185953898244296704
1185953898705518592
1185953898722250753
1185953898835726336
1185953899284320256
1185953899468902400
1185953899473264640
1185953899477454853
1185953899599073285
1185953899624226816
1185953899670360064
1185953899670396933
1185953899691290624
1185953899980689410
1185953900026839040
1185953900035264514
1185953900102324224
1185953900114989057
1185953900223844352
1185953900324704257
1185953900328820737
1185953900521639937
1185953900622303234
1185953900668436480
1185953900899254272
1185953900920266752
1185953900949577730
1185953901113171968
1185953901113217025
1185953901184458752
1185953901331148800
1185953901356470274
1185953901524242433
1185953901536858112
1185953901834657792
1185953901977264129
1185953902069456896
1185953902195294214
1185953902266466304
1185953902317002753
1185953902333698048
1185953902472118272
1185953902690258944
1185953902849482753
1185953902853648384
1185953902992252928
1185953903159971841
1185953903164178432
1185953903181025282
1185953903206174720
1185953903281672192
1185953903344521216
1185953903545868289
1185953903684280320
1185953903738621953
1185953903738785792
1185953903763972103
1185953903764000775
1185953903982063616
1185953904166653952
1185953904569339904
1185953904892076033
1185953904955219968
1185953905097805824
1185953905227784200
1185953905567567873
1185953905659789321
1185953905772875781
1185953905835794432
1185953906381283333
1185953906423033856
1185953906536452098
1185953906649714688
1185953906913726464
1185953906926469120
1185953907228327937
1185953907484352513
1185953907543068683
1185953907555606529
1185953907563991040
1185953907597549569
1185953907643731968
1185953907912204288
1185953908046172160
1185953908092481537
1185953908306436097
1185953908646141952
1185953909166264322
1185953909312909312
1185953909417762816
1185953909652766720
1185953909782831105
1185953910059487232
1185953910114131968
1185953910223097856
1185953910311272448
1185953910315315200
1185953910424588289
1185953910533562370
1185953910579552257
1185953910793670658
1185953910818852865
1185953911095644161
1185953911284232192
1185953911397593088
1185953911485665281
1185953911540203520
1185953911783542790
1185953911796047872
1185953911817068544
1185953911947104256
1185953912324411393
1185953912374910976
1185953912475533312
1185953912517349376
1185953912777519104
1185953912911810562
1185953913289269248
1185953913306013704
1185953913339559942
1185953913507172354
1185953913528188928
1185953913704472578
1185953913771454465
1185953914136317952
1185953914291539968
1185953914350395392
1185953914467835912
1185953914518159361
1185953914623016961
1185953914627117057
1185953914862084101
1185953914967019524
1185953915097014273
1185953915248037889
1185953915252236291
1185953915382026240
1185953915617120257
1185953915629690880
1185953915751284736
1185953915864416256
1185953915956690946
1185953915961053185
1185953916153946112
1185953916237893632
1185953916363726848
1185953916439056389
1185953916485357568
1185953916531462145
1185953916598439936
1185953916665643009
1185953916812480517
1185953917106053122
1185953917366091777
1185953917512945669
1185953917533704192
1185953917676314624
1185953917835694080
1185953917936508928
1185953917978533889
1185953918024593409
1185953918062387202
1185953918087565313
1185953918112718849
1185953918213222400
1185953918473441281
1185953918494265344
1185953918867492864
1185953919207460866
1185953919530348544
1185953919572336641
1185953919761108992
1185953919819599872
1185953919953821697
1185953919987568643
1185953920054632455
1185953920113348608
1185953920239038466
1185953920436195329
1185953920545370120
1185953920889180160
1185953920889315328
1185953920910319617
1185953921052708864
1185953921115807748
1185953921250058240
1185953921400836097
1185953922084675586
1185953922164412417
1185953922336411649
1185953922357309441
1185953922386710528
1185953922411913216
1185953922558627847
1185953922667700225
1185953922936115200
1185953922965495809
1185953922969722880
1185953923066150912
1185953923124744192
1185953923280097280
1185953923326205953
1185953923498201088
1185953923695349760
1185953923896614912
1185953924018135040
1185953924051865600
1185953924173488128
1185953924257402882
1185953924307738626
1185953924576100357
1185953924647399424
1185953924718759936
1185953924781621250
1185953924840333315
1185953924999733248
1185953925129822211
1185953925263962117
1185953925305896962
1185953925385641986
1185953925884776448
1185953925926719488
1185953925993652225
1185953926350331906
1185953926367068160
1185953926409048064
1185953926438379521
1185953926597750784
1185953926622957568
1185953926832689152
1185953926983684096
1185953927092756480
1185953927361187840
1185953927487021057
1185953927491129349
1185953927906414597
1185953927964942338
1185953928090935297
1185953928871137281
1185953928975994881
1185953929017860097
1185953929345097728
1185953929378570240
1185953929382621184
1185953929399590912
1185953929403617285
1185953929420361729
1185953929470734336
1185953929479081986
1185953929592479744
1185953929625919488
1185953929684803584
1185953929802043392
1185953929827422208
1185953929961656320
1185953930020347906
1185953930158792704
1185953930301325313
1185953930464894977
1185953930519470080
1185953930578157570
1185953930628517888
1185953930670477314
1185953930699624448
1185953930787905536
1185953930842464257
1185953931228110848
1185953931572195328
1185953931589017600
1185953931714793472
1185953931739963393
1185953931798679558
1185953931807072258
1185953931857412096
1185953931861450752
1185953932046192641
1185953932050255872
1185953932247355392
1185953932318633984
1185953932394106882
1185953932469833728
1185953932482355201
1185953932515926016
1185953932570439685
1185953932717236224
1185953932742410240
1185953932826120192
1185953932889096192
1185953932989911040
1185953933019275270
1185953933300252672
1185953933463822336
1185953933727956992
1185953933866369025
1185953933912608771
1185953933946245125
1185953934243966976
1185953934390763520
1185953934436900864
1185953934600335361
1185953934671843328
1185953934705381376
1185953934936104961
1185953935242256389
1185953935309398017
1185953935527469056
1185953935560851456
1185953935674269697
1185953935850381313
1185953935925895169
1185953935929925632
1185953935959429122
1185953936043233280
1185953936139620352
1185953936282476545
1185953936311640064
1185953936357781504
1185953936378908673
1185953936403906560
1185953936462749696
1185953936622141440
1185953936693497856
1185953936777154560
1185953936823312384
1185953936924131328
1185953937049948162
1185953937175662593
1185953937209331718
1185953937402281986
1185953937423134720
1185953937423249410
1185953937469259777
1185953937511387136
1185953937750401026
1185953937867735040
1185953937897250816
1185953937905442817
1185953938006167553
1185953938014519296
1185953938283077635
1185953938865963008
1185953938958376960
1185953938970992640
1185953939138764800
1185953939218403334
1185953939285594113
1185953939650428931
1185953939864375297
1185953939952324608
1185953940019564546
1185953940225044482
1185953940250099713
1185953940547854338
1185953940623577088
1185953940656910343
1185953940728352770
1185953940908707843
1185953940912758784
1185953940917145600
1185953941814530049
1185953942003425280
1185953942288633859
1185953942435328001
1185953942485774337
1185953942519205890
1185953942523514880
1185953942561284102
1185953942578089989
1185953942917636097
1185953942972198912
1185953943047852033
1185953943118991360
1185953943156744193
1185953943186296833
1185953943198810120
1185953943320498177
1185953943370817536
1185953943425372166
1185953943790215169
1185953943857356800
1185953943953825793
1185953944180101121
1185953944289177602
1185953944381476864
1185953944578789377
1185953944637341697
1185953944654229506
1185953944792551425
1185953944809463818
1185953945769918464
1185953946189193217
1185953946256334848
1185953946365509632
1185953946445197312
1185953946474434565
1185953946478604290
1185953946537467904
1185953946713673728
1185953946814140416
1185953946856316929
1185953946969563136
1185953947065966592
1185953947091120128
1185953947120361472
1185953947191783430
1185953947275743232
1185953947984379904
1185953948022104075
1185953948051492864
1185953948076781575
1185953948101988354
1185953948277985280
1185953948290703360
1185953948424785921
1185953948567527424
1185953948643024898
1185953948764532740
1185953948903104513
1185953948969996288
1185953949104443393
1185953949242875905
1185953949251072000
1185953949414649856
1185953949515472897
1185953949586788357
1185953949653897221
1185953949679046657
1185953949863596039
1185953949934747648
1185953949959909376
1185953950169616385
1185953950312337408
1185953950329122818
1185953950345773063
1185953950383640576
1185953950488379392
1185953950496722944
1185953950886813698
1185953950970703872
1185953951151083520
1185953951461433344
1185953951545462784
1185953951885201415
1185953951944003585
1185953952040271872
1185953952216604678
1185953952317263872
1185953952355028992
1185953952451436544
1185953952493428736
1185953952539521025
1185953952673738752
1185953952703094784
1185953952917020672
1185953952963149829
1185953952971530240
1185953953076281345
1185953953248370690
1185953953336516608
1185953953533612040
1185953953621692416
1185953953718161411
1185953953932034048
1185953953944461313
1185953954062098435
1185953954456375296
1185953954514882560
1185953954531688450
1185953954628329472
1185953954636718081
1185953954745729024
1185953954770890755
1185953954800328705
1185953954825420800
1185953954829602820
1185953954875793411
1185953955127406592
1185953955244843010
1185953955404230663
1185953955441868800
1185953955614023682
1185953955735453697
1185953955974660096
1185953956280840192
1185953956582830081
1185953956603654144
1185953956729634818
1185953956863844353
1185953957010501632
1185953957035859970
1185953957119741953
1185953957241409537
1185953957245521926
1185953957291708417
1185953957316837379
1185953957459431425
1185953957631483905
1185953957870538752
1185953957987807232
1185953958210215937
1185953958457569280
1185953958675861510
1185953958826840066
1185953958944108544
1185953959091081218
1185953959112040449
1185953959275417605
1185953959380443136
1185953959401447424
1185953959443345408
1185953959493558272
1185953959573409795
1185953959862816769
1185953960017960964
1185953960026398722
1185953960026427392
1185953960030547968
1185953960189943811
1185953960374538241
1185953960496173056
1185953960705908738
1185953960814735361
1185953961016119296
1185953961158815745
1185953961452474368
1185953961645346818
1185953961662205952
1185953961687126019
1185953961859268608
1185953961934761986
1185953962005975040
1185953962102419457
1185953962169643010
1185953962496802817
1185953962530344965
1185953962652045313
1185953962706423808
1185953962886946817
1185953962937204736
1185953963012575232
1185953963029467136
1185953963134345218
1185953963369058304
1185953963557806080
1185953963604140033
1185953963608363008
1185953963616530433
1185953963776135170
1185953963939631111
1185953963948023809
1185953964069662720
1185953964099067910
1185953964178624512
1185953964338171905
1185953964417867776
1185953964577026049
1185953964610555909
1185953964669300736
1185953964761612289
1185953965223108608
1185953965554450432
1185953966015832065
1185953966129070084
1185953966200414208
1185953966271750150
1185953966884032513
1185953967085252608
1185953967194296320
1185953967420923904
1185953967517257729
1185953967659978752
1185953967827750914
1185953967861317632
1185953968293216256
1185953968297512961
1185953968297566211
1185953968373075973
1185953968653910016
1185953968675049477
1185953968775729152
1185953969153048576
1185953969211891715
1185953969253879809
1185953969325170691
1185953969576628225
1185953969874464768
1185953970172252160
1185953970189164544
1185953970369585158
1185953970516156418
1185953970839154690
1185953970990342146
1185953971019702273
1185953971464130561
1185953971531341825
1185953971657003010
1185953971795611649
1185953971892084736
1185953971950772224
1185953972055629825
1185953972139507712
1185953972185530369
1185953972194107392
1185953972265209856
1185953972386852864
1185953972387041280
1185953972592566273
1185953972655460354
1185953972676222976
1185953972869390337
1185953972923715585
1185953973104205825
1185953973745913862
1185953973901185029
1185953973909491713
1185953973968261121
1185953974056304643
1185953974190575617
1185953974198910976
1185953974467399680
1185953974521720837
1185953974521925638
1185953974597357569
1185953974622605314
1185953974664474624
1185953974802964480
1185953974853091328
1185953974857404416
1185953974895165440
1185953975121727488
1185953975146663937
1185953975167782912
1185953975209730054
1185953975247360000
1185953975285288960
1185953975440273408
1185953975599845376
1185953975788605440
1185953975813771264
1185953975843147776
1185953975851462656
1185953975948009472
1185953975973171200
1185953975989866503
1185953976073756673
1185953976136523777
1185953976371601422
1185953976409182211
1185953976560304128
1185953976564539393
1185953976744853504
1185953976908427265
1185953977038454785
1185953977092968448
1185953977244045312
1185953977319526400
1185953977378070528
1185953977441099777
1185953977566928896
1185953977680252929
1185953977730555905
1185953977734750210
1185953977873195009
1185953977965387777
1185953978024153088
1185953978078642177
1185953978174959616
1185953978338684928
1185953978627919873
1185953978640523265
1185953978653331457
1185953978976264192
1185953979181744129
1185953979315949569
1185953979374682112
1185953979693436929
1185953979739586561
1185953979768832000
1185953979848511489
1185953980003708928
1185953980020592642
1185953980058222592
1185953980133851137
1185953980301529089
1185953980511338498
1185953980582711296
1185953980851130369
1185953980913979394
1185953981006319616
1185953981027311617
1185953981115158528
1185953981207580677
1185953981228408833
1185953981241155585
1185953981358661633
1185953981547401221
1185953981677355009
1185953981702557696
1185953981815762944
1185953981815762946
1185953981929005064
1185953981958426634
1185953981983592449
1185953982348443649
1185953982604292097
1185953982721724416
1185953982918754304
1185953983031996416
1185953983090827266
1185953983187300359
1185953983216656388
1185953983317336069
1185953983434592257
1185953983438962688
1185953983854206978
1185953984114233345
1185953984571432961
1185953984680325120
1185953984705712129
1185953984961495041
1185953985158500354
1185953985334779907
1185953985334779908
1185953985339035654
1185953985729048576
1185953985741705216
1185953985863266306
1185953985951342594
1185953986001506304
1185953986089832451
1185953986207244290
1185953986328707072
1185953986488045568
1185953986580496384
1185953986588938240
1185953986626621448
1185953986865778689
1185953987125764097
1185953987196944385
1185953987222261762
1185953987431825408
1185953987440152577
1185953987545239553
1185953987574583297
1185953987599552513
1185953987666862083
1185953987763286023
1185953987817697280
1185953987989778433
1185953988090351617
1185953988170190850
1185953988451033088
1185953988606341122
1185953988979707905
1185953989302652928
1185953989520756737
1185953989654929413
1185953989755584512
1185953989763964928
1185953989768208384
1185953989839355904
1185953989961158659
1185953990015627264
1185953990028222464
1185953990158278656
1185953990183411712
1185953990208393216
1185953990233788416
1185953990380531713
1185953990392942592
1185953990489657344
1185953990544166916
1185953990569316352
1185953990707683328
1185953990766399489
1185953990812618755
1185953990841753600
1185953991059836929
1185953991147917312
1185953991181647872
1185953991441694720
1185953991605121026
1185953991873556480
1185953992129568769
1185953992276242432
1185953992427356161
1185953992687456260
1185953992855166976
1185953993001816065
1185953993148682241
1185953993375338496
1185953993521954816
1185953993564086273
1185953993710804992
1185953993991819266
1185953994172223490
1185953994281078784
1185953994448998401
1185953994666938369
1185953994771841024
1185953994948141057
1185953995032059904
1185953995073961986
1185953995107524609
1185953995405193216
1185953995497660417
1185953995501789184
1185953995694718979
1185953995778646021
1185953996034445314
1185953996210606080
1185953996227219456
1185953996239863811
1185953996609064960
1185953996806283264
1185953997032570880
1185953997192126464
1185953997259038721
1185953997439549440
1185953997443817474
1185953997548642305
1185953997548642306
1185953997640749057
1185953998353813505
1185953998484004864
1185953998496399363
1185953998500700161
1185953998559465472
1185953998567854083
1185953998601367552
1185953998920175616
1185953998949347328
1185953999062745089
1185953999188459522
1185953999427702784
1185953999448657920
1185953999452807168
1185953999721259009
1185953999909838848
1185954000153272320
1185954000430084097
1185954000463642625
1185954000472100865
1185954000505626624
1185954000572534785
1185954000618827777
1185954000698515457
1185954001105244160
1185954001122021377
1185954001281417216
1185954001390637057
1185954001491288069
1185954001591902209
1185954001667461120
1185954001855991808
1185954002028126208
1185954002099490816
1185954002099490818
1185954002183380997
1185954002187374597
1185954002422382592
1185954002787135489
1185954002841849856
1185954002871209985
1185954003097657345
1185954003382718464
1185954003386912768
1185954003735191553
1185954003739234305
1185954003777028099
1185954003802316803
1185954003840094208
1185954004137721856
1185954004334993413
1185954004355964928
1185954004418908166
1185954004427300864
1185954004506951682
1185954004519571456
1185954004695764993
1185954004712353793
1185954004733513728
1185954004750061568
1185954004762812417
1185954004775374850
1185954004779573248
1185954004959932418
1185954005027041282
1185954005287092225
1185954005312327680
1185954005412958209
1185954005530210304
1185954005652037632
1185954005748289536
1185954005924614146
1185954006318882816
1185954006360870915
1185954006507540480
1185954006528593920
1185954006633517057
1185954006784495617
1185954006839021570
1185954006960615429
1185954007031914502
1185954007463817216
1185954007518339072
1185954007665250305
1185954007883235328
1185954007984029696
1185954008021778432
1185954008244084736
1185954008424439809
1185954008474832899
1185954008592195584
1185954008667701248
1185954008999104512
1185954009464504320
1185954009481437185
1185954009489858560
1185954009678528514
1185954009888251905
1185954010013941760
1185954010118774784
1185954010219663360
1185954010467049475
1185954010857013249
1185954011033329666
1185954011091894272
1185954011100438528
1185954011222069250
1185954011284983808
1185954011347869697
1185954011398230018
1185954011524063239
1185954011935100928
1185954011939299328
1185954012010614788
1185954012241117185
1185954012362891264
1185954012434186241
1185954012622999558
1185954012841074688
1185954012937494530
1185954013004599298
1185954013251919872
1185954013365358592
1185954013465993216
1185954013855932416
1185954013906423810
1185954014107586561
1185954014137147393
1185954014267092993
1185954014392922113
1185954014585901062
1185954014694957058
1185954014741045249
1185954014753689600
1185954014766206979
1185954014820737024
1185954014933991426
1185954015001088000
1185954015290580992
1185954015298949121
1185954015307165696
1185954015416332289
1185954015445766146
1185954015454138368
1185954015596699648
1185954015747727361
1185954015923884033
1185954015990829056
1185954016196485120
1185954016242655233
1185954016334712833
1185954016360128512
1185954016498290688
1185954016540483584
1185954016695595008
1185954016770977792
1185954016909582336
1185954017240928258
1185954017240928259
1185954017320587264
1185954017341407234
1185954017962274817
1185954018385977344
1185954018478219264
1185954018478231553
1185954018574639106
1185954018599821314
1185954018683772937
1185954018872512513
1185954018910261248
1185954018922614784
1185954018943623168
1185954019010842624
1185954019073777664
1185954019115704322
1185954019308642306
1185954019379949568
1185954019451330560
1185954019744911360
1185954019891658753
1185954019992395776
1185954020030144512
1185954020092858370
1185954020210466816
1185954020344635393
1185954020348911617
1185954020373999618
1185954020440985600
1185954020449509376
1185954020650708992
1185954020869005313
1185954020877312001
1185954021019996161
1185954021120495618
1185954021183389698
1185954021317718017
1185954021384654849
1185954021615386624
1185954021644918784
1185954021699252225
1185954021816721408
1185954021904924672
1185954022110433281
1185954022177398784
1185954022378786817
1185954022408114181
1185954022487920640
1185954022714478593
1185954022760603648
1185954022814928896
1185954022844293120
1185954023041572865
1185954023095984128
1185954023154823168
1185954023167410176
1185954023175872512
1185954023586832385
1185954023628775424
1185954023876239366
1185954023880515584
1185954023901409281
1185954023934955522
1185954023976902658
1185954024048091136
1185954024287342592
1185954024320897027
1185954024446550017
1185954024496844801
1185954024664764418
1185954024820039681
1185954024983420928
1185954025000329216
1185954025054855168
1185954025088409600
1185954025230913537
1185954025264615428
1185954025352679429
1185954025570783233
1185954025709158401
1185954025763753986
1185954026006941698
1185954026061516800
1185954026162184199
1185954026430447617
1185954026527100928
1185954026657062912
1185954026824728577
1185954026988457985
1185954027298668544
1185954027600859138
1185954027605053441
1185954027835711488
1185954027881803776
1185954028301307904
1185954028431298561
1185954028603281409
1185954028708093952
1185954028846489601
1185954028984983552
1185954028988928000
1185954029064671232
1185954029077192704
1185954029110620161
1185954029119119361
1185954029223833601
1185954029576146944
1185954029601345536
1185954029660262400
1185954029786062849
1185954030004121600
1185954030142607360
1185954030247469061
1185954030289379333
1185954030297796610
1185954030423629824
1185954030591401984
1185954030603784192
1185954030754975745
1185954030784307200
1185954030876614656
1185954030880735232
1185954030889029632
1185954030905909248
1185954030960463875
1185954030968868869
1185954030998167553
1185954031061098496
1185954031128195073
1185954031166017536
1185954031258218502
1185954031283376128
1185954031530696704
1185954031585366018
1185954031757185025
1185954032239595523
1185954032315240450
1185954032495366144
1185954032608780289
1185954032721874944
1185954032764030976
1185954032797569025
1185954033179213829
1185954033376169984
1185954033661550593
1185954033670017025
1185954033694937089
1185954033757904896
1185954033909092352
1185954033929981953
1185954033959194624
1185954034013917184
1185954034026455042
1185954034194223105
1185954034345304065
1185954034378776576
1185954034382827521
1185954034651422721
1185954034697605120
1185954034726789126
1185954034852737024
1185954034982764545
1185954035041492992
1185954035049746433
1185954035129561090
1185954035217641473
1185954035393630209
1185954035435757571
1185954035653926917
1185954035758747648
1185954035792306178
1185954035892920321
1185954035897114628
1185954035926519809
1185954035976683520
1185954036022792192
1185954036090101764
1185954036291383296
1185954036484325377
1185954036610146305
1185954036706676742
1185954036815745025
1185954036953931777
1185954036975128577
1185954037008687110
1185954037449052162
1185954037583286272
1185954037616775168
1185954037667155973
1185954037713141761
1185954037818109954
1185954037964763136
1185954038023630854
1185954038162042880
1185954038212366339
1185954038300327941
1185954038405156864
1185954038459916290
1185954038514421760
1185954038560514050
1185954038829010946
1185954038929604609
1185954038946373632
1185954039160283139
1185954039160328194
1185954039349022722
1185954039529463808
1185954039558791168
1185954039755870209
1185954040233873408
1185954040238071808
1185954040372269057
1185954040464756738
1185954040582160385
1185954040624177160
1185954040666099714
1185954040733151232
1185954040779284480
1185954040871391232
1185954040930357248
1185954040972300288
1185954041098047488
1185954041148383233
1185954041198759936
1185954041211293696
1185954041500712961
1185954041785925634
1185954041869799424
1185954041983098881
1185954041987129344
1185954042230509569
1185954042247286785
1185954042297626626
1185954042452873216
1185954042612256768
1185954042826166273
1185954042989744128
1185954043010654210
1185954043316846592
1185954043513823232
1185954043639808000
1185954043643842561
1185954043652378625
1185954043740467200
1185954043799183365
1185954043945979904
1185954044042469378
1185954044222689280
1185954044310884373
1185954044398825472
1185954044411600896
1185954044449345541
1185954044495486976
1185954044528873472
1185954044537462785
1185954045078523905
1185954045124468737
1185954045304954881
1185954045338341376
1185954045338570753
1185954045367934977
1185954045397229568
1185954045510475778
1185954045703479303
1185954045980282882
1185954045988605952
1185954046110097408
1185954046269706240
1185954046353510401
1185954046399696896
1185954046521139200
1185954046584279040
1185954046772989958
1185954047003631618
1185954047150514178
1185954047163023368
1185954047351758848
1185954047372738560
1185954047435649024
1185954047607607299
1185954047682965505
1185954047808954368
1185954047817388032
1185954047859146752
1185954048073175040
1185954048152948737
1185954048324882432
1185954048429527040
1185954048526245891
1185954048622649345
1185954048672972800
1185954048719110147
1185954048802865152
1185954048815570944
1185954048819810304
1185954048937058304
1185954048995930114
1185954049042141184
1185954049117642754
1185954049369300992
1185954049612505088
1185954049616764928
1185954049671061505
1185954049692196866
1185954050044502017
1185954050245832705
1185954050275188742
1185954050606555136
1185954050744999936
1185954050971525126
1185954051189436417
1185954051231485952
1185954051537670146
1185954051667705857
1185954051831291907
1185954052070232065
1185954052158513152
1185954052171018240
1185954052229734403
1185954052301086720
1185954052389199873
1185954052397514753
1185954052728733696
1185954052837957632
1185954053148180486
1185954053265723394
1185954053320138753
1185954053521580034
1185954053861335042
1185954053903257601
1185954054196944897
1185954054234693632
1185954054238720000
1185954054297530368
1185954054335336448
1185954054553382912
1185954054633152513
1185954054805041152
1185954054842867712
1185954054951841793
1185954054972858371
1185954055094489088
1185954055128080386
1185954055178326020
1185954055266299904
1185954055337730049
1185954055345995776
1185954055438385152
1185954055467737088
1185954055601950721
1185954055605981185
1185954055635554307
1185954056075993088
1185954056184844289
1185954056193359879
1185954056222756865
1185954056247877632
1185954056478609408
1185954056507969542
1185954056591814656
1185954056604409857
1185954056608591873
1185954056944025602
1185954056944140291
1185954056948219905
1185954057057226754
1185954057208221698
1185954057220804608
1185954057241759744
1185954057288142848
1185954057363644418
1185954057552355328
1185954057577480192
1185954057741131778
1185954057766072321
1185954057959038977
1185954058122739712
1185954058387017728
1185954058475069440
1185954058542206979
1185954058567376896
1185954058571517954
1185954058693042176
1185954058898685952
1185954059225894912
1185954059280375809
1185954059490091010
1185954059502653440
1185954059540467713
1185954059611787265
1185954059917897728
1185954059964039175
1185954060027023360
1185954060064579584
1185954060089856000
1185954060152782851
1185954060194607105
1185954060312006661
1185954060375080961
1185954060467351553
1185954060484001792
1185954060572254208
1185954060572286978
1185954060593070082
1185954060622536705
1185954060848943104
1185954060907765761
1185954061075570688
1185954061398499328
1185954061528555522
1185954061566271490
1185954061754994689
1185954061914390529
1185954061918453760
1185954061956407296
1185954062031900673
1185954062073655296
1185954062270906369
1185954062493212675
1185954062673559554
1185954062686212098
1185954062904127489
1185954062904315906
1185954063080402947
1185954063101448193
1185954063168487424
1185954063273398273
1185954063306805248
1185954063516614656
1185954063625510912
1185954063797686273
1185954064024166401
1185954064087080961
1185954064154222599
1185954064372260864
1185954064565227520
1185954064623919104
1185954064670085124
1185954064682631171
1185954064850391040
1185954065043337217
1185954065076932608
1185954065236271104
1185954065324240896
1185954065366147072
1185954065601060864
1185954065630388225
1185954065739468801
1185954065869611013
1185954066150674439
1185954066163044353
1185954066251292672
1185954066381361152
1185954066448281601
1185954066754686976
1185954066981183488
1185954067123785728
1185954067224375296
1185954067404578816
1185954067438284801
1185954067656269824
1185954067773829121
1185954067832459264
1185954067870298114
1185954067958419456
1185954067979227136
1185954067987779584
1185954068189061121
1185954068197453824
1185954068297994240
1185954068348448768
1185954068419809281
1185954068721754112
1185954068725977094
1185954068734201856
1185954068767727616
1185954069132660736
1185954069170360320
1185954069178769408
1185954069367509000
1185954069539676160
1185954069594214401
1185954069787095043
1185954069795483654
1185954069967298560
1185954070252507142
1185954070282100743
1185954070340820992
1185954070399344640
1185954070428864513
1185954070537920512
1185954070634401792
1185954070735065089
1185954070768574470
1185954070835666945
1185954070953185280
1185954071066402816
1185954071141855232
1185954071175409665
1185954071372537857
1185954071540224000
1185954071720660992
1185954071779299328
1185954071800438789
1185954071888453632
1185954072014270464
1185954072211275776
1185954072316133376
1185954072404217856
1185954072450490368
1185954072484110336
1185954072526032898
1185954072798646272
1185954072907661314
1185954072916090881
1185954072983003141
1185954073096396801
1185954073113026560
1185954073314508802
1185954073377497088
1185954073469751302
1185954073591406600
1185954073729568768
1185954073926877184
1185954074023337989
1185954074128277511
1185954074182803456
1185954074212098049
1185954074266685446
1185954074270883842
1185954074312822785
1185954074442776576
1185954074463592454
1185954074551902214
1185954074832883714
1185954075046744065
1185954075109707779
1185954075126501379
1185954075545948162
1185954075571032065
1185954075843518465
1185954076300894208
1185954076376256512
1185954076435058688
1185954076694999040
1185954076959240192
1185954076967747585
1185954077227847682
1185954077324316673
1185954077458472960
1185954077697597442
1185954077865336832
1185954078121168896
1185954078175748096
1185954078330949644
1185954078410436615
1185954078528081920
1185954078590820352
1185954078733557765
1185954079064887296
1185954079266267137
1185954079270416386
1185954079283040257
1185954079383703553
1185954079400517637
1185954079635320833
1185954079727480834
1185954079740256257
1185954079765422080
1185954079819943937
1185954079836639234
1185954080088154112
1185954080163880961
1185954080247767043
1185954080281321472
1185954080356745216
1185954080474173440
1185954080654536706
1185954080717361152
1185954080742612992
1185954080830742529
1185954080906022917
1185954081048875008
1185954081090572290
1185954081124372485
1185954081128488968
1185954081153654784
1185954081237430272
1185954081308839936
1185954081375846401
1185954081396928514
1185954081740906496
1185954081774325760
1185954081917079552
1185954081946382338
1185954081975627776
1185954082248364032
1185954082298707970
1185954082462339072
1185954082554568706
1185954082604945410
1185954082655215619
1185954082676195330
1185954082810482688
1185954082869133312
1185954083217256451
1185954083229683712
1185954083397603328
1185954083607404544
1185954083695251456
1185954083712241664
1185954083728789504
1185954083762515970
1185954083900928000
1185954083930333187
1185954083946893312
1185954083980615683
1185954084156792832
1185954084223963137
1185954084337180674
1185954084362301440
1185954084433608705
1185954084475392000
1185954084484009985
1185954084697690112
1185954084903440384
1185954085171875840
1185954085175824384
1185954085205245953
1185954085247148037
1185954085305847810
1185954085360373761
1185954085415067649
1185954085482176515
1185954085511553025
1185954085515726848
1185954085620473858
1185954085641609226
1185954085830365184
1185954085880680454
1185954086153281537
1185954086312697857
1185954086388228096
1185954086404927488
1185954086417522688
1185954086451142657
1185954086585278464
1185954086958452736
1185954087134728195
1185954087159898116
1185954087356919808
1185954087487057921
1185954087524851716
1185954087612887040
1185954087742738432
1185954087742922752
1185954087935926279
1185954087940046849
1185954088011341832
1185954088086724609
1185954088116244480
1185954088220946433
1185954088267202563
1185954088393019392
1185954088590151681
1185954088720183308
1185954088816525312
1185954088976113664
1185954089110327296
1185954089248722944
1185954089525362688
1185954089731084288
1185954090175680512
1185954090448117760
1185954090649554947
1185954090779598848
1185954090859106304
1185954090943168513
1185954091161346048
1185954091337433088
1185954091467448320
1185954091538751488
1185954092050305024
1185954092188782592
1185954092277030912
1185954092369268737
1185954092369301511
1185954092431994880
1185954092486512640
1185954092511686656
1185954092578942977
1185954092641914881
1185954092658630657
1185954092956422146
1185954093359124481
1185954093572870145
1185954093761728514
1185954093799481349
1185954093946175488
1185954094210527233
1185954094504038400
1185954094630035458
1185954094743261186
1185954094940409861
1185954094994874368
1185954095128956928
1185954095326289922
1185954095355629570
1185954095363952641
1185954095548510208
1185954095548551168
1185954095745654784
1185954096186048514
1185954096299139072
1185954096316063749
1185954096370634754
1185954096530034703
1185954096789901313
1185954096823619591
1185954097104609281
1185954097431752710
1185954097523908608
1185954097632964610
1185954097653923845
1185954098148974593
1185954098199183360
1185954098295820290
1185954098350297089
1185954098652340229
1185954098991923200
1185954098996301824
1185954099210149890
1185954099314905090
1185954099533103105
1185954099558113280
1185954099579146241
1185954099658932224
1185954099700912134
1185954100065771520
1185954100292120576
1185954100514443264
1185954100632010752
1185954100783005696
1185954100820627459
1185954100934053889
1185954101319884805
1185954101517008896
1185954101709819904
1185954101743407105
1185954101798100992
1185954101869326337
1185954101969985537
1185954101974179841
1185954102104211459
1185954102515249154
1185954102536278017
1185954102615916544
1185954102662127616
1185954102804500481
1185954102804660224
1185954103228321792
1185954103245062145
1185954103345594373
1185954103358382082
1185954103396052993
1185954103643557888
1185954103689699329
1185954103744065538
1185954103786164226
1185954103798747138
1185954104033587200
1185954104104718336
1185954104167862275
1185954104276901888
1185954104289316864
1185954104583118848
1185954104755003392
1185954104788406272
1185954104880840705
1185954104952197121
1185954105006739458
1185954105040220161
1185954105153511425
1185954105157570560
1185954105350639617
1185954105388351488
1185954105568706560
1185954105602248705
1185954105602269186
1185954105690411010
1185954105711194112
1185954105874759680
1185954106189303808
1185954106394980360
1185954106415947776
1185954106461978625
1185954106873204738
1185954107137445888
1185954107174965248
1185954107212873728
1185954107292561410
1185954107535904770
1185954107552485376
1185954107565195271
1185954107854442498
1185954108206964736
1185954108479553537
1185954108500566017
1185954108559241216
1185954108571734017
1185954108617965568
1185954108630585345
1185954108639010826
1185954108861227009
1185954109129740290
1185954109150679042
1185954109284847617
1185954109339230208
1185954109389557760
1185954109607874562
1185954109767053312
1185954109767090176
1185954110060847105
1185954110392209413
1185954110480244742
1185954110513827846
1185954110773911554
1185954110874574848
1185954110950051840
1185954111159767042
1185954111272955906
1185954111340142595
1185954111348527105
1185954111549669376
1185954111704969217
1185954111797129216
1185954112187310081
1185954112363352065
1185954112527130631
1185954112732577793
1185954112933777408
1185954113282031621
1185954113298796544
1185954113542070272
1185954113764372480
1185954113839861760
1185954113839882241
1185954114037002240
1185954114045394944
1185954114221555714
1185954114359955456
1185954114469089281
1185954114636787713
1185954114703888384
1185954114724777984
1185954115131719680
1185954115144298496
1185954115148402688
1185954115181895680
1185954115194626050
1185954115244843008
1185954115354054656
1185954115412578305
1185954115462893569
1185954115471446017
1185954115483889664
1185954115488223232
1185954115689635840
1185954115748130822
1185954115991425024
1185954115999977477
1185954116255678465
1185954116297609216
1185954116335538177
1185954116389998598
1185954116494938112
1185954116641546240
1185954116645933057
1185954116738134024
1185954116788539393
1185954117212082176
1185954117216280577
1185954117367279616
1185954118004703233
1185954118139023361
1185954118155718657
1185954118193598464
1185954118420049920
1185954118524981249
1185954118621249538
1185954119477071873
1185954119628005376
1185954120009764865
1185954120051544064
1185954120081006593
1185954120252846081
1185954120433319936
1185954120580157440
1185954120710197249
1185954120802488320
1185954120974393345
1185954121100201984
1185954121104482304
1185954121192370178
1185954121205145606
1185954121511309314
1185954121519697920
1185954121909592064
1185954122027147264
1185954122425688064
1185954122500988928
1185954122534666243
1185954122597568513
1185954122677264384
1185954122773741569
1185954123079925767
1185954123172270081
1185954123331657728
1185954123503550464
1185954123557982209
1185954123683979269
1185954123717459968
1185954123755278336
1185954123855867904
1185954123985948673
1185954123990097920
1185954124002680832
1185954124015263752
1185954124057186306
1185954124174712832
1185954124266983424
1185954124371779584
1185954124401201153
1185954124535418880
1185954124556206080
1185954124619309056
1185954124677832704
1185954124686381061
1185954124719775746
1185954124736684032
1185954124820467712
1185954125223251969
1185954125290315776
1185954125323747329
1185954125806264320
1185954125864980482
1185954126259245057
1185954126351474691
1185954126439403520
1185954126791872513
1185954126959529985
1185954127068749826
1185954127169441792
1185954127307661312
1185954127349796866
1185954127387516928
1185954127538470914
1185954127567712257
1185954127672725504
1185954127714631680
1185954127764803585
1185954127777599488
1185954128062767107
1185954128348045312
1185954128364822528
1185954128410877952
1185954128616280064
1185954128616284161
1185954128780025858
1185954129170128896
1185954129501396992
1185954129581002752
1185954129744715777
1185954129748877312
1185954129853763584
1185954129908097025
1185954129987932160
1185954130185064455
1185954130197536768
1185954130357112833
1185954130667270145
1185954130684207104
1185954131082657793
1185954131120291840
1185954131321556992
1185954131393044481
1185954131439247360
1185954131695095809
1185954131724423168
1185954131913183234
1185954131967709184
1185954132110249984
1185954132206768128
1185954132760219648
1185954132970168325
1185954132974170112
1185954133028855809
1185954133272092672
1185954133301268481
1185954133305630721
1185954133351661569
1185954133674737664
1185954133813141513
1185954134001893376
1185954134081581057
1185954134341619712
1185954134433976322
1185954134521982976
1185954134526173184
1185954134601560066
1185954134626725888
1185954134714773504
1185954134773518336
1185954134803042306
1185954135025299456
1185954135222284288
1185954135327285250
1185954135360917507
1185954135482327040
1185954135742517250
1185954135792746496
1185954136480780288
1185954136644304902
1185954136761782273
1185954136799547392
1185954136866447360
1185954136866590720
1185954136896004102
1185954136900210688
1185954137013243909
1185954137034412032
1185954137336401920
1185954137869037573
1185954137877311488
1185954138158489600
1185954138225557507
1185954138296856578
1185954138523361280
1185954138540126209
1185954138561155072
1185954139135729672
1185954139261620224
1185954139286716417
1185954139483721731
1185954139819393024
1185954139848577025
1185954140058460160
1185954140209459201
1185954140289146882
1185954140309966848
1185954140347949056
1185954140637351937
1185954140888817664
1185954140972814337
1185954141006376961
1185954141023154177
1185954141064949761
1185954141065109504
1185954141207707648
1185954141228720128
1185954141258027009
1185954141266296832
1185954141266464768
1185954141274689536
1185954141316833285
1185954141371281411
1185954141467742208
1185954141476216835
1185954141518077954
1185954141711032324
1185954141778206720
1185954141916585987
1185954142054797312
1185954142482763776
1185954142495358976
1185954142516322304
1185954142558121985
1185954142579240961
1185954142683987974
1185954142696755200
1185954142990340096
1185954143367598085
1185954143611031558
1185954144210702336
1185954144449945608
1185954144508698624
1185954144743493632
1185954144747708416
1185954144894492677
1185954144957403136
1185954144982573065
1185954144999395332
1185954145078923264
1185954145079058434
1185954145360056320
1185954145603325952
1185954145624346624
1185954145641123840
1185954145683017728
1185954145741737985
1185954145800507393
1185954145955659778
1185954146001670144
1185954146043781120
1185954146417025025
1185954146580488192
1185954146693894147
1185954146781814786
1185954146861473792
1185954146882600960
1185954147159478272
1185954147176083456
1185954147201404931
1185954147297677314
1185954147423653888
1185954147797028864
1185954147805343752
1185954147872497665
1185954148027682816
1185954148199456775
1185954148207841284
1185954148371648512
1185954148413530113
1185954148489060353
1185954148602171392
1185954148665249792
1185954148799393794
1185954148862189568
1185954149084598274
1185954149126545408
1185954149168570368
1185954149172576257
1185954149252370432
1185954149361504256
1185954149550084101
1185954149600509953
1185954150116417536
1185954150149971969
1185954150183587841
1185954150191898624
1185954150355390464
1185954150418452481
1185954150607028224
1185954150682714112
1185954150816899072
1185954150829289474
1185954150837866501
1185954150867062789
1185954150930178049
1185954151034961921
1185954151127277568
1185954151387271169
1185954151404097536
1185954151663980545
1185954151886442496
1185954152037240833
1185954152079413249
1185954152305713153
1185954152561741825
1185954152578371584
1185954152813346816
1185954152926466048
1185954153517998080
1185954153643855878
1185954153656438791
1185954153799077888
1185954153874354176
1185954154100846593
1185954154121977861
1185954154168143872
1185954154344255490
1185954154348535808
1185954154361118720
1185954154587545602
1185954154793099264
1185954154906312709
1185954155271114753
1185954155371880448
1185954155426398210
1185954155438854145
1185954155850031109
1185954155896233986
1185954156030222337
1185954156298813441
1185954156328210434
1185954156508397568
1185954156827136000
1185954156894445569
1185954156936400902
1185954156961353728
1185954157007556609
1185954157225746435
1185954157406117896
1185954157506764801
1185954157540233216
1185954157703901184
1185954157712302081
1185954157775216640
1185954157783592960
1185954157942972417
1185954158052085761
1185954158400151554
1185954158442090497
1185954158542761989
1185954158580355074
1185954158781833221
1185954158857375745
1185954159020957698
1185954159104708615
1185954159431950336
1185954159469580288
1185954159469588481
1185954159612313602
1185954159666708481
1185954159838846977
1185954159880818689
1185954159964626953
1185954160002420739
1185954160065146880
1185954160065372161
1185954160522551306
1185954160694452224
1185954160816087040
1185954160849670144
1185954160866484225
1185954160992280576
1185954161122271238
1185954161227190275
1185954161239777282
1185954161285689344
1185954161298415616
1185954161449488384
1185954161717850113
1185954161734701057
1185954161755451394
1185954162099380224
1185954162334490624
1185954162456047618
1185954162535735297
1185954162690940928
1185954162841968640
1185954162934190081
1185954163005390848
1185954163043328000
1185954163064094722
1185954163131408384
1185954163135569920
1185954163211079686
1185954163345117184
1185954163408064512
1185954163517206528
1185954163525599232
1185954163567423488
1185954163869523968
1185954163924094976
1185954164096094209
1185954164108615681
1185954164200890368
1185954164276371458
1185954164313968640
1185954164498685953
1185954164741935104
1185954164804915200
1185954164989288449
1185954165043814400
1185954165094305793
1185954165123616769
1185954165425524736
1185954165786320897
1185954165790429184
1185954165983498241
1185954166365048832
1185954166495158272
1185954166616625158
1185954166906093568
1185954166935609347
1185954166998519809
1185954167501705217
1185954167531229189
1185954167673839617
1185954167715762182
1185954167787081728
1185954167937880065
1185954167958978560
1185954168097239040
1185954168407654403
1185954168642531328
1185954168701251590
1185954168810303493
1185954169095675905
1185954169108217856
1185954169166974976
1185954169238249473
1185954169452138497
1185954169762402305
1185954169783492608
1185954169829638144
1185954170047750145
1185954170097946624
1185954170156863488
1185954170240520197
1185954170446041088
1185954170681118721
1185954170802753538
1185954170831982593
1185954170999730176
1185954171075231744
1185954171150839816
1185954171155030021
1185954171536773120
1185954171629047808
1185954171637436416
1185954171867918338
1185954171888889856
1185954171947802624
1185954172111339531
1185954172220399617
1185954172228788225
1185954172501315584
1185954172606275584
1185954172664983552
1185954173008916480
1185954173151526913
1185954173327724544
1185954173524705280
1185954173650530305
1185954173726031872
1185954174095237120
1185954174099509248
1185954174145417217
1185954174212677632
1185954174351167498
1185954174384648194
1185954174418112513
1185954174657167365
1185954174808317956
1185954175269642240
1185954175433224192
1185954175689121793
1185954175877709824
1185954176070602752
1185954176213442563
1185954176217563136
1185954176611708928
1185954176653824000
1185954176771088384
1185954177022693376
1185954177098211328
1185954177270341633
1185954177454874625
1185954177496879105
1185954177652088832
1185954177673027585
1185954177727520774
1185954178008416256
1185954178096607232
1185954178247606272
1185954178318749696
1185954178339950592
1185954178348339205
1185954178675412994
1185954178713174018
1185954178797129728
1185954178922897417
1185954178931126273
1185954179648503808
1185954179656900608
1185954179673706502
1185954179791101954
1185954179929563137
1185954179992489984
1185954180176982017
1185954180525187072
1185954180650766337
1185954180676096003
1185954180793618433
1185954180915257345
1185954181062057987
1185954181250719744
1185954181322039296
1185954181443661826
1185954181510774784
1185954181531623424
1185954181535932416
1185954181833728002
1185954181984731138
1185954181988925440
1185954182135721984
1185954182299295751
1185954182374838272
1185954182404161539
1185954182584590336
1185954182634856449
1185954182936891392
1185954183041691648
1185954183146397696
1185954183326896128
1185954183356153856
1185954183750520833
1185954183767195648
1185954184056705024
1185954184060981249
1185954184367083521
1185954184383926272
1185954184413286402
1185954184450981888
1185954184467812357
1185954184903839744
1185954185063424000
1185954185264517121
1185954185482772480
1185954185541324805
1185954185558118400
1185954185579237376
1185954185717542914
1185954185810006017
1185954185889452032
1185954186015465472
1185954186053111808
1185954186095185920
1185954186191503360
1185954186275373056
1185954186283880450
1185954186296475649
1185954186321641474
1185954186510376961
1185954186560786432
1185954186745274369
1185954186883715072
1185954186942386178
1185954186950627328
1185954187269545984
1185954187726733312
1185954187869392896
1185954187915550720
1185954188057907201
1185954188213121026
1185954188242632705
1185954188276056065
1185954188322209792
1185954188402089984
1185954188431450122
1185954188469112832
1185954188469198849
1185954188494176256
1185954188649349121
1185954188892819457
1185954188905340928
1185954188926173184
1185954189328998402
1185954189576409088
1185954189614018560
1185954189639159808
1185954189802799104
1185954190050418688
1185954190323048449
1185954190335434752
1185954190360793088
1185954190364991493
1185954190385958916
1185954190562074624
1185954190587289601
1185954190599823361
1185954190654242817
1185954190746537985
1185954190838980618
1185954191467958272
1185954191648403456
1185954192034336769
1185954192227069957
1185954192352890880
1185954192407425024
1185954192570978305
1185954193208594432
1185954193368113152
1185954193477001216
1185954193506484226
1185954193628110849
1185954193754021894
1185954194165059586
1185954194366164992
1185954194408144896
1185954194517311488
1185954194643046407
1185954195163308032
1185954195263950848
1185954195276476419
1185954195284942849
1185954195406499840
1185954195578458113
1185954195704287234
1185954195800764419
1185954195817545728
1185954195825987587
1185954195993747456
1185954196694228994
1185954196752916480
1185954196773847040
1185954196874584064
1185954197188964357
1185954197432258560
1185954197872795650
1185954198178934784
1185954198334201859
1185954198443220993
1185954198485192708
1185954198497583104
1185954198501896193
1185954198623420416
1185954198900355072
1185954198921326594
1185954198988480512
1185954199143682050
1185954199663792129
1185954200255193088
1185954200301252608
1185954200389222400
1185954200607322112
1185954200611635200
1185954200695361537
1185954200997396481
1185954200997584897
1185954201140191232
1185954201211490305
1185954201257627653
1185954201618268161
1185954201702146049
1185954201765138432
1185954202025189377
1185954202050187264
1185954202293620739
1185954202377506817
1185954202985648128
1185954203165839360
1185954203207778305
1185954203220533248
1185954203275018240
1185954203295862784
1185954203493158923
1185954203610386432
1185954203618828288
1185954203618828289
1185954203677679616
1185954203870662656
1185954204004868096
1185954204105371648
1185954204193558528
1185954204373774337
1185954204386504705
1185954204411674626
1185954204709507072
1185954204768190465
1185954204789047296
1185954204852084736
1185954204927627265
1185954205082837009
1185954205296742400
1185954205384753158
1185954205426683905
1185954205434953729
1185954205435084800
1185954205531439104
1185954206013894656
1185954206030684161
1185954206307491840
1185954206341054464
1185954206345285635
1185954206387261440
1185954206450098176
1185954206458564608
1185954206647275521
1185954206680698880
1185954206697644033
1185954206852603905
1185954207074930688
1185954207196692486
1185954207242899457
1185954207356112897
1185954207704240129
1185954207947464708
1185954208262098945
1185954208316477440
1185954208366972929
1185954208425611265
1185954208425676805
1185954208496996358
1185954208551493633
1185954208626819073
1185954208626946048
1185954208656379905
1185954208866099201
1185954209088315399
1185954209117691905
1185954209151238145
1185954210250051584
1185954210258522112
1185954210392596481
1185954210506051584
1185954210522763264
1185954210631864321
1185954210640121856
1185954211009355776
1185954211118374917
1185954211395059713
1185954211588182017
1185954211646693376
1185954211659505664
1185954211684671489
1185954211801915392
1185954211919364103
1185954211978268672
1185954212145971200
1185954212443758593
1185954212456345601
1185954212506677249
1185954212703854595
1185954212904984576
1185954212938702848
1185954212968091649
1185954212993228800
1185954213165260800
1185954213228175366
1185954213467217920
1185954213483827201
1185954213555245056
1185954213563719685
1185954213764878337
1185954213840338944
1185954213886681093
1185954213924392960
1185954214230577152
1185954214238928897
1185954214272536578
1185954214347980801
1185954214473809921
1185954214507241472
1185954214523965441
1185954214578552832
1185954214674976769
1185954214822006785
1185954214880645120
1185954214947762183
1185954215220404225
1185954215308476416
1185954215367233536
1185954215396438017
1185954215493079041
1185954215513989120
1185954215765643266
1185954215916703745
1185954216017387520
1185954216059310080
1185954216617136133
1185954216671678465
1185954216977797120
1185954217099452416
1185954217254686720
1185954217435025408
1185954217581789185
1185954217640353793
1185954217644580865
1185954217825128448
1185954217837682688
1185954217963462658
1185954218110279684
1185954218294857728
1185954218361937921
1185954218546548737
1185954218659778560
1185954218810793984
1185954218894430208
1185954218961707009
1185954219007692800
1185954219053977600
1185954219150450690
1185954219154640902
1185954219221835777
1185954219255369733
1185954219368632320
1185954219402125313
1185954219523637249
1185954219590897665
1185954219674624001
1185954219683131392
1185954219724951553
1185954219875921920
1185954219955806208
1185954220106813441
1185954220165521408
1185954220199034880
1185954220245209089
1185954220308094976
1185954220538613761
1185954220681285632
1185954220689805312
1185954221205737472
1185954221440557057
1185954221461512198
1185954221482332160
1185954221520232449
1185954221566263296
1185954221578997761
1185954221809553408
1185954221885030401
1185954221922963456
1185954221998276609
1185954222027743232
1185954222141038592
1185954222178799617
1185954222342320128
1185954222375874560
1185954222430478336
1185954222656782336
1185954222820356097
1185954222862299138
1185954223030185986
1185954223034232832
1185954223172788228
1185954223193837568
1185954223214735369
1185954223231385601
1185954223458004992
1185954223512543232
1185954223709667331
1185954223814365184
1185954224070365187
1185954224284164098
1185954224498249731
1185954224602939392
1185954224615522304
1185954224645050368
1185954224670236676
1185954224737095680
1185954224770895877
1185954224896651266
1185954225097859072
1185954225131577350
1185954225387388931
1185954225395601408
1185954225639038976
1185954225853026307
1185954225962078209
1185954225978654721
1185954226167517189
1185954226167570434
1185954226322788352
1185954226427424768
1185954226431823877
1185954226708602880
1185954226783940609
1185954226788360192
1185954227165765634
1185954227300028416
1185954227488772096
1185954228054851586
1185954228100972545
1185954228357029888
1185954228633665536
1185954228700733441
1185954228747026432
1185954228747079680
1185954229141278720
1185954229254606848
1185954229330034688
1185954229438971904
1185954229451722752
1185954229543985152
1185954229820768256
1185954229954977793
1185954229976031234
1185954230072496129
1185954230240186380
1185954230386999300
1185954230512697345
1185954230533705728
1185954230588395520
1185954230668005378
1185954230743388160
1185954231032827905
1185954231238512640
1185954231255212034
1185954231620198400
1185954232043737089
1185954232282865664
1185954232379179008
1185954232958148613
1185954233146892288
1185954233356472321
1185954233599909888
1185954233620881408
1185954233633460227
1185954233755062272
1185954233910267905
1185954233939644417
1185954234182897665
1185954234384224257
1185954234396602369
1185954234417713153
1185954234426155009
1185954234455527424
1185954234568716295
1185954234576953345
1185954234665058306
1185954234686234626
1185954234858164231
1185954234862190592
1185954234899947522
1185954235101450240
1185954235105591296
1185954235118227456
1185954235319488513
1185954235621498882
1185954235915083776
1185954236091322370
1185954236196184064
1185954236711915520
1185954236867186689
1185954237156474880
1185954237240561669
1185954237261504512
1185954237303447554
1185954237357756416
1185954237596831744
1185954237622046720
1185954237689131008
1185954237878067201
1185954237941010437
1185954238469496832
1185954238578544641
1185954238582738946
1185954238687522823
1185954238771400704
1185954238779842560
1185954239056621575
1185954239077478401
1185954239153102849
1185954239161483264
1185954239476043777
1185954239584985088
1185954239593373696
1185954240285564933
1185954240323342337
1185954240407040000
1185954240524673024
1185954240780492800
1185954240797134848
1185954240835047424
1185954240906321920
1185954240914526209
1185954240977612800
1185954241279598592
1185954241313046528
1185954241661161472
1185954242005291009
1185954242089103361
1185954242118504448
1185954242219204608
1185954242378420224
1185954242537951232
1185954242605047811
1185954242630164481
1185954242932158464
1185954242936348673
1185954242982363136
1185954243041099776
1185954243112509445
1185954243171229697
1185954243359981568
1185954243435364352
1185954243456450564
1185954243556937728
1185954243561308161
1185954243561345025
1185954243762626563
1185954243775205377
1185954243775270918
1185954243829751808
1185954244593160192
1185954244601364480
1185954244605698049
1185954244681179143
1185954244731392000
1185954244769144832
1185954245255647232
1185954245314433024
1185954245406842880
1185954246048604161
1185954246308564993
1185954246413434880
1185954246455222272
1185954246530871296
1185954246568665090
1185954246602174464
1185954246644113409
1185954246803410944
1185954246975545347
1185954247076143105
1185954247197765632
1185954247235555329
1185954247273254912
1185954247650762753
1185954247709360128
1185954247717855232
1185954247755599872
1185954247797551104
1185954247843766272
1185954247852134400
1185954248397414401
1185954248472891393
1185954248498073601
1185954248523157514
1185954248770478085
1185954249005506561
1185954249013891072
1185954249064308746
1185954249068421129
1185954249273991168
1185954249416548354
1185954249429147651
1185954249466961920
1185954249508675585
1185954249630310401
1185954249647296512
1185954249651433472
1185954249886203904
1185954250024726530
1185954250410446848
1185954250469363715
1185954250519646208
1185954250582560772
1185954250821554176
1185954250968522752
1185954251253661696
1185954251396268033
1185954251668746245
1185954251668779009
1185954251949985793
1185954251970957314
1185954252168093698
1185954252222537733
1185954252264480770
1185954252365139974
1185954252654399488
1185954252881092608
1185954253258534913
1185954253468246017
1185954253518577664
1185954253606653957
1185954253787090944
1185954253925429249
1185954253967384576
1185954254017695745
1185954254156189697
1185954254210686977
1185954254307115010
1185954254420434944
1185954254470684672
1185954254579814403
1185954254923718657
1185954255003439106
1185954255515144193
1185954255577833472
1185954255900938242
1185954256127434756
1185954256421044224
1185954257117351938
1185954257134084096
1185954257251516422
1185954257289302017
1185954257301921792
1185954257691910144
1185954257750523905
1185954257805037573
1185954257880662048
1185954258019110915
1185954258333638656
1185954258358812672
1185954258396409856
1185954258421780480
1185954258580987905
1185954258694426624
1185954258920902656
1185954258987958272
1185954259176755204
1185954259461988353
1185954259663241216
1185954259709202435
1185954259776561153
1185954259784884232
1185954259814244352
1185954259876990976
1185954260103630848
1185954260388929537
1185954260497960960
1185954260615421952
1185954260665671680
1185954260678258689
1185954260929916930
1185954261043163136
1185954261135433729
1185954261466828800
1185954261617795073
1185954261739245569
1185954261961707521
1185954262037270529
1185954262104322048
1185954262133727234
1185954262276300800
1185954262360248321
1185954262372835328
1185954262536179712
1185954262573932544
1185954262678937604
1185954262754430977
1185954262855094274
1185954262938877952
1185954263006101505
1185954263186452481
1185954263228469255
1185954263257800704
1185954263354105856
1185954263597498370
1185954263933034504
1185954264054669312
1185954264247603204
1185954264725819392
1185954264985866246
1185954265011015681
1185954265057103873
1185954265208152064
1185954265367375873
1185954265413632006
1185954265484804096
1185954265900011520
1185954265950576640
1185954266000908289
1185954266017599491
1185954266017603588
1185954266248294409
1185954266256760833
1185954266697089024
1185954266789404672
1185954267150127105
1185954267166842883
1185954267854725120
1185954267867308032
1185954268123193345
1185954268311904256
1185954268349517824
1185954268416794624
1185954268420853760
1185954268626292736
1185954268701966337
1185954269024915461
1185954269066858498
1185954269272264704
1185954269322723329
1185954269431599104
1185954269448626178
1185954269700247552
1185954269767327745
1185954270002188288
1185954270031613953
1185954270048346112
1185954270060974080
1185954270186745856
1185954270224371713
1185954270253895680
1185954270413250575
1185954270476029952
1185954270622806016
1185954270828531714
1185954270991896581
1185954271088525313
1185954271285665792
1185954271323443200
1185954271365423106
1185954271373778944
1185954271617044480
1185954271789010944
1185954271960977415
1185954272070000642
1185954272627822592
1185954272640405507
1185954272812380161
1185954272858529792
1185954272866783232
1185954272871145473
1185954273026289664
1185954273139576832
1185954273315569664
1185954273332469762
1185954273546375168
1185954273802113024
1185954273835835392
1185954274079133698
1185954274435653632
1185954274481770503
1185954274544480256
1185954274888413185
1185954275035271168
1185954275228291077
1185954275307864065
1185954275337347075
1185954275559727104
1185954275765243905
1185954275932770306
1185954275953823744
1185954276054573058
1185954276184678400
1185954276264292352
1185954276474019841
1185954276712972289
1185954276746641412
1185954276952154117
1185954277082185734
1185954277178707969
1185954277224833025
1185954277254205440
1185954277388251136
1185954277556133892
1185954277610541057
1185954277644218369
1185954277870714880
1185954277929320449
1185954278080466945
1185954278130831362
1185954278235672576
1185954278327934976
1185954278608982021
1185954278646542336
1185954278772490241
1185954278910902272
1185954279007444994
1185954279066091520
1185954279120609280
1185954279187714049
1185954279439437824
1185954279615533057
1185954279674138625
1185954279699275777
1185954279707856904
1185954279821058048
1185954279841910785
1185954279863009280
1185954280169263104
1185954280404062209
1185954280651608065
1185954280819363840
1185954281016516608
1185954281557544960
1185954281633046530
1185954281888706560
1185954282182512642
1185954282249641984
1185954282547437568
1185954282564141061
1185954282673192962
1185954282769702912
1185954282857779202
1185954282887090177
1185954282908147713
1185954283210100737
1185954283461713921
1185954283516289025
1185954283658846209
1185954283713204225
1185954283747008512
1185954283801452545
1185954283952443395
1185954283985858560
1185954284027994112
1185954284132810754
1185954284262871040
1185954284485128194
1185954284531306502
1185954284577476610
1185954284745179138
1185954284896169987
1185954284912832515
1185954285244145664
1185954285294632966
1185954285374394368
1185954285466439680
1185954285609193473
1185954285630173184
1185954285663772672
1185954285684551680
1185954285768642560
1185954285831540738
1185954285835603968
1185954285902876672
1185954285969985537
1185954286183821314
1185954286209044480
1185954286368374784
1185954286401966085
1185954286414393344
1185954286443712512
1185954286502436870
1185954286620033025
1185954286817206274
1185954286913622017
1185954287140122624
1185954287320555525
1185954287354044416
1185954287395975176
1185954287517655040
1185954287844823040
1185954287937044480
1185954288188772353
1185954288255799298
1185954288423620608
1185954288608002049
1185954288817729536
1185954288926892032
1185954289002467329
1185954289149190144
1185954289161834496
1185954289275035648
1185954289291812864
1185954289409241089
1185954289547649025
1185954289610645504
1185954289623195649
1185954289828712448
1185954290071937024
1185954290281697280
1185954290336174083
1185954290344611840
1185954290420125696
1185954290499760128
1185954290608889856
1185954290642423809
1185954290717876224
1185954290885709829
1185954290927464449
1185954291183259648
1185954291372232705
1185954291447668736
1185954291552530433
1185954291552608257
1185954291938402305
1185954291992809473
1185954292320133120
1185954292370247681
1185954292387209216
1185954292462706688
1185954292601098240
1185954292664012802
1185954292802473987
1185954292903141377
1185954293016338432
1185954293054091264
1185954293288976384
1185954293389488129
1185954293557481472
1185954293561593861
1185954293611925505
1185954293624369158
1185954294010392577
1185954294190628864
1185954294215761921
1185954294459187201
1185954294639583232
1185954294698250240
1185954294794727424
1185954295025266688
1185954295138652160
1185954295151284224
1185954295172255745
1185954295205761024
1185954295239200769
1185954295348379648
1185954295633661952
1185954295654436864
1185954295956545536
1185954296006754304
1185954296048828417
1185954296099008512
1185954296132587522
1185954296292171778
1185954296480829440
1185954296652713986
1185954296656875520
1185954296883494915
1185954297076469761
1185954297089052673
1185954297135226880
1185954297164587008
1185954297302917121
1185954297407778817
1185954297592209408
1185954297869033472
1185954297927884800
1185954297936318464
1185954298242523137
1185954298271879168
1185954298292654085
1185954298410229760
1185954298431188992
1185954298472980482
1185954298473205762
1185954298586255360
1185954298691235840
1185954298947084298
1185954299219722240
1185954299555262464
1185954299722924034
1185954299748077568
1185954299882463232
1185954299915800576
1185954300075433984
1185954300163313664
1185954300306120704
1185954300461228032
1185954300503248896
1185954300503248897
1185954300515631104
1185954300528398339
1185954300557549569
1185954300607918080
1185954300805177345
1185954300838797313
1185954300960264192
1185954301014872066
1185954301123813376
1185954301245579265
1185954301509812225
1185954301635629056
1185954301656494080
1185954301660860416
1185954301686042624
1185954301706952705
1185954301786689537
1185954301966835712
1185954301975367681
1185954302143033344
1185954302269034497
1185954302478565377
1185954302520713216
1185954302654853120
1185954302881402881
1185954302885429248
1185954302902358016
1185954302956883969
1185954303032381440
1185954303032414215
1185954303317557248
1185954303325986816
1185954303371952128
1185954303439183877
1185954303489597440
1185954303820910596
1185954303984492545
1185954304026218497
1185954304047353856
1185954304139694081
1185954304143822848
1185954304374591489
1185954304416305159
1185954304433242118
1185954304445861891
1185954304466796544
1185954304797995008
1185954304865325061
1185954305049878528
1185954305137885190
1185954305150308353
1185954305162891264
1185954305184096256
1185954305645244417
1185954306010374150
1185954306039660546
1185954306215895041
1185954306232504322
1185954306232635394
1185954306299748352
1185954306324869122
1185954306396176384
1185954306417135617
1185954306509430784
1185954306580566017
1185954306584911872
1185954306601766912
1185954306647887873
1185954306656223233
1185954306677182464
1185954306677248001
1185954306719174656
1185954306752761856
1185954307029340165
1185954307205672960
1185954307289616384
1185954307302199296
1185954307302219777
1185954307365052417
1185954307453132800
1185954307516063744
1185954307671318532
1185954307969040384
1185954308275220481
1185954308514148354
1185954308677914630
1185954308744994821
1185954308950388736
1185954309000847361
1185954309021806593
1185954309231566849
1185954309311213569
1185954309437042688
1185954309579653120
1185954309780819968
1185954309835329537
1185954309885878272
1185954309915074560
1185954309969731584
1185954310032461824
1185954310074634241
1185954310158348288
1185954310179512321
1185954310196203527
1185954310267555841
1185954310309462017
1185954310326083584
1185954310536028162
1185954310741471235
1185954310812622848
1185954310812684292
1185954310871486464
1185954311223689216
1185954311223857153
1185954311345496065
1185954311479746560
1185954311546773504
1185954312058560513
1185954312112885760
1185954312159137792
1185954312159145986
1185954312301752320
1185954312339513350
1185954312490487808
1185954312503083008
1185954312691703808
1185954312754749440
1185954312842694656
1185954312897343488
1185954313446625280
1185954313501327363
1185954313606184967
1185954313736208385
1185954313769816072
1185954313811546118
1185954313929146368
1185954314004717569
1185954314151497729
1185954314210152448
1185954314419748864
1185954314428264449
1185954314432516097
1185954314675740678
1185954314893877255
1185954315107733504
1185954315141148675
1185954315502063619
1185954315573153793
1185954315610906624
1185954315678240769
1185954315799814145
1185954315862794243
1185954316026290176
1185954316026372098
1185954316189863937
1185954316957442050
1185954317083250689
1185954317137829889
1185954317150441472
1185954317175578627
1185954317200695296
1185954317691437057
1185954317704093697
1185954317825724418
1185954317917966341
1185954317934747648
1185954318031228929
1185954318077153281
1185954318479974405
1185954318685556736
1185954318723305477
1185954318853300224
1185954318962151424
1185954319373422593
1185954319499169792
1185954319721472002
1185954320094814209
1185954320120012801
1185954320161726464
1185954320254148608
1185954320312950784
1185954320581382147
1185954320690405377
1185954320774098944
1185954320820396033
1185954321029980160
1185954321185198080
1185954321223028737
1185954321277554691
1185954321520828416
1185954321684254720
1185954321835483137
1185954322292588545
1185954322351149056
1185954322544070656
1185954322586189827
1185954322745626625
1185954322875650051
1185954323034857472
1185954323122884609
1185954323454398465
1185954323467046913
1185954323882217475
1185954323999670272
1185954324007936005
1185954324016271360
1185954324599341056
1185954324599496704
1185954324695965696
1185954324729487361
1185954324830150658
1185954325027151872
1185954325111197698
1185954325471756295
1185954325547376640
1185954325689851905
1185954325799018497
