1185942247348543488
1185942248602497024
1185942250775289856
1185942253522440193
1185942253707116544
1185942254420185090
1185942254621515777
1185942255682670592
1185942256672481280
1185942258333310977
1185942259176558597
1185942259482714113
1185942259512086530
1185942259663081472
1185942259935645697
1185942260262686721
1185942260317331458
1185942260552044544
1185942260703223808
1185942262796021766
1185942262837964800
1185942263077097472
1185942263496630279
1185942265132277761
1185942265803337728
1185942266633957378
1185942266768175104
1185942267657359367
1185942267778883584
1185942268764663809
1185942271235100673
1185942271243542528
1185942271256076289
1185942271285436417
1185942271289626625
1185942271440674817
1185942271469985792
1185942271914663936
1185942272011051014
1185942272250175488
1185942272338202630
1185942274234077186
1185942274255020035
1185942274414239744
1185942274800324608
1185942278096879616
1185942278260477957
1185942278293970944
1185942278382194688
1185942279682437120
1185942280290623491
1185942280886194176
1185942281523814400
1185942282261938176
1185942282459140098
1185942282660274176
1185942282954006528
1185942283155378178
1185942283297927168
1185942283901898752
1185942283977482240
1185942284275077122
1185942284761796608
1185942285093167104
1185942285172854790
1185942285378359308
1185942285508329474
1185942286158331908
1185942286170902528
1185942286821142528
1185942286976335872
1185942287639109633
1185942287865565186
1185942288792510465
1185942288817627136
1185942288968617985
1185942289035808769
1185942289471954944
1185942290365370370
1185942290369413121
1185942292164562944
1185942292172963840
1185942292408012800
1185942292596703232
1185942292663865344
1185942292949024768
1185942293515309061
1185942293594816514
1185942293892780032
1185942294073106432
1185942294215745536
1185942294228340737
1185942294320603136
1185942294618394624
1185942295151026177
1185942297189453825
1185942297302700032
1185942297772515334
1185942298917588992
1185942299525701632
1185942300234375168
1185942301295730690
1185942301601943556
1185942303271215106
1185942303724199937
1185942303736848386
1185942304185561088
1185942304239964160
1185942306265784320
1185942306349862913
1185942307117420549
1185942307624947713
1185942307905982470
1185942308346302465
1185942308400914433
1185942308912586753
1185942309604511745
1185942310095331328
1185942312045744129
1185942312708382721
1185942314243383297
1185942314860122119
1185942315912826880
1185942316911124482
1185942317447962625
1185942318169362432
1185942318647578624
1185942318861504512
1185942319712866310
1185942320509665280
1185942320853729285
1185942321788903424
1185942321914961920
1185942322057490436
1185942322590244864
1185942323101945858
1185942323147862016
1185942325400346624
1185942326000140290
1185942326285422592
1185942326507724800
1185942328394993665
1185942328512368650
1185942328525164547
1185942329825415169
1185942329946976261
1185942331607912450
1185942331675074560
1185942331746344960
1185942331784073217
1185942332421607424
1185942333004500992
1185942333658980356
1185942333776420864
1185942333990277125
1185942334128574464
1185942334434959361
1185942334929866752
1185942337266081795
1185942337463160832
1185942337580654592
1185942337756811264
1185942338947825664
1185942339698778113
1185942340936097792
1185942340994768898
1185942341531635712
1185942341779111936
1185942342156636163
1185942342626353155
1185942344731787266
1185942344765456384
1185942345835044864
1185942347063775232
1185942347240148995
1185942347982331904
1185942349559394304
1185942349626691586
1185942349647622145
1185942349869961217
1185942349890887680
1185942351245524992
1185942352134901761
1185942352491245568
1185942353145520128
1185942353850310656
1185942354106208258
1185942354131243009
1185942354248683520
1185942354357870592
1185942355725168640
1185942355846881281
1185942356828262402
1185942357222526979
1185942358266920960
1185942358564757504
1185942358959022080
1185942361672736769
1185942362121392128
1185942363190939649
1185942365384646657
1185942365560852483
1185942366122921985
1185942366210932738
1185942367372742656
1185942367511162880
1185942367704096768
1185942368895328257
1185942368991756288
1185942369469894658
1185942369905938432
1185942370438787072
1185942370644353028
1185942371894267906
1185942372267495426
1185942372993159168
1185942373131575296
1185942374335172608
1185942374645501955
1185942375232917504
1185942376273068032
1185942376486973442
1185942376755298304
1185942376788852737
1185942376881238016
1185942376902094853
1185942377170636801
1185942377506066432
1185942377883754496
1185942379930497025
1185942380614213632
1185942382468050946
1185942382975565826
1185942383554453509
1185942384296615936
1185942384531689472
1185942384846225408
1185942385026568199
1185942385156476929
1185942385156591616
1185942385789767680
1185942386008047616
1185942388621099008
1185942388684083200
1185942389761941511
1185942390500143105
1185942390714109952
1185942390739292160
1185942391670411264
1185942391875915776
1185942392253353986
1185942392341438464
1185942392853151744
1185942393083707393
1185942393188687880
1185942393666899968
1185942393796710400
1185942393796861952
1185942394216144896
1185942394656694279
1185942394870603776
1185942395076014080
1185942395868696576
1185942396334493696
1185942396359643137
1185942396489650179
1185942396615430150
1185942396808372224
1185942397366292480
1185942397466882053
1185942397664088064
1185942399832469506
1185942399832473602
1185942400197373957
1185942401124360192
1185942403162820608
1185942403955380224
1185942404836270084
1185942404882456576
1185942404916011008
1185942405184475138
1185942405419192321
1185942406543228928
1185942406769700864
1185942409030619136
1185942409114308609
1185942409143828486
1185942409206743042
1185942409777037312
1185942409886212096
1185942410121089024
1185942410368565254
1185942411266215937
1185942412398682112
1185942413577277441
1185942413715607556
1185942413807890435
1185942414176899072
1185942414227365888
1185942414852272128
1185942415003271170
1185942416022478848
1185942416391573504
1185942416618078208
1185942418476146688
1185942419277320192
1185942420166459392
1185942420925665280
1185942421332320257
1185942422116880384
1185942422402060288
1185942422632579072
1185942423639351303
1185942425791016961
1185942426155925505
1185942426751569921
1185942427993022469
1185942428009807872
1185942428043370498
1185942428223791111
1185942428257259520
1185942428508798976
1185942431503650821
1185942432124416001
1185942433688948741
1185942433818914816
1185942433948934144
1185942434775289856
1185942434846515200
1185942435383267333
1185942435744100353
1185942435886710785
1185942436452995072
1185942436767514629
1185942439271567361
1185942439368036352
1185942439682596870
1185942439703515136
1185942439720374272
1185942441809108992
1185942442010447872
1185942442761175041
1185942443579056130
1185942443813945346
1185942444128591872
1185942445663641600
1185942445697175552
1185942446686920704
1185942446787694592
1185942448452718592
1185942448582922240
1185942448696152065
1185942450533220353
1185942450743005185
1185942451686723584
1185942451837685760
1185942452160610310
1185942452613464070
1185942452714127360
1185942452835741697
1185942453410394115
1185942454127747072
1185942455172120577
1185942456422019073
1185942457881710592
1185942457890029568
1185942458871549955
1185942459060314114
1185942459093803009
1185942459311951873
1185942460238708737
1185942460649758720
1185942460771516416
1185942461115334657
1185942461589229568
1185942461929181184
1185942462310817792
1185942462562480132
1185942462667350017
1185942463741120518
1185942464974204929
1185942465586647040
1185942465980850176
1185942466249150467
1185942466588860416
1185942467943772160
1185942467989905410
1185942468061290497
1185942468300115968
1185942469093007360
1185942469365469184
1185942469399187456
1185942469915095048
1185942469990637568
1185942470200299523
1185942470405701634
1185942470531731456
1185942471089500160
1185942471152472068
1185942471483805696
1185942472284934145
1185942472586862594
1185942473065058310
1185942474503516161
1185942474809851905
1185942475484975105
1185942475720024065
1185942476638609413
1185942481696952320
1185942482644819968
1185942482858729472
1185942483206901763
1185942483257049089
1185942483433377798
1185942483580178433
1185942487371845638
1185942487887728641
1185942488273412096
1185942489028427776
1185942489376710657
1185942490102190082
1185942491339599872
1185942491377258496
1185942491691921413
1185942492815998976
1185942493420048385
1185942494028189696
1185942494405509121
1185942496314085377
1185942496418975746
1185942496930619392
1185942497115201539
1185942497358467072
1185942501137571840
1185942501171044352
1185942501904900097
1185942503549222912
1185942504119717888
1185942507257040896
1185942507659714560
1185942509727301632
1185942510079631361
1185942511329697792
1185942512160202752
1185942512797700096
1185942514924175360
1185942514928246784
1185942514961932288
1185942515238748161
1185942515783999490
1185942516241223682
1185942519886110720
1185942520762634244
1185942520980746240
1185942521458937858
1185942522738151424
1185942523551899648
1185942524629864448
1185942524722106370
1185942524956987393
1185942525183311877
1185942526018146304
1185942526106243073
1185942529910476801
1185942530162118659
1185942530686377986
1185942530870988802
1185942532368154625
1185942532565458945
1185942532678701056
1185942533463072769
1185942533538533377
1185942534268358661
1185942534272573442
1185942534289272834
1185942535686021121
1185942536545812480
1185942536709238785
1185942536772304897
1185942538554920962
1185942539993600006
1185942540975050752
1185942541155237888
1185942541419581441
1185942542011027456
1185942542870876160
1185942543269281793
1185942543390785538
1185942545022500864
1185942545496338432
1185942545550979072
1185942547178360835
1185942548868685825
1185942549623721984
1185942549707534336
1185942549728583693
1185942549757861888
1185942549778882561
1185942550106034178
1185942551150374918
1185942551523745792
1185942551787819008
1185942552043761666
1185942552219832321
1185942552488435713
1185942554212261888
1185942554560421892
1185942556355518467
1185942556355551232
1185942557005508608
1185942558008061954
1185942558700199936
1185942559127937024
1185942562651029504
1185942562730860544
1185942563447959552
1185942564517502981
1185942564542865409
1185942564697804800
1185942565511716869
1185942566619009026
1185942566988070914
1185942567411687425
1185942567785058304
1185942571601801216
1185942572096610305
1185942573497516033
1185942575087116289
1185942576962007040
1185942577427681282
1185942578245423104
1185942578727927809
1185942578857992192
1185942579814248449
1185942579872813057
1185942580955172865
1185942583392067585
1185942584256061440
1185942584398663680
1185942584616730625
1185942584625119232
1185942585539518464
1185942585833070592
1185942585916956672
1185942586520997889
1185942587900694528
1185942589838544896
1185942589985513477
1185942591487070208
1185942592791310337
1185942593063940103
1185942593282232322
1185942593865207809
1185942594523672578
1185942594670518272
1185942595727515648
1185942596188807173
1185942598738800641
1185942599774986246
1185942600399892480
1185942600592834560
1185942600827715586
1185942600961933312
1185942601486221317
1185942603608539137
1185942604166381568
1185942604187230208
1185942606062194688
1185942607022694405
1185942608318586880
1185942608847130624
1185942609602273280
1185942610185199616
1185942611649060865
1185942611724525569
1185942611749683200
1185942611753930753
1185942611762319360
1185942611779080199
1185942612051664896
1185942612785676293
1185942614446694400
1185942614547357696
1185942614551465985
1185942614559875073
1185942614715125762
1185942614840885249
1185942618087329792
1185942618091315201
1185942618359975936
1185942618443792385
1185942618586284033
1185942618607214592
1185942619030900736
1185942619312009217
1185942619475660800
1185942623393112075
1185942623489540096
1185942624009687040
1185942624408133635
1185942624802242560
1185942625049858048
1185942626169769984
1185942627704811521
1185942628551933952
1185942630791831555
1185942631278432257
1185942631592808449
1185942631811092480
1185942631857213442
1185942632989646848
1185942633002221573
1185942633245331457
1185942633706872833
1185942633757196289
1185942634537324544
1185942635187527680
1185942635590144000
1185942636051521538
1185942636085043200
1185942636571566080
1185942636781137921
1185942636785475586
1185942637406113792
1185942637859233792
1185942638228197377
1185942638236721152
1185942638899412994
1185942639792869378
1185942640161968128
1185942640631545856
1185942640975634432
1185942641864839168
1185942641944346625
1185942641994817536
1185942643664130048
1185942644154863621
1185942644821811200
1185942645014716417
1185942645044142080
1185942646453354496
1185942648013627392
1185942649318137857
1185942649464864768
1185942649980637184
1185942650081423360
1185942650677010432
1185942651360690177
1185942652602273792
1185942653025837062
1185942653487190017
1185942653981974528
1185942654191886336
1185942654703624192
1185942655433400320
1185942655609511936
1185942655739367424
1185942656590811138
1185942657396142080
1185942658788794368
1185942658809782278
1185942658847563777
1185942658923028482
1185942658977583104
1185942659048841217
1185942659090845697
1185942659291942912
1185942659296186370
1185942659380236290
1185942660328112128
1185942662374969345
1185942663566020609
1185942664354717697
1185942664430178304
1185942665344487424
1185942666443395072
1185942667525611522
1185942667957391362
1185942668976615424
1185942669081616384
1185942669509451776
1185942669605793792
1185942670381699073
1185942670390239232
1185942671996506112
1185942672508440578
1185942673548599296
1185942673821241345
1185942674618105857
1185942675792502785
1185942677365198848
1185942677763903488
1185942677822627841
1185942678128607237
1185942678250364932
1185942680305573889
1185942680918003712
1185942681400295426
1185942682012737538
1185942682042097670
1185942682805395456
1185942683363270658
1185942683937841154
1185942684105494528
1185942685351317504
1185942686055968770
1185942686378987520
1185942687276584963
1185942687280783361
1185942688568348672
1185942688689991682
1185942688862003200
1185942689553891331
1185942689558122496
1185942689944145925
1185942690791415808
1185942690845921280
1185942691634466816
1185942692741701632
1185942693794504704
1185942694255874048
1185942694696108034
1185942695556059136
1185942696264749056
1185942696441061376
1185942696671752194
1185942697112195073
1185942697401561094
1185942701893488640
1185942702053056513
1185942702220894214
1185942702837379073
1185942704334757888
1185942704833871872
1185942705110704128
1185942705450504192
1185942707174281217
1185942707648303106
1185942709451808768
1185942709707644930
1185942709942534146
1185942711150481408
1185942711225999361
1185942711318274049
1185942713709010945
1185942714677977088
1185942714933796865
1185942715189682176
1185942715256598528
1185942715676200961
1185942715772616704
1185942716078796801
1185942716733108229
1185942717626568706
1185942717781757952
1185942718306029573
1185942718444388352
1185942718813523970
1185942720919023617
1185942721405411329
1185942721485103104
1185942722412269576
1185942722818953216
1185942723116896256
1185942723292991488
1185942725096591362
1185942725310349320
1185942725784412160
1185942726161899520
1185942726417797120
1185942726937927680
1185942728191946754
1185942729152352258
1185942729852891137
1185942730439966721
1185942730997821440
1185942731421634562
1185942732516347904
1185942734458228736
1185942735183908867
1185942735620055040
1185942736165376001
1185942736807104512
1185942737343922176
1185942737364934663
1185942737377468416
1185942737410879490
1185942739868901376
1185942740481331200
1185942740497920001
1185942741320122369
1185942741332742146
1185942743639625734
1185942743937368070
1185942744172240896
1185942744621027330
1185942744675389440
1185942744843206658
1185942744964980738
1185942744969052160
1185942745413750785
1185942746294558721
1185942746751787008
1185942747389349890
1185942748525785088
1185942748580458498
1185942748903424000
1185942749436137472
1185942749490626566
