1185944260606091265
1185944265232306176
1185944266608173058
1185944268583641088
1185944268667609093
1185944269397188608
1185944269707599872
1185944269791604738
1185944270055841792
1185944270064082945
1185944271666462722
1185944272320622592
1185944272526286849
1185944272857645056
1185944274057269249
1185944274195628035
1185944274396991491
1185944274430517249
1185944275743399937
1185944277668519936
1185944278729707522
1185944281648975872
1185944281808297989
1185944283142115328
1185944283456724992
1185944283775406080
1185944284048101376
1185944284983414784
1185944286635986944
1185944287059566593
1185944287307018241
1185944288045088768
1185944291899633664
1185944292386394121
1185944293287981056
1185944293598515200
1185944294093393920
1185944294454153216
1185944295192313859
1185944295997607939
1185944297235009537
1185944297973174276
1185944298388369409
1185944298556137473
1185944298640031746
1185944298866511872
1185944299239804928
1185944299663482880
1185944300586184705
1185944301630558208
1185944301684981762
1185944302381424640
1185944304096894976
1185944304595980289
1185944306760204290
1185944306915278853
1185944310841257984
1185944313949085697
1185944314557423617
1185944315924746240
1185944317220868096
1185944317921247232
1185944318315552768
1185944319783587840
1185944322568531969
1185944323268980737
1185944323529068546
1185944323654901761
1185944324376289283
1185944324699283458
1185944325324189702
1185944325613674496
1185944327312281600
1185944328025206784
1185944328453214210
1185944329908576257
1185944330130866178
1185944331603062784
1185944332399984640
1185944332551032832
1185944334774013952
1185944336740929536
1185944337043152897
1185944337621966848
1185944337974083584
1185944338435584000
1185944338603433984
1185944339626778624
1185944343032537089
1185944343049199618
1185944344173391872
1185944344831893504
1185944345309933569
1185944346731798528
1185944347482583040
1185944349332443138
1185944349407924225
1185944349885861888
1185944350292955136
1185944350838218753
1185944350909501440
1185944353648328705
1185944355657248768
1185944356320137217
1185944356383055872
1185944360858324993
1185944362334801920
1185944363416932353
1185944364318625793
1185944364746498048
1185944364918423552
1185944366990315526
1185944368475181056
1185944368747696128
1185944369003667456
1185944369834184710
1185944371578966017
1185944372044619777
1185944372128309248
1185944372728209408
1185944373395148800
1185944374435368961
1185944374682771457
1185944376129785868
1185944376213725184
1185944376528257031
1185944377165778946
1185944380340953090
1185944381561495554
1185944382375112704
1185944382521757699
1185944382874308608
1185944383067217920
1185944383562010632
1185944383633399810
1185944384400953345
1185944387546701824
1185944387961921536
1185944388280737792
1185944388607922176
1185944389870391296
1185944389929099265
1185944390751215619
1185944390960844802
1185944391439048704
1185944392558878721
1185944393133514753
1185944393783468035
1185944396317052928
1185944396761616384
1185944397420093440
1185944399877955585
1185944399907155969
1185944400020430848
1185944400490192901
1185944402004467712
1185944404319768577
1185944404395266059
1185944405355745281
1185944406081376256
1185944406135848962
1185944408027320320
1185944409122193409
1185944409369726977
1185944411072598016
1185944411357810690
1185944414595796992
1185944415161896960
1185944415199739904
1185944417150144512
1185944417175265282
1185944417384857601
1185944419628748800
1185944420560056321
1185944420790784003
1185944424808964096
1185944425379323906
1185944425479966720
1185944429305192449
1185944430525779968
1185944430542544897
1185944432358674433
1185944433289781252
1185944433696505856
1185944434518695937
1185944435957403648
1185944438440374273
1185944438490779651
1185944439782555648
1185944440579543042
1185944441674240000
1185944441959469056
1185944443066732545
1185944443498704896
1185944445444874240
1185944446719782913
1185944446724001793
1185944446904524801
1185944446912880641
1185944447139405827
1185944447445590021
1185944447688871936
1185944447768498177
1185944448611606528
1185944450096345089
1185944450578542592
1185944451170131968
1185944451199488001
1185944453288202240
1185944454374592513
1185944455377018880
1185944456194715649
1185944456710590464
1185944456714952704
1185944463635406848
1185944464260337666
1185944465044918272
1185944466487566336
1185944468165464065
1185944468752650242
1185944470262632448
1185944471227326464
1185944472552689667
1185944473144086533
1185944473819172864
1185944473878044673
1185944473911595010
1185944474175725568
1185944475052457985
1185944476201771008
1185944476667133952
1185944477766164481
1185944479750115331
1185944480395870210
1185944480781914112
1185944480844636160
1185944480857255936
1185944480857411586
1185944481725472769
1185944482438701057
1185944483357171713
1185944484212887557
1185944485290749952
1185944487727632385
1185944488285478913
1185944488369381383
1185944492316282880
1185944493205393411
1185944493423333377
1185944493616484353
1185944493909934081
1185944496309264384
1185944496577622016
1185944498712580096
1185944499286990848
1185944499375296512
1185944499782111236
1185944499924688896
1185944501958971398
1185944502399393792
1185944504920133639
1185944505821913088
1185944505855422464
1185944505872195584
1185944505888976897
1185944505951932417
1185944505993826304
1185944509776941057
1185944510049574912
1185944510628544514
1185944511073193985
1185944512075632645
1185944513224814593
1185944515384938498
1185944515565314050
1185944515976187904
1185944518090219525
1185944519356882945
1185944521001132033
1185944524142465024
1185944526394933254
1185944527472861184
1185944527510659072
1185944530941546496
1185944531025514498
1185944533680492546
1185944534515142657
1185944535114944514
1185944535483990016
1185944535576338432
1185944535744110593
1185944535895072768
1185944536079634437
1185944536616521728
1185944537107255296
1185944537480515585
1185944537715429376
1185944537920872449
1185944538701094914
1185944539040641024
1185944539858534401
1185944540815003648
1185944540949237762
1185944541012123655
1185944541339107334
1185944541540556800
1185944542404632576
1185944546854789121
1185944548612198402
1185944549069225986
1185944551334105088
1185944551376216064
1185944552336572416
1185944553209118722
1185944554194776066
1185944554278543360
1185944554349846537
1185944555553574913
1185944555872575498
1185944559135670273
1185944561815867393
1185944562709217286
1185944564126961665
1185944564353437696
1185944564843995136
1185944565167153155
1185944565699751936
1185944566207139840
1185944566668488705
1185944568677748736
1185944568828780545
1185944569923407873
1185944570787487745
1185944570791677954
1185944570879717376
1185944570879795202
1185944570909151233
1185944570917511168
1185944572330799104
1185944572427489281
1185944573777977350
1185944573853474817
1185944574243393537
1185944575426387969
1185944575527047179
1185944577271832577
1185944577779195905
1185944577989054464
1185944578081411073
1185944578433732608
1185944578651758592
1185944579087982593
1185944579100626945
1185944579935223809
1185944580476162048
1185944580484550656
1185944581403103232
1185944581587853312
1185944581642313730
1185944581994622977
1185944582053416960
1185944584947453953
1185944585039761408
1185944585039765504
1185944585735790592
1185944586272858118
1185944586889449473
1185944588848111616
1185944589284323328
1185944590123196416
1185944590257393665
1185944590303543296
1185944591117225987
1185944592559902720
1185944592937639938
1185944593688420352
1185944593734553601
1185944593835155460
1185944593877143553
1185944593969356800
1185944593998761984
1185944593998766080
1185944594237796353
1185944595957506050
1185944596179763201
1185944597119156224
1185944598910328833
1185944599338065920
1185944599371624449
1185944599401062401
1185944599438807040
1185944599820460034
1185944601296658432
1185944602093740032
1185944602890719232
1185944603448483840
1185944604660699136
1185944605411422208
1185944606392946688
1185944606577434627
1185944607672152064
1185944608393576449
1185944609077133317
1185944609328730112
1185944609337331713
1185944610100666370
1185944611023478785
1185944611522514944
1185944612797632512
1185944613045067777
1185944613242191873
1185944614399664133
1185944615280631808
1185944616484458497
1185944616681562113
1185944617386205185
1185944620212973569
1185944620917755906
1185944621370753025
1185944621689573376
1185944624545832960
1185944624898043905
1185944625162403840
1185944625237942273
1185944625745465349
1185944625791557632
1185944626378747907
1185944626818994176
1185944626915467264
1185944627142189056
1185944629264429058
1185944629369364480
1185944630615052288
1185944631638478848
1185944632187904000
1185944632804265989
1185944633236434946
1185944633756606464
1185944633890746368
1185944634176032768
1185944634251460608
1185944634670931969
1185944636386430976
1185944636587573250
1185944637128658945
1185944639146209280
1185944639175569408
1185944639791976449
1185944640492593155
1185944640970805248
1185944641117532161
1185944642136743936
1185944642841391104
1185944643055149056
1185944643059322880
1185944644506603521
1185944648264638464
1185944649044844545
1185944651527868417
1185944653058760705
1185944654270926850
1185944654652547074
1185944655512395776
1185944655680155650
1185944655785025537
1185944656523288576
1185944656561037312
1185944656774742016
1185944657563271174
1185944657835909120
1185944658892984320
1185944659257888769
1185944659484446721
1185944660432347136
1185944660923047937
1185944661229277189
1185944662093303811
1185944662307160064
1185944662319730689
1185944664379133953
1185944665712988160
1185944666300129290
1185944667793362944
1185944668208615425
1185944669903118339
1185944669986770944
1185944670834221056
1185944671652077574
1185944672855830530
1185944674655191040
1185944675292794881
1185944676827893760
1185944677620617217
1185944678002319360
1185944678115491840
1185944678589456385
1185944678593716225
1185944678824202240
1185944679533236225
1185944680317542400
1185944680690802689
1185944682943176704
1185944683618492416
1185944683979182085
1185944684805447681
1185944684914495491
1185944685203873793
1185944686361563137
1185944686449614851
1185944688580280320
1185944689507221506
1185944690006335489
1185944690413199360
1185944691520356352
1185944692367581184
1185944693361786881
1185944693877682178
1185944694330667008
1185944694494089217
1185944694641041409
1185944694888554496
1185944696499007488
1185944696591437826
1185944696616640512
1185944696805158914
1185944696880795650
1185944697816023040
1185944698747146241
1185944703348494337
1185944703557988353
1185944703600078848
1185944704015159297
1185944704787140613
1185944705156222977
1185944705709813760
1185944706699710466
1185944707391770636
1185944707999784960
1185944708306092033
1185944708729769984
1185944708788506624
1185944712471089154
1185944712563302400
1185944715973279744
1185944717021863937
1185944717059481600
1185944717135101952
1185944720595472390
1185944720847114240
1185944722134765568
1185944724647100418
1185944724928118787
1185944725284630528
1185944727742365696
1185944728803708928
1185944729420103680
1185944730166841344
1185944730745499648
1185944731454361600
1185944731743932416
1185944731844513793
1185944733098463237
1185944733350289410
1185944735187386374
1185944736378564614
1185944737091424256
1185944737590775809
1185944738895151105
1185944739050393601
1185944740069564417
1185944740828712960
1185944740853796864
1185944742959439872
1185944743013945346
1185944743953481730
1185944745153122304
1185944745446694913
1185944746163888128
1185944747841589248
1185944747870953482
1185944748038602753
1185944749682941953
1185944750207184900
1185944751192887303
1185944751838842880
1185944752275017729
1185944752652374016
1185944753839448064
1185944755152310272
1185944755341090818
1185944755764465664
1185944756955815937
1185944758004396032
1185944760076460033
1185944760516825090
1185944760982351873
1185944761980469248
1185944762190155776
1185944762232311808
1185944762517463042
1185944762777526272
1185944762983026690
