1185954326306537478
1185954326432210944
1185954326818283521
1185954326885404673
1185954326923137024
1185954327019606017
1185954327028031488
1185954327094915072
1185954327153774592
1185954327250309120
1185954327472590849
1185954327573204992
1185954327694888961
1185954327699099648
1185954327740870656
1185954327749419008
1185954327858298881
1185954327900372993
1185954327959166976
1185954328072409089
1185954328361754624
1185954328722341888
1185954329011851266
1185954329091424257
1185954329188012038
1185954329242546184
1185954329250992130
1185954329313894401
1185954329565564928
1185954329678626816
1185954329733283841
1185954329829806083
1185954329846521857
1185954329930407938
1185954330035269633
1185954330135990274
1185954330148528129
1185954330207277056
1185954330479906821
1185954330672799750
1185954330760941571
1185954330970644480
1185954331058671616
1185954331075338241
1185954331100618757
1185954331511664640
1185954332027568128
1185954332103073792
1185954332111491078
1185954332136673282
1185954332216311811
1185954332413325314
1185954332652589056
1185954332929384452
1185954332950323200
1185954333013266432
1185954333046837249
1185954333147271168
1185954333168418817
1185954333503844352
1185954333516615680
1185954333713551360
1185954334036512769
1185954334074294272
1185954334149939202
1185954334183317504
1185954334418362368
1185954334460170240
1185954334644854784
1185954334690988033
1185954334829432832
1185954334879690752
1185954335097786370
1185954335466782720
1185954335701778436
1185954335718608898
1185954335722803200
1185954336007958529
1185954336175808517
1185954336184176646
1185954336393846785
1185954336460935169
1185954336763011072
1185954337085939717
1185954337106866176
1185954337291419650
1185954337643782150
1185954337878675457
1185954337979162624
1185954338138509312
1185954338276925440
1185954338436517889
1185954338960740352
1185954339065602048
1185954339120128002
1185954339162148864
1185954339237646336
1185954339434778629
1185954339451494402
1185954339518586883
1185954339778695169
1185954340269215744
1185954340365881345
1185954340961443841
1185954341057900549
1185954341095727111
1185954341267611648
1185954341351505920
1185954341372362752
1185954341619929092
1185954341708021760
1185954341716447232
1185954341833842688
1185954342001528833
1185954342039367680
1185954342093778944
1185954342148476929
1185954342173589504
1185954342219767810
1185954342253318144
1185954342966190080
1185954343377346565
1185954343406710784
1185954343750647809
1185954343775809536
1185954343784198146
1185954343897522177
1185954343939383298
1185954344056872960
1185954344505663490
1185954344568524803
1185954344669044736
1185954344702791681
1185954344748961792
1185954345067700224
1185954345159925768
1185954345214529543
1185954345264844802
1185954345377923072
1185954345478606849
1185954345717764097
1185954346007023617
1185954346179219458
1185954346233729025
1185954346237911041
1185954346258837504
1185954346418225153
1185954346560901121
1185954346711867392
1185954346783117313
1185954346929967104
1185954347022204937
1185954347374526465
1185954347437309952
1185954347601006593
1185954348070625280
1185954348574150659
1185954348632686592
1185954348657979393
1185954348943020034
1185954349094187009
1185954349144592387
1185954349291331584
1185954349291397120
1185954349333336064
1185954349417140224
1185954349496844288
1185954349765279744
1185954350004363265
1185954350193135616
1185954350205554690
1185954350226640902
1185954350264471553
1185954350289563648
1185954350700662784
1185954350763511809
1185954350834814976
1185954351044550657
1185954351153635328
1185954351459815425
1185954351623397376
1185954351795396608
1185954351870816257
1185954352021803009
1185954352256737285
1185954352277676032
1185954352365756417
1185954352512389127
1185954352558686209
1185954352701284353
1185954352881553408
1185954352915238913
1185954352919388161
1185954353020051457
1185954353049456646
1185954353150078978
1185954353498087424
1185954353544220672
1185954353636630528
1185954353825374210
1185954353905049605
1185954353993146369
1185954354156769280
1185954354613903361
1185954354844573702
1185954354932703235
1185954355024977920
1185954355175985152
1185954355192750080
1185954355213733888
1185954355473600513
1185954355800920069
1185954355805118464
1185954355817652225
1185954355935154180
1185954355998023681
1185954356182605825
1185954356295864320
1185954356337795074
1185954356463468545
1185954356849467392
1185954357121933314
1185954357151502336
1185954357377933312
1185954357411483649
1185954357675728896
1185954357709287425
1185954357776392193
1185954357826617344
1185954357881102342
1185954358065876993
1185954358275563521
1185954358384566273
1185954358455877637
1185954358518669312
1185954358745337857
1185954358837440512
1185954358875303936
1185954359324168192
1185954359391248385
1185954359525462019
1185954359659638784
1185954359663706112
1185954359965835264
1185954360104292353
1185954360137678848
1185954360204976136
1185954360494383105
1185954360510926848
1185954360792145920
1185954360884371458
1185954360897003521
1185954360964067335
1185954361127649280
1185954361265967108
1185954361316462594
1185954361559654400
1185954361588928512
1185954361698115587
1185954361706532866
1185954361744203784
1185954361769365505
1185954361949802497
1185954362276958209
1185954362452918272
1185954362478084096
1185954362541117441
1185954362650222592
1185954363048628224
1185954363350671365
1185954363396837377
1185954363778523136
1185954363921051649
1185954364080431104
1185954364088668161
1185954364189360128
1185954364558581760
1185954364650934274
1185954365066088448
1185954365149892614
1185954365468631040
1185954365531549697
1185954365544259584
1185954365607038977
1185954365745577984
1185954365766549504
1185954365858861058
1185954366097739776
1185954366118858754
1185954366160801799
1185954366253080576
1185954366529794049
1185954366554923008
1185954366722838529
1185954366924230657
1185954366940962817
1185954367079440384
1185954367096213504
1185954367322677250
1185954367498805248
1185954367590920192
1185954367658168321
1185954367742074880
1185954367859548161
1185954368270585858
1185954368392220673
1185954368543248384
1185954368635523075
1185954368966811648
1185954369017040896
1185954369096822786
1185954369096826880
1185954369159737346
1185954369524686849
1185954369927290880
1185954369994313728
1185954370044608513
1185954370116038656
1185954370350931968
1185954370476744705
1185954370753576960
1185954370866831363
1185954370946555904
1185954371042861058
1185954371240189952
1185954371730890752
1185954371818917889
1185954371873525761
1185954372158545920
1185954372255006720
1185954372469035009
1185954372582162432
1185954372745863169
1185954372787699712
1185954372787802113
1185954372879962114
1185954373324726280
1185954373345644550
1185954373488336898
1185954373500841984
1185954373576216576
1185954373605543936
1185954373613936640
1185954373614092297
1185954373714747394
1185954374088101888
1185954374314614785
1185954374419394562
1185954374562004992
1185954374729777153
1185954375107338240
1185954375711297536
1185954376013271041
1185954376323612673
1185954376352964608
1185954376403357696
1185954376659197952
1185954376713682944
1185954376919244801
1185954376931635201
1185954376990502913
1185954377019858948
1185954377103790081
1185954377162473472
1185954377221246976
1185954377447677953
1185954377678426112
1185954377686757377
1185954377695150081
1185954378001375233
1185954378160566272
1185954378286534656
1185954378299121665
1185954378424946691
1185954378479484928
1185954378663858176
1185954378718629892
1185954378798133248
1185954378987048961
1185954379003781120
1185954379041529857
1185954379083452416
1185954379171536896
1185954379238707205
1185954379318337536
1185954379490193408
1185954379570073605
1185954379666460675
1185954379758755841
1185954379808948224
1185954379918172160
1185954379918184450
1185954380115107841
1185954380232773637
1185954380488552448
1185954381058854912
1185954381121884163
1185954381151137793
1185954381172105216
1185954381482680320
1185954382061408256
1185954382199717889
1185954382296301568
1185954382300401664
1185954382820642817
1185954383265193990
1185954383328169989
1185954383609126915
1185954383902756864
1185954384091471873
1185954384133251072
1185954384154226688
1185954384263483392
1185954384766820352
1185954385014251520
1185954385144303622
1185954385169436677
1185954385358196739
1185954385408462849
1185954385454452736
1185954385475424257
1185954385475653643
1185954385521729537
1185954385567895554
1185954385815195648
1185954385823752193
1185954385991352320
1185954385991557121
1185954386096414721
1185954386402369536
1185954386532540418
1185954386587074560
1185954386616471553
1185954386666635264
1185954386763304960
1185954386951864320
1185954386985525249
1185954387082043392
1185954387346239493
1185954387761328129
1185954388210266113
1185954388256395265
1185954388285775874
1185954388524687360
1185954388570861569
1185954388809928714
1185954388856193024
1185954389120475137
1185954389447663618
1185954389460160513
1185954389749587969
1185954389858668549
1185954389938147328
1185954390533910529
1185954390852530176
1185954391163060228
1185954391204851712
1185954391486021636
1185954391691534337
1185954391817441286
1185954391930626048
1185954391972601862
1185954391976808449
1185954392077406208
1185954392178081792
1185954392316366848
1185954392459096065
1185954392656228354
1185954392836661248
1185954393046298625
1185954393088253952
1185954393272786945
1185954393398632455
1185954393499340803
1185954393709076480
1185954393847406595
1185954393994256385
1185954393998479360
1185954394031841280
1185954394598264832
1185954394623246336
1185954394891833345
1185954394958901248
1185954395009085441
1185954395172814849
1185954395265159169
1185954395328012293
1185954395546116099
1185954395789262849
1185954395877531650
1185954395936165894
1185954396095598593
1185954396162723840
1185954396196098049
1185954396301135872
1185954396321894401
1185954396506656770
1185954396540002305
1185954396565397504
1185954396628230145
1185954396921913347
1185954396938686464
1185954397060124673
1185954397114814465
1185954397257457665
1185954397542604801
1185954397576224768
1185954397882343425
1185954397890547712
1185954397899149313
1185954398037524480
1185954398553292800
1185954398964473857
1185954398972854272
1185954399144808448
1185954399149023232
1185954399237132294
1185954399354531841
1185954399413256192
1185954399711047680
1185954399723675648
1185954400096804864
1185954400197664768
1185954400256319488
1185954400520605697
1185954400545566720
1185954400575119360
1185954400629452800
1185954400784801792
1185954400885456896
1185954400940036102
1185954401086853120
1185954401191682049
1185954401204224001
1185954401246236673
1185954401346670592
1185954401434902528
1185954401468538880
1185954401694806021
1185954401808109569
1185954401816666113
1185954401858576384
1185954402009583617
1185954402730819584
1185954402785476614
1185954402848382978
1185954402877747201
1185954403129405440
1185954403213369345
1185954403255238657
1185954403641167873
1185954403691331584
1185954403758428160
1185954404006088704
1185954404064579585
1185954404089974784
1185954404169650181
1185954404295294978
1185954404450656258
1185954404475854849
1185954404618260480
1185954404656189442
1185954404773457921
1185954404853305344
1185954404890865664
1185954405100740608
1185954405461434370
1185954405486456833
1185954405574688771
1185954405780033536
1185954405834620928
1185954406073810944
1185954406283411461
1185954406665216000
1185954406677831681
1185954407076245507
1185954407248203776
1185954407394840576
1185954407558664192
1185954407579471872
1185954407722020869
1185954407927681025
1185954407994642432
1185954408519143424
1185954408615559168
1185954408644907015
1185954408905035776
1185954408993083392
1185954409487974400
1185954409672511492
1185954409752203265
1185954409756233729
1185954409840119810
1185954410016530432
1185954410163265536
1185954410184134656
1185954410255519744
1185954410314244097
1185954410314252290
1185954410507186177
1185954410536591360
1185954410565787650
1185954410779705351
1185954410825998336
1185954410851110913
1185954410876325889
1185954411060707330
1185954411157377024
1185954411429924870
1185954411832414208
1185954412025581568
1185954412101095424
1185954412201684993
1185954412461776896
1185954412503732225
1185954412549885957
1185954412574990336
1185954412746944514
1185954412755337217
1185954412788944896
1185954413250265088
1185954413287890944
1185954413573234695
1185954413678120965
1185954413703237637
1185954414080745473
1185954414105956352
1185954414185603072
1185954414265339911
1185954414277857282
1185954414315687939
1185954414345015296
1185954414445547520
1185954414491774983
1185954414764277760
1185954415066304513
1185954415179644929
1185954415326519296
1185954415343210497
1185954415624122368
1185954416110620672
1185954416119209985
1185954416177942528
1185954416307949568
1185954416316141568
1185954416630714368
1185954416630927362
1185954416756740096
1185954416773472256
1185954416869793792
1185954416916140035
1185954417167798272
1185954417339707395
1185954417515941889
1185954417536880640
1185954417570242561
1185954417666875403
1185954418060980224
1185954418274926592
1185954418358919168
1185954418606465024
1185954418644209665
1185954418719674381
1185954418916806661
1185954419017469953
1185954419105550336
1185954419176656896
1185954419235545088
1185954419386601482
1185954419403182080
1185954419424276482
1185954419650846722
1185954419680120832
1185954420162547715
1185954420212817920
1185954420246364160
1185954420804259840
1185954421030699008
1185954421122797568
1185954421122879488
1185954421215236098
1185954421244600320
1185954421320146949
1185954421651456005
1185954421986988032
1185954422154772480
1185954422649606145
1185954422775537664
1185954422838439936
1185954422968504322
1185954422972661764
1185954423052394496
1185954423169789953
1185954423173988352
1185954423186395137
1185954423333359617
1185954423467577346
1185954423488634882
1185954423664758790
1185954424046391297
1185954424100806656
1185954424419770368
1185954424746733568
1185954424889532423
1185954424931401769
1185954425212428288
1185954425287958529
1185954425493508097
1185954425636052992
1185954425824784384
1185954425900273667
1185954425912938496
1185954426009411585
1185954426172952577
1185954426193879040
1185954426739216384
1185954426877546501
1185954427158564864
1185954427489767424
1185954427498356736
1185954427750010886
1185954427787759616
1185954428215615489
1185954428316205056
1185954428337217536
1185954428366417920
1185954428744019968
1185954428769058816
1185954428852899840
1185954428895055873
1185954429012459525
1185954429507440641
1185954429524008960
1185954429737943040
1185954429796864000
1185954429821997056
1185954429826154497
1185954429935198208
1185954429939392512
1185954429960445953
1185954430102966273
1185954430115446784
1185954430132244480
1185954430342041600
1185954430367100929
1185954430417625090
1185954430451179520
1185954430493118469
1185954430740398080
1185954430753148931
1185954430950215680
1185954431369650176
1185954431403085824
1185954431436591104
1185954431889596416
1185954432212594688
1185954432225366016
1185954432334348292
1185954432485191680
1185954432518893568
1185954432518905856
1185954432640606213
1185954432682352640
1185954432829313024
1185954432883843073
1185954432925736960
1185954433219387394
1185954433424904193
1185954433617842176
1185954433701535745
1185954434318290945
1185954434326515712
1185954434578149383
1185954434846810113
1185954434867781632
1185954434884538369
1185954434888675330
1185954435069104129
1185954435098386439
1185954435249426434
1185954435333283840
1185954435379408898
1185954435530399745
1185954435551420416
1185954435559763968
1185954435652050945
1185954435966464002
1185954436050497537
1185954436222521345
1185954436289445888
1185954436503310337
1185954436633497600
1185954437321445376
1185954437371760642
1185954437593993216
1185954438072229888
1185954438340632578
1185954438588096513
1185954438751514629
1185954439221383168
1185954439359848450
1185954439418376193
1185954439443574790
1185954439460462592
1185954439628148736
1185954439938674689
1185954439947083776
1185954439968051200
1185954440051863552
1185954440571998208
1185954440727191555
1185954441008209920
1185954441108832256
1185954441167433728
1185954441326977024
1185954441792348160
1185954442014642176
1185954442102870017
1185954442463580160
1185954442564104192
1185954442723627008
1185954442954207232
1185954443029819393
1185954443092611072
1185954443214360576
1185954443239591937
1185954443281477633
1185954443419734016
1185954443621216256
1185954443637997569
1185954444011278337
1185954444258742272
1185954444392968194
1185954444485246979
1185954444606754816
1185954444749557760
1185954444975804416
1185954445298978818
1185954445424812033
1185954445579956224
1185954445588418563
1185954445852659713
1185954446070689792
1185954446079156225
1185954446108450817
1185954446133604352
1185954446217486336
1185954446322393088
1185954446435594241
1185954447089909760
1185954447157071873
1185954447429554176
1185954447442137090
1185954447614083072
1185954447723323392
1185954448029474816
1185954448151105537
1185954448180482051
1185954448440299520
1185954448583090177
1185954448692142080
1185954448733945857
1185954448788643843
1185954449216413697
1185954449463881729
1185954449698820104
1185954449753169920
1185954450097295360
1185954450160181250
1185954450189381633
1185954450583752710
1185954450613198849
1185954450734759936
1185954450810331136
1185954450827026434
1185954451099738117
1185954451217113088
1185954451527479296
1185954451552493569
1185954451858657280
1185954452181663744
1185954452286652416
1185954452374786048
1185954452559273984
1185954452731236352
1185954452982980608
1185954453108789249
1185954453570109440
1185954453687398401
1185954453704323079
1185954453981220868
1185954454010519552
1185954454358634497
1185954454367019008
1185954454513881090
1185954454715150338
1185954454903885827
1185954454954225665
1185954455071678464
1185954455130230784
1185954455403016192
1185954455717629952
1185954455860236288
1185954456015462402
1185954456266915841
1185954456392863744
1185954456623616000
1185954456640217088
1185954456741056512
1185954456774627328
1185954457005068288
1185954457026256897
1185954457114370051
1185954457160470528
1185954457328242689
1185954457382723587
1185954457567186946
1185954457600835585
1185954457655398401
1185954457663598593
1185954457751871491
1185954458313867266
1185954458552811520
1185954458821255168
1185954458951475205
1185954459316314115
1185954459349913600
1185954459437826048
1185954459530207234
1185954459828002819
1185954459853021185
1185954459874189317
1185954459937062912
1185954460033409024
1185954460117458944
1185954460138381312
1185954460184567808
1185954460452962308
1185954460649934848
1185954460763410432
1185954460817907720
1185954460906020864
1185954461220515842
1185954461702852608
1185954461790785536
1185954462080200705
1185954462235582465
1185954462289936384
1185954462294331392
1185954462428532738
1185954462457913346
1185954462617223168
1185954462621290496
1185954462801772544
1185954463133163521
1185954463250616321
1185954463313469440
1185954463317708800
1185954463414149122
1185954463523033089
1185954463636434946
1185954463867195395
1185954464236212224
1185954464303321090
1185954464311762944
1185954464324304897
1185954464332570625
1185954464458518529
1185954464571764736
1185954464613699585
1185954465062371328
1185954465180012544
1185954465209372672
1185954465226088448
1185954465423286273
1185954465481773057
1185954465679073283
1185954465683300354
1185954465695711232
1185954465863684096
1185954465922404352
1185954466249314304
1185954466253672449
1185954466278723584
1185954466672988160
1185954466744418304
1185954466761248768
1185954466773651457
1185954467092553729
1185954467499298818
1185954467650424832
1185954467667034113
1185954467805425665
1185954467906310145
1185954467923005442
1185954467981774848
1185954468115943424
1185954468216655872
1185954468321300481
1185954468350717952
1185954468417945600
1185954468531187712
1185954468598296576
1185954468610883586
1185954468615147529
1185954468879310848
1185954468912947200
1185954469042774016
1185954469189750785
1185954469500063744
1185954469537898497
1185954469831479296
1185954470322229250
1185954470364098561
1185954470431203328
1185954470439596033
1185954470607380480
1185954470951153664
1185954471035228160
1185954471223988224
1185954471240597504
1185954471295279105
1185954471345557504
1185954471538503680
1185954471735693313
1185954471794229250
1185954472155140099
1185954472184504320
1185954472499003392
1185954472784269313
1185954473123991553
1185954473476349954
1185954473996238850
1185954474382315520
1185954474873020421
1185954475309240321
1185954475439087621
1185954475732688896
1185954475879620609
1185954476613488640
1185954476966006784
1185954476982554625
1185954476995284992
1185954477007888384
1185954477238607877
1185954477360242688
1185954477607735296
1185954477628645377
1185954477691457536
1185954477766918144
1185954477821562880
1185954477850972163
1185954477926506496
1185954478119370752
1185954478438207493
1185954478710759429
1185954479079907329
1185954479365079042
1185954479377547265
1185954479490908160
1185954479528665096
1185954479667068932
1185954479901937665
1185954479918735360
1185954479977332736
1185954480023654402
1185954480099090433
1185954480241561601
1185954480308785154
1185954480602472449
1185954480715698177
1185954480761790466
1185954480937996288
1185954480988119041
1185954481252589568
1185954481265098754
1185954481550352384
1185954481554329600
1185954481856536582
1185954481881501696
1185954481936031744
1185954482057822209
1185954482116583425
1185954482305159169
1185954482405937160
1185954482515009536
1185954482598768646
1185954482649042944
1185954482837962754
1185954482871590917
1185954483026743296
1185954483072692225
1185954483114856448
1185954483127443457
1185954483190284288
1185954483274240001
1185954483735449600
1185954483748007937
1185954483861446656
1185954483949453312
1185954483970494465
1185954484054306816
1185954484138196998
1185954484154961921
1185954484200996864
1185954484691832833
1185954484767383552
1185954484784160780
1185954485232795649
1185954485673365504
1185954485782417408
1185954486096781314
1185954486289747968
1185954486503665665
1185954486617030658
1185954487262994433
1185954487405555713
1185954487560736768
1185954487585902596
1185954487598567424
1185954488009539584
1185954488064139264
1185954488127021056
1185954488235880448
1185954488257044481
1185954488298852352
1185954488630304770
1185954488651337729
1185954488676503552
1185954488735141888
1185954488781283328
1185954488793780224
1185954488802299905
1185954488936488961
1185954489007771650
1185954489121071104
1185954489242660864
1185954489301454850
1185954489313959945
1185954489578278913
1185954489963958273
1185954490333061120
1185954490433720320
1185954490509398016
1185954490559672322
1185954490782015488
1185954491100782593
1185954491130097665
1185954491314704390
1185954491436191744
1185954491495047168
1185954491776012288
1185954491922817024
1185954492228878336
1185954492312883200
1185954492401045504
1185954492640059397
1185954492753297410
1185954493008990215
1185954493105655808
1185954493147631619
1185954493185191938
1185954493223133184
1185954493441150978
1185954493936128000
1185954494263128064
1185954494280093696
1185954494296649730
1185954494313619456
1185954494426705921
1185954494628028416
1185954494724505600
1185954494858833922
1185954494884012032
1185954494888038401
1185954494904856576
1185954495144050688
1185954495508963329
1185954495542579201
1185954495618048000
1185954495756455937
1185954495831801856
1185954495995547650
1185954496075259915
1185954496238772225
1185954496364498944
1185954496557404160
1185954496859402241
1185954497304125440
1185954497497055242
1185954497543016448
1185954497543200769
1185954497635459073
1185954497669062656
1185954497895354371
1185954497912164352
1185954497979387906
1185954497983590401
1185954498600198144
1185954498709200903
1185954498872782849
1185954499023790082
1185954499271282688
1185954499292213248
1185954499585658881
1185954499602468864
1185954499682357254
1185954499908771842
1185954500109955072
1185954500202369026
1185954500227600384
1185954500386971648
1185954500558770177
1185954500894515207
1185954500911271941
1185954501020262400
1185954501100003328
1185954501133590528
1185954501200699399
1185954501230022662
1185954501670375425
1185954501871714307
1185954501888532481
1185954502001643522
1185954502060449794
1185954502140141568
1185954502479880194
1185954502580625408
1185954502693789696
1185954502719037440
1185954502874226694
1185954502911889409
1185954503054544897
1185954503150825472
1185954503499096064
1185954503624806401
1185954503658487808
1185954503906004996
1185954503947964417
1185954503951974400
1185954504065343489
1185954504161804288
1185954504174231552
1185954504275058690
1185954504707059714
1185954504727883777
1185954505122299904
1185954505424359424
1185954505462091776
1185954505541726210
1185954505676017664
1185954505692598272
1185954506112225280
1185954506191917056
1185954506334523397
1185954506439299072
1185954506460323840
1185954506732949504
1185954507156611072
1185954507236229120
1185954507492151296
1185954507781529601
1185954508477751296
1185954508565729281
1185954508767150082
1185954508867821568
1185954509153099778
1185954509547278337
1185954509710737409
1185954509736071168
1185954510050607104
1185954510067224577
1185954510222647297
1185954510226644993
1185954510293950465
1185954510482493440
1185954510713294850
1185954510738378752
1185954511031898112
1185954511145205760
1185954511174721537
1185954511363477505
1185954511510294530
1185954511527055364
1185954511539408897
1185954511661273089
1185954511669596162
1185954511950622726
1185954512202326016
1185954512214904833
1185954512395223040
1185954512412073984
1185954512642740227
1185954512722386945
1185954512734953472
1185954512823050240
1185954512831438848
1185954513053798400
1185954513682911233
1185954514077126656
1185954514081325058
1185954514177675264
1185954514429468673
1185954514584719361
1185954514630774785
1185954514744025090
1185954515134103555
1185954515213787141
1185954515234775047
1185954515729686529
1185954515738091521
1185954516077875202
1185954516094586880
1185954516245602310
1185954516459372544
1185954516564434947
1185954516765757441
1185954516832866308
1185954516841193472
1185954516962873344
1185954516988055553
1185954517151637504
1185954517256495104
1185954517378048001
1185954517407485952
1185954517566705664
1185954517621379072
1185954517780709376
1185954517856280583
1185954518267301891
1185954518703452162
1185954518703493122
1185954519001260032
1185954519030652930
1185954519068356609
1185954519202455554
1185954519391227904
1185954519584329733
1185954519588528129
1185954519668183040
1185954519756226560
1185954519785463809
1185954519852535808
1185954519873667077
1185954519873675264
1185954520284778496
1185954520356065285
1185954520515235841
1185954520561524736
1185954520607514625
1185954520976613376
1185954521224220672
1185954521555591168
1185954521685614593
1185954521748574208
1185954521777754112
1185954521945645061
1185954521953918976
1185954521974837248
1185954522062970881
1185954522109079553
1185954522113269761
1185954522117689345
1185954522193170437
1185954522407022593
1185954522440577031
1185954522457354240
1185954522537041922
1185954522901778432
1185954523048828929
1185954523547717632
1185954523560333313
1185954523598282752
1185954523682095106
1185954523694751745
1185954523698745349
1185954523950374912
1185954524390940672
1185954524697124864
1185954524718084096
1185954524986408960
1185954525137424384
1185954525477294080
1185954525494075392
1185954525527629824
1185954525628325894
1185954525632438272
1185954525821181953
1185954525976432644
1185954525997338625
1185954526173552640
1185954526261460993
1185954526362099717
1185954526412595201
1185954526467182593
1185954526630682625
1185954526664282114
1185954526710255616
1185954526890586112
1185954527096266752
1185954527209512961
1185954527305814021
1185954527587000322
1185954527587045376
1185954527666720771
1185954527758958595
1185954527821864961
1185954527893176320
1185954528031436801
1185954528052629505
1185954528337760263
1185954528367124481
1185954528371335170
1185954528589504516
1185954528652185600
1185954528966991872
1185954529491279875
1185954529566703616
1185954529826758656
1185954529906438144
1185954529939836928
1185954529981935616
1185954530225262597
1185954530510413824
1185954530531401735
1185954530661416961
1185954530883715073
1185954530955071490
1185954531403804677
1185954531449999360
1185954531529711623
1185954531974078464
1185954532003631104
1185954532062322693
1185954532238475265
1185954532397932544
1185954532490125314
1185954532628422656
1185954532750053376
1185954532850843648
1185954532888645634
1185954532964163586
1185954533052166145
1185954533077180418
1185954533274316800
1185954533408591872
1185954533433905161
1185954533509419008
1185954533664444416
1185954533710716940
1185954533765025794
1185954533840543744
1185954533895266304
1185954535480496131
1185954535946231808
1185954536218939392
1185954536772366336
1185954536801865729
1185954536810266625
1185954536818495488
1185954536940277760
1185954537036767232
1185954537212825600
1185954537741438978
1185954537913192449
1185954538072739840
1185954538118885376
1185954539305947136
1185954539393957888
1185954540018950147
1185954540211855363
1185954540316549120
1185954540836868096
1185954541008773125
1185954541218471936
1185954541293985792
1185954542082351104
1185954542099324928
1185954542246080513
1185954542518767618
1185954542694760449
1185954542719926272
1185954542887804928
1185954542971695107
1185954543131123713
1185954543428874245
1185954543466496001
1185954543470895105
1185954543647019010
1185954543890243585
1185954544078868481
1185954544452276224
1185954544796221448
1185954544951402496
1185954545332965378
1185954545458765824
1185954545718808576
1185954545756753920
1185954545773318144
1185954545949642753
1185954546536910848
1185954546930970624
1185954547115520000
1185954547434319873
1185954547640033280
1185954547652530176
1185954547816112128
1185954548071841794
1185954548122357760
1185954548256514049
1185954548336209920
1185954548365627393
1185954548617224202
1185954548684341249
1185954548977979398
1185954549212823562
1185954549514821637
1185954549661605889
1185954549850394625
1185954550215315456
1185954550412382211
1185954550475300867
1185954550873821184
1185954550999666688
1185954551226089473
1185954551347732480
1185954551372713984
1185954551477739521
1185954551607758849
1185954551855112192
1185954551876112385
1185954551897169920
1185954551972560897
1185954552123711488
1185954552190767104
1185954552253767683
1185954552425648139
1185954552622641152
1185954552916463616
1185954552962523136
1185954553138765825
1185954553419751431
1185954553482530821
1185954553491087360
1185954553528758275
1185954553621032964
1185954554199859205
1185954554237652992
1185954554300510209
1185954554329882625
1185954554380275716
1185954554678071299
1185954554711556097
1185954554736721920
1185954555021971459
1185954555042947072
1185954555160334336
1185954555185582082
1185954555470798849
1185954555558842371
1185954555621773312
1185954555630108672
1185954555688820736
1185954555772768256
1185954555927904256
1185954555927912449
1185954556204716035
1185954556297011201
1185954556347387906
1185954556389347329
1185954556703903751
1185954556775223296
1185954556909256709
1185954557253148673
1185954557383319553
1185954557442035712
1185954557542707204
1185954557861478400
1185954558067068928
1185954558083846146
1185954558087876608
1185954558163468288
1185954558381608970
1185954558532575241
1185954558587084802
1185954558679404544
1185954558855565313
1185954559195136000
1185954559203729408
1185954559245475840
1185954559291613184
1185954559354724353
1185954559430189058
1185954559450943489
1185954559463710721
1185954559493099520
1185954559539200000
1185954559656484867
1185954559669297157
1185954559946084352
1185954560126398465
1185954560168386560
1185954560214523904
1185954560453595136
1185954560600199168
1185954560604540931
1185954560868831236
1185954560873029633
1185954561200181248
1185954561430900738
1185954561455837184
1185954561573318658
1185954561640620033
1185954561661517830
1185954561707646976
1185954561917407232
1185954562206617600
1185954562231939072
1185954562513031168
1185954562638639104
1185954562823413760
1185954562861084672
1185954562961747968
1185954563012124672
1185954563372802050
1185954563486035971
1185954563666432000
1185954563758710790
1185954564005978112
1185954564324954114
1185954564463304706
1185954564580761600
1185954564706463744
1185954564756901888
1185954564907945986
1185954565075673091
1185954565117624322
1185954565134225408
1185954565264420867
1185954565448822786
1185954565872447488
1185954565901783041
1185954566149271553
1185954566224957441
1185954566535286785
1185954566614814720
1185954566682140677
1185954566719725568
1185954566765858816
1185954567000711168
1185954567181258752
1185954567277764608
1185954567378235392
1185954567457869824
1185954567990722562
1185954567994908672
1185954568351506432
1185954568355635200
1185954568389255169
1185954568468746240
1185954568494075905
1185954568582127616
1185954568586305537
1185954568644939778
1185954569077084173
1185954569127370752
1185954569257287681
1185954569357946880
1185954569475514369
1185954570062716928
1185954570138259460
1185954570603810817
1185954570956103681
1185954571132329984
1185954571232915456
1185954571409088516
1185954571551682561
1185954571610279937
1185954571736141824
1185954571824189440
1185954572021440513
1185954572264792066
1185954572461920257
1185954572550000640
1185954573132992512
1185954573149753344
1185954573229395968
1185954573489451008
1185954573623545856
1185954573795647488
1185954573967659010
1185954574055739393
1185954574127030272
1185954574353477632
1185954575129419782
1185954575137665024
1185954575175618561
1185954575196545024
1185954575217508355
1185954575376740352
1185954575590801410
1185954575905427458
1185954576488378369
1185954576559755266
1185954577125924865
1185954577339703297
1185954577545220097
1185954577591521281
1185954577805381633
1185954577834795008
1185954578006794240
1185954578124148736
1185954578346512384
1185954578539405316
1185954578908487682
1185954578929504256
1185954579172790272
1185954579277668352
1185954579957125120
1185954580108140545
1185954580254711809
1185954580410130432
1185954580493811712
1185954580582014981
1185954580745506816
1185954580783349760
1185954580867231744
1185954581257293827
1185954581269942273
1185954581370593286
1185954581466861569
1185954581701939202
1185954582008074245
1185954582108594176
1185954582247231488
1185954582603517952
1185954582649700353
1185954583199150082
1185954583266418688
1185954583492923399
1185954583568363520
1185954583824211973
1185954583887208451
1185954584197361664
1185954584377774080
1185954584486825984
1185954584566620162
1185954584621191171
1185954584675549184
1185954584705060869
1185954584788905985
1185954584801488898
1185954584864407553
1185954585170599938
1185954585183211520
1185954585220792320
1185954585237774339
1185954586131087362
1185954586223403011
1185954586307317761
1185954586345070592
1185954586357456896
1185954587015970821
1185954587028676608
1185954587087425543
1185954587196493825
1185954587284574208
1185954587380998144
1185954587401834496
1185954587448139777
1185954587502465024
1185954587750125568
1185954587825573894
1185954587968266241
1185954588144394240
1185954588156936193
1185954588194529280
1185954588245008388
1185954588249116672
1185954588345753601
1185954588526088198
1185954588731625472
1185954588760801282
1185954588827848709
1185954588899196931
1185954589276688384
1185954589343797248
1185954589377302528
1185954589406838785
1185954589457244162
1185954589507575808
1185954589603840002
1185954589645754369
1185954589985660928
1185954590035869696
1185954590048559104
1185954590312808448
1185954590367375360
1185954590413524994
1185954590828695552
1185954590908440576
1185954590979690496
1185954591093022721
1185954591193681923
1185954591357227008
1185954591466233856
1185954591516626946
1185954591533391877
1185954591663362049
1185954591914938369
1185954592023965698
1185954592137367553
1185954592267427840
1185954592279937025
1185954592401567744
1185954592405639168
1185954593060073472
1185954593127186433
1185954593152339968
1185954593664094209
1185954593731235840
1185954593802506240
1185954593806737409
1185954594012192768
1185954594016374784
1185954594217775105
1185954594246914049
1185954594276466690
1185954594326827015
1185954594469363712
1185954594536542210
1185954594746187777
1185954594913808385
1185954595182383106
1185954595220025344
1185954595337580545
1185954595488587776
1185954595564085248
1185954595752726528
1185954595845001217
1185954595983560705
1185954596096749568
1185954596126183425
1185954596453277696
1185954596574900224
1185954596587364352
1185954596604108801
1185954596616916993
1185954596855910400
1185954596897689601
1185954596939816963
1185954596977557504
1185954596998569985
1185954597027774465
1185954597304750085
1185954597313007618
1185954597338320896
1185954597409447936
1185954597485076480
1185954597522890757
1185954597564833798
1185954597635944448
1185954598042779648
1185954598156005377
1185954598219108353
1185954598604988416
1185954598760177664
1185954599028645890
1185954599074750470
1185954599687069697
1185954599787814912
1185954599804506114
1185954599917760517
1185954600316211202
1185954600454643712
1185954600593047552
1185954600601509889
1185954601234681856
1185954601515700230
1185954601737969664
1185954601796820994
1185954602312785920
1185954602367123456
1185954602442604544
1185954602442776579
1185954602623078402
1185954602627276800
1185954602702770185
1185954602916569088
1185954602925088768
1185954602946048002
1185954603235500032
1185954603470376961
1185954603495514112
1185954603885617152
1185954603898195968
1185954603977887744
1185954604082532352
1185954604086902785
1185954604137304069
1185954604145692672
1185954604254715904
1185954604472766465
1185954604510523393
1185954604762255361
1185954604837670917
1185954605093609473
1185954605097799680
1185954605232001024
1185954605693329408
1185954605714284549
1185954605781401600
1185954605911412737
1185954605919801344
1185954605970214917
1185954606200832001
1185954606268010499
1185954606360084480
1185954606511206403
1185954606544670720
1185954606544756737
1185954606850818049
1185954606897086464
1185954607035535360
1185954607438188547
1185954607517917185
1185954607618412544
1185954607664484352
1185954607748526080
1185954607752712192
1185954607857590272
1185954607882788874
1185954608092454912
1185954608239112193
1185954608893562882
1185954609036021760
1185954609468071936
1185954609577234432
1185954610122579968
1185954610562899968
1185954610642477056
1185954610663608323
1185954610705551362
1185954610734743552
1185954610881523714
1185954611112361984
1185954611259002882
1185954611263397888
1185954611577778176
1185954611666046977
1185954611682660353
1185954611728965636
1185954611837861888
1185954611917705216
1185954612014190596
1185954612185989121
1185954612341301248
1185954612391677959
1185954612697649152
1185954612764958723
1185954612836274176
1185954613134016512
1185954613289246720
1185954613331156992
1185954613427617792
1185954613490520064
1185954613494603776
1185954613494726656
1185954613549244417
1185954613628784641
1185954613679263744
1185954613704437760
1185954613746372608
1185954613876314112
1185954613914165250
1185954614178406401
1185954614262292482
1185954614505435136
1185954614945779713
1185954615013138432
1185954615084363777
1185954615482650624
1185954615495233539
1185954615537405952
1185954615721975808
1185954615747076101
1185954615814246403
1185954615918911488
1185954616309178369
1185954616313335808
1185954616854433794
1185954617106092034
1185954617214898177
1185954617424797701
1185954617525526529
1185954617584168961
1185954617684905985
1185954617923964929
1185954618167025665
1185954618208964608
1185954618326552582
1185954618326634498
1185954618397904897
1185954618766954499
1185954618829766657
1185954619115094017
1185954619173822466
1185954619375136769
1185954619450712067
1185954619547095041
1185954619815391233
1185954620163710976
1185954620352253952
1185954620570509317
1185954620658585600
1185954620729974785
1185954620767649793
1185954620998389760
1185954621115813888
1185954621124046848
1185954621136818176
1185954621430190080
1185954621451358208
1185954621535244289
1185954621954678784
1185954622457950209
1185954622986424320
1185954623296856064
1185954623473049600
1185954623628042241
1185954623716286464
1185954624005558272
1185954624097767425
1185954624127275008
1185954624223764480
1185954624307527685
1185954624307527686
1185954624332861440
1185954624584335366
1185954625096163328
1185954625213489152
1185954625222008833
1185954625230258177
1185954625322737665
1185954625440145410
1185954625486082048
1185954625540755457
1185954626002128896
1185954626228514816
1185954626291392512
1185954626308333568
1185954626559983617
1185954626971025408
1185954627021201408
1185954627398713344
1185954627881037824
1185954627948285952
1185954628019675136
1185954628120104960
1185954628724088832
1185954628741058560
1185954628904591365
1185954629349203968
1185954629433118721
1185954629483405313
1185954629529399296
1185954629688971265
1185954629865132035
1185954630028713986
1185954631169515521
1185954631257657345
1185954631358255105
1185954631920377858
1185954632234872832
1185954632302022658
1185954633438715905
1185954633685975046
1185954633765806080
1185954633920974849
1185954634046701568
1185954634139127809
1185954634311127042
1185954634440904704
1185954635040907266
1185954635057680386
1185954635108044800
1185954635753893889
1185954635795832832
1185954636622118917
1185954636643082241
1185954636689223681
1185954636978704384
1185954637079306240
1185954637372968960
1185954637570027521
1185954637993664512
1185954638169722880
1185954638320881664
1185954638371217408
1185954638866063365
1185954639331483648
1185954639478431746
1185954639499399169
1185954639876907008
1185954639935692801
1185954640208093184
1185954640296329216
1185954640573222914
1185954640581541888
1185954640690581508
1185954640933933056
1185954640950681602
1185954641047105537
1185954641424650247
1185954641445576704
1185954641525100545
1185954641550413825
1185954641571467270
1185954641772777472
1185954642431225856
1185954642800316416
1185954642880016384
1185954643270078464
1185954644008325122
1185954644125782017
1185954644390010882
1185954644503224323
1185954644524179461
1185954644725501952
1185954644956073984
1185954645065322496
1185954645082021889
1185954645144952838
1185954645451182082
1185954645547593728
1185954645652455424
1185954645866246144
1185954646084456449
1185954646092865537
1185954646122287109
1185954646176784396
1185954646222917632
1185954646323417088
1185954646352891905
1185954646512132101
1185954646705295361
1185954646885580806
1185954646910787584
1185954646927560704
1185954647116115969
1185954647149699073
1185954647162249216
1185954647460253698
1185954647485407237
1185954647611248641
1185954647623766016
1185954647640592390
1185954647640596482
1185954647762186240
1185954647820918784
1185954647896231937
1185954648718561280
1185954648768700417
1185954648768819200
1185954649062477830
1185954649213460480
1185954649481895937
1185954649519611910
1185954649624514560
1185954649632903171
1185954649947414528
1185954649955864576
1185954649985224705
1185954650132008961
1185954650308128772
1185954650371084294
1185954650656256008
1185954650735992833
1185954650756993024
1185954651168018432
1185954651394531330
1185954651436396545
1185954651474157568
1185954651490766848
1185954651637780481
1185954651851522048
1185954652090707968
1185954652262752256
1185954653348990993
1185954653525151744
1185954653638287360
1185954653919428608
1185954654066237446
1185954654187687936
1185954654678585345
1185954654921854977
1185954654926053377
1185954654967996416
1185954654984855553
1185954655034990599
1185954655051964416
1185954655097851904
1185954655110680577
1185954655165173760
1185954655400071168
1185954655739744257
1185954655869657088
1185954655915786240
1185954655999688704
1185954656100352001
1185954656121491456
1185954656180228096
1185954656394104833
1185954656456982528
1185954656532475904
1185954656700096513
1185954657023287298
1185954657065193474
1185954657073537024
1185954657153228800
1185954657455267840
1185954657861951489
1185954657878736896
1185954658071789577
1185954658344415233
1185954658747060226
1185954658998730752
1185954659065880576
1185954659099385856
1185954659288137728
1185954659569143808
1185954659615367179
1185954659829243904
1185954660068315138
1185954660097626118
1185954660261064704
1185954660353564672
1185954660433059841
1185954660609249280
1185954660676526080
1185954661259468807
1185954661414637569
1185954661657792512
1185954662022664192
1185954662123487232
1185954662144450560
1185954662148558848
1185954662224146433
1185954662639386624
1185954662681321472
1185954662870061057
1185954662924447744
1185954662991716352
1185954663272800256
1185954663432183809
1185954663654400000
1185954664057098240
1185954664145014785
1185954664283553794
1185954664317100034
1185954664375816195
1185954664447201282
1185954664724008965
1185954665067880450
1185954665214730240
1185954665508298754
1185954665600557061
1185954666045161472
1185954666401521664
1185954666758180864
1185954666930212864
1185954667043254272
1185954667085344769
1185954667114549248
1185954667123089408
1185954667227942918
1185954667282522119
1185954667395764225
1185954667634675713
1185954668024721408
1185954668184252417
1185954668226199553
1185954668322709505
1185954668503097345
1185954668989636610
1185954669362843649
1185954669572476928
1185954669631365121
1185954669664751616
1185954669794869249
1185954669996077056
1185954670038192131
1185954670113624064
1185954670205759488
1185954670231076864
1185954670339952640
1185954670377930758
1185954671053156352
1185954671103479814
1185954671388545026
1185954671619379201
1185954671686508546
1185954671707512833
1185954671858352129
1185954671871119368
1185954672147865601
1185954672873496577
1185954673653624833
1185954673708003334
1185954673775259653
1185954674345730055
1185954674433843202
1185954674530246656
1185954674614177798
1185954674693808128
1185954674710593538
1185954674777743360
1185954674928738304
1185954674970521600
1185954675276709889
1185954675540910080
1185954675566137346
1185954675717226496
1185954675738198018
1185954675742298114
1185954676044423169
1185954676103094279
1185954676119785472
1185954676153421824
1185954676296028161
1185954676308660224
1185954676438634496
1185954676501602305
1185954676505796609
1185954676740673536
1185954676853878785
1185954677155721216
1185954677428342785
1185954677764087808
1185954677814263808
1185954677986385920
1185954678019907584
1185954678019936256
1185954678275792898
1185954678305103875
1185954678321958913
1185954678326071297
1185954678908968960
1185954679013990401
1185954679722778624
1185954679831846913
1185954679911571456
1185954680142286848
1185954680175841280
1185954680284897280
1185954680456630273
1185954680578478081
1185954681010491392
1185954681190830080
1185954681270325248
1185954681496985600
1185954681773871105
1185954681895313410
1185954681991913480
1185954682713325569
1185954683023777792
1185954683053056002
1185954683212517376
1185954683300524039
1185954683497508864
1185954683703222275
1185954683774558209
1185954684437221377
1185954684500090892
1185954684747431936
1185954684785364993
1185954684906819585
1185954685015842816
1185954685146062848
1185954685338804224
1185954685435469824
1185954685586460672
1185954685611433986
1185954685842313216
1185954685980565504
1185954686094008325
1185954686118940673
1185954686303686656
1185954686307831808
1185954686697914371
1185954686744088576
1185954686806962181
1185954686836326400
1185954686941220864
1185954686945419264
1185954686983118849
1185954687100559360
1185954687218008069
1185954687473848320
1185954687507406848
1185954687847002112
1185954687994023936
1185954688316911617
1185954688467783680
1185954688539250688
1185954688664915968
1185954688698421249
1185954689118081024
1185954689323393025
1185954689449447434
1185954689466060805
1185954689839456258
1185954689944358914
1185954690141478912
1185954690250563585
1185954690552352768
1185954690577719296
1185954690741219328
1185954690783236096
1185954690787430401
1185954690791591936
1185954690942603265
1185954690988728321
1185954691034832897
1185954691068452865
1185954691202445313
1185954691743547392
1185954691768827904
1185954691932459008
1185954692179869696
1185954692293156865
1185954692452499456
1185954692557201419
1185954692678979584
1185954692729315328
1185954692737765378
1185954692834189312
1185954692842610689
1185954693194739713
1185954693324951552
1185954693362511873
1185954693442347011
1185954693492527105
1185954693786284042
1185954693794717696
1185954693866016768
1185954694021165056
1185954694054547457
1185954694067294208
1185954694683774976
1185954694897831936
1185954694902013953
1185954694964879360
1185954695006826497
1185954695086395392
1185954695396900864
1185954695564517376
1185954696047054848
1185954696109940738
1185954696457904128
1185954696684621824
1185954696755896321
1185954696781029377
1185954696864784385
1185954697024159744
1185954697154310149
1185954697330515968
1185954697389191168
1185954697544392709
1185954697825472512
1185954698169184256
1185954698249023489
1185954698261663744
1185954698362114053
1185954698676834304
1185954698903334912
1185954698949320704
1185954699108913152
1185954699217907712
1185954699322650625
1185954699419082752
1185954699733716993
1185954699796725761
1185954699893194759
1185954700585308161
1185954700727730176
1185954700786577411
1185954701184946177
1185954701298286592
1185954701424152576
1185954701520658433
1185954701600313344
1185954701646237702
1185954701684170757
1185954701730353152
1185954701885329408
1185954702120210433
1185954702166499329
1185954702262964225
1185954702296567808
1185954702564962304
1185954702728617984
1185954702980276225
1185954703609421825
1185954703982694408
1185954704334954498
1185954704351735809
1185954704582307840
1185954704695726081
1185954704930394112
1185954705429544960
1185954705471688706
1185954705479847936
1185954705559769089
1185954705572319233
1185954706050506754
1185954706230824960
1185954706260017154
1185954706625052674
1185954706893479939
1185954707052912645
1185954707078078464
1185954707744800768
1185954707832889344
1185954708034412544
1185954708298633217
1185954708600623104
1185954708978094081
1185954709250531329
1185954709376503809
1185954709552713729
1185954709665914880
1185954710597099520
1185954710626488322
1185954710680788992
1185954710748123137
1185954711142387712
1185954711310159872
1185954711586951168
1185954711775694848
1185954712002224130
1185954712039968773
1185954712299941889
1185954712375480320
1185954712392216577
1185954713017016321
1185954713075900416
1185954713331785730
1185954713369567233
1185954713637982208
1185954714027876352
1185954714103369728
1185954714275450881
1185954714359422977
1185954714476662784
1185954714480971777
1185954714522800128
1185954714841735168
1185954715206586374
1185954715655385088
1185954715726688258
1185954715751763969
1185954715881934854
1185954715965767681
1185954716183912449
1185954716330713088
1185954716540383235
1185954716783542278
1185954716787924993
1185954716829782017
1185954716884328449
1185954716976476160
1185954717022769152
1185954717198888960
1185954717387706374
1185954717505150976
1185954717664342016
1185954717706444800
1185954717752582146
1185954717911961602
1185954717979025409
1185954718410870786
1185954718524362753
1185954718591393793
1185954718834745344
1185954718880800769
1185954718905982976
1185954718981468160
1185954719228923909
1185954719291695104
1185954719400972288
1185954719484825600
1185954719585447942
1185954719837097984
1185954719983964161
1185954720315297794
1185954720730320897
1185954720860508163
1185954721074499586
1185954721103634433
1185954721447567361
1185954721477156869
1185954721649057792
1185954721665863680
1185954721737117696
1185954722198503431
1185954722412404737
1185954722496286725
1185954722664140800
1185954722672332800
1185954722924003331
1185954722991050752
1185954723272232962
1185954723347795968
1185954723523940363
1185954723595206657
1185954723670700037
1185954723830128641
1185954723846852610
1185954723884613633
1185954723939131393
1185954723968491520
1185954723968507905
1185954724408909824
1185954724517949441
1185954724564078592
1185954724597719040
1185954724878659594
1185954724895432705
1185954725096775681
1185954725251944448
1185954725272915968
1185954725348462592
1185954725616848897
1185954725977563138
1185954725994389504
1185954726522884096
1185954726673895428
1185954726879383552
1185954726904520706
1185954726929551360
1185954727386910720
1185954727491588096
1185954727584063490
1185954727613345793
1185954728359931909
1185954728397565952
1185954728611667968
1185954729035288577
1185954729047683072
1185954729312043010
1185954729605529600
1185954729618264066
1185954729618268160
1185954729651781633
1185954729781792769
1185954729987321856
1185954730167721984
1185954730335490048
1185954730356424704
1185954730499022849
1185954730754924550
1185954730822000643
1185954731203715072
1185954731492958208
1185954731665117186
1185954731807531014
1185954731971076096
1185954732181016577
1185954732315041792
1185954732407279617
1185954732919140352
1185954733128851456
1185954733187575809
1185954733510422535
1185954733539782658
1185954733665804291
1185954733917462528
1185954734059995138
1185954734269751296
1185954734454251520
1185954734580080640
1185954734714306560
1185954734810771456
1185954735117000704
1185954735448182785
1185954735456772102
1185954735632867328
1185954735678873600
1185954735867777031
1185954736169783298
1185954736589029376
1185954736656261120
1185954736819843075
1185954736853401601
1185954736949878784
1185954738056990720
1185954738061357058
1185954738115960832
1185954738313015297
1185954738338185222
1185954738363404289
1185954738426339328
1185954738619195392
1185954738673721344
1185954738681987072
1185954738707292161
1185954738766000131
1185954738791157760
1185954738845687811
1185954738900070402
1185954739026059264
1185954739067842560
1185954739319726081
1185954739583893505
1185954739600494598
1185954739609047040
1185954739885883392
1185954740305154049
1185954740359892993
1185954740556980225
1185954740619767809
1185954740707966977
1185954740737171456
1185954740867223552
1185954740984860674
1185954741161005062
1185954741219667968
1185954741232291840
1185954741269880833
1185954741278388225
1185954741441851392
1185954741479759873
1185954741572063233
1185954741576179712
1185954741655887872
1185954741655932928
1185954741878214657
1185954742104662017
1185954743283269634
1185954743480475650
1185954743551578113
1185954743618883592
1185954743820013568
1185954744403218433
1185954744751120384
1185954744759541760
1185954744843456513
1185954744956674048
1185954745002782721
1185954745149612032
1185954745204256769
1185954745229418497
1185954745325801473
1185954745325887488
1185954745531404290
1185954745720233984
1185954745816629249
1185954746084945920
1185954746173153282
1185954746185728000
1185954746290573319
1185954746693226497
1185954747175636993
1185954747196542976
1185954747368345600
1185954747389480960
1185954747678900256
1185954747901206529
1185954748094189569
1185954748169687041
1185954748244955136
1185954748257722368
1185954748278685699
1185954748320616449
1185954748412940288
1185954748442251270
1185954748517748736
1185954748823941128
1185954749314674693
1185954749620932611
1185954749671264263
1185954750182899713
1185954750581366785
1185954750610567168
1185954750715645952
1185954750719778820
1185954750971502593
1185954751059501058
1185954751285989376
1185954751286075392
1185954751328018437
1185954751424401408
1185954751428431872
1185954751839723521
1185954751910940672
1185954752003268610
1185954752049418240
1185954752271532032
1185954752552562688
1185954752657612800
1185954752749809671
1185954752758255617
1185954752980500480
1185954753005658114
1185954753240555522
1185954753441861636
1185954753504780288
1185954754091986944
1185954754112843776
1185954754117197831
1185954754163302400
1185954754440003584
1185954754867978240
1185954754943434753
1185954755203330048
1185954755950055424
1185954756080091136
1185954756298039297
1185954756398899200
1185954756566622209
1185954756759605253
1185954756780609536
1185954756822364160
1185954757116080129
1185954757220982784
1185954757275353088
1185954757506150402
1185954757728489472
1185954757795561472
1185954757824802816
1185954757858512896
1185954758017728513
1185954758168895488
1185954758428901381
1185954758672211968
1185954758688821249
1185954758894354440
1185954759397609472
1185954759548850177
1185954759653679104
1185954759657906176
1185954759720595457
1185954759875760131
1185954759947313152
1185954760349777922
1185954760383500288
1185954760463147008
1185954760496730117
1185954760500772864
1185954760513458176
1185954760589008898
1185954760639295493
1185954760911925248
1185954761075494912
1185954761138458625
1185954761356525568
1185954761490784259
1185954762014855168
1185954762124083208
1185954762274922496
1185954762363158528
1185954762392399873
1185954762509967362
1185954762522595328
1185954762585448455
1185954762740699138
1185954762899877888
1185954762900025344
1185954763164270592
1185954763403333634
1185954763470327808
1185954763596279815
1185954763793457153
1185954764091203584
1185954764120571904
1185954764195938304
1185954764267409408
1185954764359647232
1185954764389015552
1185954764665704448
1185954764686811142
1185954764720394240
1185954765253021696
1185954765340983296
1185954765412413445
1185954765475401731
1185954765479522304
1185954765538115584
1185954765668151296
1185954765827641349
1185954765844426752
1185954765999693825
1185954766096130049
1185954766121328641
1185954766574084098
1185954766607785984
1185954766897274882
1185954766918242305
1185954766951796736
1185954767044075526
1185954767102603264
1185954767169826816
1185954767203454977
1185954767249563651
1185954767262158848
1185954767371227138
1185954767379415040
1185954767463485441
1185954767597686784
1185954767673135105
1185954767782199296
1185954768126140421
1185954768210055168
1185954768423964672
1185954768688164865
1185954768742518784
1185954768805683200
1185954768897757185
1185954768939868160
1185954768969256961
1185954769086636034
1185954769095004160
1185954769216720897
1185954769342468096
1185954769648701440
1185954769917141001
1185954769996697600
1185954770042982408
1185954770047119362
1185954770160439297
1185954770529509378
1185954770676342784
1185954770986717184
1185954771049631744
1185954771334774787
1185954771540291584
1185954771678748673
1185954771737468928
1185954771745640449
1185954771800379393
1185954771854921728
1185954771875708928
1185954772051841024
1185954772085628928
1185954772093935617
1185954772370776066
1185954772442107904
1185954772572086273
1185954772790190080
1185954772844724224
1185954772999954433
1185954773251440640
1185954773414989825
1185954773452890113
1185954773469560832
1185954773511688192
1185954773822070784
1185954774648328194
1185954774744780800
1185954774811840513
1185954774895730688
1185954774908358656
1185954774912385024
1185954775201992704
1185954775302627329
1185954775436800002
1185954775638130689
1185954776179187712
1185954776409874432
1185954776456073217
1185954776556675079
1185954776846077952
1185954776992899072
1185954777152315392
1185954777554833408
1185954777651392512
1185954777789632513
1185954777928060930
1185954778121150464
1185954778272026626
1185954778326560774
1185954778473553923
1185954778708357124
1185954778855202816
1185954779068956673
1185954779236896768
1185954779400245248
1185954779530289152
1185954779907928065
1185954780209958912
1185954780243300352
1185954780411256833
1185954780453232640
1185954780511948802
1185954780591591424
1185954780994297857
1185954781002530816
1185954781111689216
1185954781249982466
1185954781350846471
1185954781359198213
1185954781489033217
1185954781493370880
1185954781598060545
1185954781795213312
1185954781874946048
1185954782160158721
1185954782269399041
1185954782281900033
1185954782445473795
1185954782747471873
1185954782814576641
1185954782906929152
1185954782982348800
1185954783007559680
1185954783380869120
1185954783796060160
1185954783846383616
1185954784068755457
1185954785490550784
1185954785738002432
1185954785763065856
1185954785834536960
1185954785956110339
1185954786010681344
1185954786174296064
1185954786182598657
1185954786287312898
1185954786375536640
1185954786404757504
1185954786610421762
1185954787000569857
1185954787134771200
1185954787558342658
1185954787596087296
1185954787973648385
1185954787986169858
1185954788019597312
1185954788040761351
1185954788178980864
1185954788216856581
1185954788233621504
1185954788510449664
1185954788569165829
1185954788631969792
1185954788661452800
1185954788695072770
1185954788871196673
1185954789022208001
1185954789290471426
1185954789378711552
1185954789391093760
1185954789500174336
1185954789596766211
1185954789651353600
1185954789688897536
1185954789730816000
1185954789777125385
1185954789831651328
1185954790167199744
1185954790896996357
1185954790951530496
1185954790955798528
1185954791211429888
1185954791316475904
1185954791631081472
1185954791723286528
1185954792658604032
1185954792662818817
1185954792880951296
1185954792885100544
1185954792931131392
1185954793338101761
1185954793581236224
1185954793610797059
1185954793757597696
1185954793933672448
1185954793954533376
1185954793988251649
1185954794458042368
1185954794676117506
1185954794772598784
1185954795015688192
1185954795217195009
1185954795519127552
1185954795674374144
1185954795980378112
1185954796102045696
1185954796118908931
1185954796135702528
1185954796198477824
1185954796353785862
1185954796555177985
1185954796676640768
1185954796722892803
1185954796852916225
1185954797070872576
1185954797188304896
1185954797222088704
1185954797343690752
1185954797867941888
1185954797947506688
1185954798086082560
1185954798299795457
1185954798488735745
1185954798560055302
1185954798929096710
1185954799612846080
1185954799616966658
1185954799856111619
1185954799860310016
1185954800422264838
1185954800694972417
1185954800946556933
1185954800996888576
1185954801139494917
1185954801508474881
1185954802183917575
1185954802263445505
1185954802766888960
1185954802829856768
1185954803026989056
1185954803085500416
1185954803211370497
1185954803215687681
1185954803630915586
1185954803798683648
1185954803832233984
1185954804054593536
1185954804302077953
1185954804327161856
1185954804331417612
1185954804343984130
1185954804352409600
1185954804494786562
1185954804532686851
1185954804801134592
1185954805153521665
1185954805275078664
1185954805375733761
1185954805509951490
1185954805577064455
1185954805644218369
1185954805744840707
1185954805811945475
1185954806478921729
1185954806520827906
1185954807015772161
1185954807024107520
1185954807074480129
1185954807162556417
1185954807175090177
1185954807279800322
1185954807468703745
1185954807514828800
1185954807573557253
1185954807682682881
1185954807837839364
1185954807858782214
1185954807938502658
1185954807997026309
1185954808194392066
1185954808458551296
1185954808731189248
1185954808773201920
1185954808785711104
1185954809293262850
1185954809368563712
1185954809423290370
1185954809515565058
1185954809767178240
1185954810102763526
1185954810610290688
1185954811017084928
1185954811046350849
1185954811071602689
1185954811482689536
1185954811654619136
1185954811763707905
1185954812010975232
1185954812149616644
1185954812250202113
1185954812359249920
1185954812527022080
1185954812732608521
1185954813084930048
1185954813135196160
1185954813319831558
1185954813349117954
1185954813391114241
1185954813475000321
1185954813516926976
1185954813558902784
1185954813642727424
1185954813856620549
1185954813865086976
1185954813940355073
1185954814372536323
1185954814766845952
1185954814880079872
1185954814905028608
1185954815085613062
1185954815320440835
1185954815710502914
1185954815811047424
1185954816305942529
1185954816398385153
1185954816494837762
1185954816524247042
1185954816960262144
1185954816960483329
1185954817086083077
1185954817300189189
1185954817837015040
1185954817883152386
1185954818164232200
1185954818260643842
1185954818277498882
1185954818315051009
1185954818361384961
1185954818587856896
1185954819099582466
1185954819107966976
1185954819128737792
1185954819141443584
1185954819342815237
1185954819510587394
1185954819770667010
1185954819800010752
1185954819854479362
1185954819950960646
1185954819997159430
1185954820328431624
1185954820588494848
1185954820685025286
1185954820827615234
1185954820844408833
1185954821016342528
1185954821083414528
1185954821280542722
1185954821574144000
1185954821729329153
1185954821884375040
1185954821955899395
1185954822333308931
1185954822341775360
1185954822408802304
1185954822526124033
1185954822677250048
1185954822757011456
1185954822924783616
1185954823105064966
1185954823532883968
1185954823734059008
1185954823818100737
1185954824245911553
1185954824333824000
1185954824371818498
1185954824443125760
1185954824673792002
1185954824749277185
1185954824770215936
1185954824891895809
1185954824988311553
1185954824988381185
1185954825084850177
1185954825411989505
1185954825441140737
1185954825659248642
1185954826020163587
1185954826045149185
1185954826229878784
1185954826288545792
1185954826502455297
1185954826653523969
1185954826833842176
1185954826850574337
1185954827127291904
1185954827152441344
1185954827706273792
1185954827840512000
1185954827920166914
1185954828075360256
1185954828477960193
1185954828616437760
1185954828708728834
1185954828805181441
1185954828910055425
1185954828930945025
1185954829161717760
