1185952816445063169
1185952816445173761
1185952816449363969
1185952816675713024
1185952816793292800
1185952817107722240
1185952817305083910
1185952817342799872
1185952817636397057
1185952818009649154
1185952818269548544
1185952818424889345
1185952818525560838
1185952818596925441
1185952818622017537
1185952818710110208
1185952818806571009
1185952819200835584
1185952819230191618
1185952819326570501
1185952819590893570
1185952819687444480
1185952819989438464
1185952820211662853
1185952820215910402
1185952820236673024
1185952820266070016
1185952820496756737
1185952820626935809
1185952820651937792
1185952820761190400
1185952820786352128
1185952820803059712
1185952820853379077
1185952821079732224
1185952821234950145
1185952821243457543
1185952821314772997
1185952821323206657
1185952821465767936
1185952821541253120
1185952821667155973
1185952821834911746
1185952822346637312
1185952822405279744
1185952822413725696
1185952822480769029
1185952822560350209
1185952822581497856
1185952822627577856
1185952822694699017
1185952822749093889
1185952822808010752
1185952822921220096
1185952823030276097
1185952823529410560
1185952823659421698
1185952823915233280
1185952823969796099
1185952824078807043
1185952824137584641
1185952824359866368
1185952824498065413
1185952824506515457
1185952824666066950
1185952824825389056
1185952825060270081
1185952825114644480
1185952825357979648
1185952825639165952
1185952825848844291
1185952825978675201
1185952826360565760
1185952826498797568
1185952826591268865
1185952826633048066
1185952826670882816
1185952826746384386
1185952826956103680
1185952827098746882
1185952827119669250
1185952827144888320
1185952827161612288
1185952827245547523
1185952827350437888
1185952827396374528
1185952827702730752
1185952827773874176
1185952827799232514
1185952828038225920
1185952828159877120
1185952828185042945
1185952828474327041
1185952828638019590
1185952828847771649
1185952829233483777
1185952829279789057
1185952829321560065
1185952829569040384
1185952829720190978
1185952829875380224
1185952829963407360
1185952830068285442
1185952830122688512
1185952830164570112
1185952830315749376
1185952830403829760
1185952830420467717
1185952830470918144
1185952830630301697
1185952830827315201
1185952831087566848
1185952831091556352
1185952831553060864
1185952831674540037
1185952831725023233
1185952831745990656
1185952831922155520
1185952832219996162
1185952832299720705
1185952832421281792
1185952832677130240
1185952832807198721
1185952832840597504
1185952832924639233
1185952832932986881
1185952833079857153
1185952833125806083
1185952833130156032
1185952833176252416
1185952833310543872
1185952833348292608
1185952833398435841
1185952833436344320
1185952833650208773
1185952833734086658
1185952834233294848
1185952834388279296
1185952834501726214
1185952834610716676
1185952834627481601
1185952834669424642
1185952834669465600
1185952834732220416
1185952834883338240
1185952835231309824
1185952835239854083
1185952835286044672
1185952836263333888
1185952836355530753
1185952836560883713
1185952836733095936
1185952836833529857
1185952836980477952
1185952837152456708
1185952837345435648
1185952837521547266
1185952837609623554
1185952837639065602
1185952837685141504
1185952837714481153
1185952837777252352
1185952837827608579
1185952838091988992
1185952838117220354
1185952838251270144
1185952838297554944
1185952838339514369
1185952838393856001
1185952838494633985
1185952838670831621
1185952838704418816
1185952838859546626
1185952838888951810
1185952839065133061
1185952839295590400
1185952839690002432
1185952839778160648
1185952840105246720
1185952840277221376
1185952840319143936
1185952840319229952
1185952840365133824
1185952840386113538
1185952840415698945
1185952840449179648
1185952840646320128
1185952840902217729
1185952840910553091
1185952840931594244
1185952841082515456
1185952841388773376
1185952841489408002
1185952841531383809
1185952841644630021
1185952841812320257
1185952841896206337
1185952841900408837
1185952841908805634
1185952842361851904
1185952842445676544
1185952842735144961
1185952842747727872
1185952842751893505
1185952842873495564
1185952842948853763
1185952843120939009
1185952843162902529
1185952843284537344
1185952843410350080
1185952843485855746
1185952843552788481
1185952843611525120
1185952843855028226
1185952843863339009
1185952843905159168
1185952844005797889
1185952844060516352
1185952844148396039
1185952844240904193
1185952844278587393
1185952844421238784
1185952844542861313
1185952844576444417
1185952844706390018
1185952844794363904
1185952844840624129
1185952845197119495
1185952845327155205
1185952845453037568
1185952845490769928
1185952845704716288
1185952845830377473
1185952846065360896
1185952846174281728
1185952846191050753
1185952846228807680
1185952846228922368
1185952846266720257
1185952846317010944
1185952846447034368
1185952846493167616
1185952846908407808
1185952846937804806
1185952847147388928
1185952847214645248
1185952847407529985
1185952847428497408
1185952847483027456
1185952847575142403
1185952847885553664
1185952847910694912
1185952847923429379
1185952848065859584
1185952848087044098
1185952848128835586
1185952848141520901
1185952848175083520
1185952848191856640
1185952848460308480
1185952848585977856
1185952848602902530
1185952848632336384
1185952848904949760
1185952848913293312
1185952849064124416
1185952849068474369
1185952849450151937
1185952849475375106
1185952849772986368
1185952849907335169
1185952849945083905
1185952850003628032
1185952850112864257
1185952850515582976
1185952850586812416
1185952850653990912
1185952850901258241
1185952851291447296
1185952851295494144
1185952851387916288
1185952851484463107
1185952851488595974
1185952851580932099
1185952851652153344
1185952851752898561
1185952851861950465
1185952851962368003
1185952852021260289
1185952852230987777
1185952852595957762
1185952852725780480
1185952852876902402
1185952852990222341
1185952853178798080
1185952853225029632
1185952853246001154
1185952853409652736
1185952853564764162
1185952853698994178
1185952853933875200
1185952853971668994
1185952853979828224
1185952854114222080
1185952854126800896
1185952854198145025
1185952854202372098
1185952854357368832
1185952854357487616
1185952854449758208
1185952854651129859
1185952854848221186
1185952854848262144
1185952855049539585
1185952855082946561
1185952855313661953
1185952855343206405
1185952855443816448
1185952855552905223
1185952855741685760
1185952855745794048
1185952855791943680
1185952855942844417
1185952856018280448
1185952856073031681
1185952856114958339
1185952856228139009
1185952856265748482
1185952856282746881
1185952856702144513
1185952856769212421
1185952856777474049
1185952856941256706
1185952856966402048
1185952857146712064
1185952857318711303
1185952857578713090
1185952857800884224
1185952857859735552
1185952857872326656
1185952857918443526
1185952857943662599
1185952858019115008
1185952858195267587
1185952858400673792
1185952858455326733
1185952858484559872
1185952858669223936
1185952858740363264
1185952859088666624
1185952859122208770
1185952859126407170
1185952859138846720
1185952859164164102
1185952859474595841
1185952859709460480
1185952859722006528
1185952859759747073
1185952859940163584
1185952860078522368
1185952860124647424
1185952860166639617
1185952860271513600
1185952860548272128
1185952860862898182
1185952860913197061
1185952861055639552
1185952861076615168
1185952861458456578
1185952861471105025
1185952861475278848
1185952861483601921
1185952861668163584
1185952861680746496
1185952861814833155
1185952861848555520
1185952862007787520
1185952862100185088
1185952862116962306
1185952862175674368
1185952862188253185
1185952862393769984
1185952862431514624
1185952862439915521
1185952863014531074
1185952863094108160
1185952863417069573
1185952863828217857
1185952863878631429
1185952864012775425
1185952864373563392
1185952864490971138
1185952864566464513
1185952864583274498
1185952864616759298
1185952864683868161
1185952864994152449
1185952865019289600
1185952865019404288
1185952865023606784
1185952865036075009
1185952865443045385
1185952865455656960
1185952865476579329
1185952865673732098
1185952865765842945
1185952865799626755
1185952865979977728
1185952866084753409
1185952866097401856
1185952866172686337
1185952866302922753
1185952866336477184
1185952866470481921
1185952866500071427
1185952866562756608
1185952867208826880
1185952867489681408
1185952867649241089
1185952867917500417
1185952868047572992
1185952868081250304
1185952868236292096
1185952868249018369
1185952868290957312
1185952868341342208
1185952868504932354
1185952868664332299
1185952868874051584
1185952869406502912
1185952869528285188
1185952869637349382
1185952869821960193
1185952869838721031
1185952869880664064
1185952869893079040
1185952869935144961
1185952869939400706
1185952870035841025
1185952870098722816
1185952870266556417
1185952870383980544
1185952870589435905
1185952870627205122
1185952870656630786
1185952870958583809
1185952871025664001
1185952871138770945
1185952871566774274
1185952871730184192
1185952871730294784
1185952872455966723
1185952872489504773
1185952872569040896
1185952872569196546
1185952872636264448
1185952872925712384
1185952873126850560
1185952873164787720
1185952873378660353
1185952873529655296
1185952873651343361
1185952873848410114
1185952873894612992
1185952874037219329
1185952874137882624
1185952874276233217
1185952874301394944
1185952874343346177
1185952874376912896
1185952874410299392
1185952874511192068
1185952874611773440
1185952874699866115
1185952874737483781
1185952874947330049
1185952875060461569
1185952875161227265
1185952875266166792
1185952875450720256
1185952875467493379
1185952875580551170
1185952875668750341
1185952875681214464
1185952875681406976
1185952875991785478
1185952876016951298
1185952876084027392
1185952876109160449
1185952876142706691
1185952876256006144
1185952876297932801
1185952876486627329
1185952876738183168
1185952876788617216
1185952876788617217
1185952876855582720
1185952876905975808
1185952876943888389
1185952876998189057
1185952877665312768
1185952877736427526
1185952877799342080
1185952877841391616
1185952878185320451
1185952878424256512
1185952878520721408
1185952878805958656
1185952878827069440
1185952878902558721
1185952879334572034
1185952879485562880
1185952879510786048
1185952879535898624
1185952879649140737
1185952879674306565
1185952879737098240
1185952879737266176
1185952879863042052
1185952879867289600
1185952879972175874
1185952879993114629
1185952880051806210
1185952880122986497
1185952880303456256
1185952880425164800
1185952880467107843
1185952880492199943
1185952880513241090
1185952880529989633
1185952880550961153
1185952880571777025
1185952880601292800
1185952880727121920
1185952880785797121
1185952880802586625
1185952880832008192
1185952881071067137
1185952881368850432
1185952881435971584
1185952881465126912
1185952881867800576
1185952882190884868
1185952882245472256
1185952882346070018
1185952882413232134
1185952882694049792
1185952882698280960
1185952882857840640
1185952882971021312
1185952883017162752
1185952883113525248
1185952883226927104
1185952883277205504
1185952883570814978
1185952883654701062
1185952883663147009
1185952883834904577
1185952883977707520
1185952884166250496
1185952884195811331
1185952885055426560
1185952885240188929
1185952885248425984
1185952885349076994
1185952885412110336
1185952885533794307
1185952885810573312
1185952886032699393
1185952886204915712
1185952886364233728
1185952886804668417
1185952886812889089
1185952887114911745
1185952887655948288
1185952888079765505
1185952888100548608
1185952888213950464
1185952888385703938
1185952888406691840
1185952888776019969
1185952888847253505
1185952888876494848
1185952889010819072
1185952889191186432
1185952889375731713
1185952890034282497
1185952890147561472
1185952890172477440
1185952890214584321
1185952890273193984
1185952890399133697
1185952890441125892
1185952890445131776
1185952890650877953
1185952890751467522
1185952890847936513
1185952891028291584
1185952891145723906
1185952891338510336
1185952891858804736
1185952891959427074
1185952892114653184
1185952892244631552
1185952892370505728
1185952892542279681
1185952892613734405
1185952892668108800
1185952893075152897
1185952893125431301
1185952893129461760
1185952893217755136
1185952893423235074
1185952893486145536
1185952893561638912
1185952893658189826
1185952893888798721
1185952894027272198
1185952894064844800
1185952894165671938
1185952894228533253
1185952894350217216
1185952894366957568
1185952894580920321
1185952894614409216
1185952894681571328
1185952894756868096
1185952894891315201
1185952894895480833
1185952895033925632
1185952895088369665
1185952895176511489
1185952895268581376
1185952895847538689
1185952895944015874
1185952896090689536
1185952896497655811
1185952896682205186
1185952897034588161
1185952897378463745
1185952897638555648
1185952897667911681
1185952897688723456
1185952897911185420
1185952897932169216
1185952898196234240
1185952898393497602
1185952898422902785
1185952898523586561
1185952898536132609
1185952898665967617
1185952899014234112
1185952899072966664
1185952899127488513
1185952899211378688
1185952899274162176
1185952899333050368
1185952899408551940
1185952899823734785
1185952899823738882
1185952899865538561
1185952899907624963
1185952900079673344
1185952900230500353
1185952900285112322
1185952900322922497
1185952900335443969
1185952900385660929
1185952900754882566
1185952900809404417
1185952900863922177
1185952901123969030
1185952901254057985
1185952901295988739
1185952901409230851
1185952901526458368
1185952901560057859
1185952901782560769
1185952901887397888
1185952902143238149
1185952902164164608
1185952902315204608
1185952902319366145
1185952902642388992
1185952902885662720
1185952902910791681
1185952902927519751
1185952902940151809
1185952903086989312
1185952903145512960
1185952903158288384
1185952903162482693
1185952903233789954
1185952903267323906
1185952903636275200
1185952903732662272
1185952903741222913
1185952903900651520
1185952903925776384
1185952903967707136
1185952904169115650
1185952904177434624
1185952904198291456
1185952904231833600
1185952904324304902
1185952904408121348
1185952904441671681
1185952904475238400
1185952904680820736
1185952904819200001
1185952905016287235
1185952905054085121
1185952905309904896
1185952905444188160
1185952905456734209
1185952905456771073
1185952905637040139
1185952905704161280
1185952905708347392
1185952905976778753
1185952906022928384
1185952906069061632
1185952906127794176
1185952906207465473
1185952906220052480
1185952906375290884
1185952906404651009
1185952906782138373
1185952906920546304
1185952906941476864
1185952907184599040
1185952907272675329
1185952907373502465
1185952907411279875
1185952907419684872
1185952907432267778
1185952907532873730
1185952907696447488
1185952907818164224
1185952908107505669
1185952908455698432
1185952908749225985
1185952908870860800
1185952909047074816
1185952909135155201
1185952909273522188
1185952909365673984
1185952909458137088
1185952909600555008
1185952909613305857
1185952909625905152
1185952909743345667
1185952909848121344
1185952909940461573
1185952910171090945
1185952910246580224
1185952910359879680
1185952910372474880
1185952910569541641
1185952910628270085
1185952910661705728
1185952910758350851
1185952910984863745
1185952911089639425
1185952911102222336
1185952911202963456
1185952911471370240
1185952911534235648
1185952911551094787
1185952911639097346
1185952911710457863
1185952912142405632
1185952912364716035
1185952912545058818
1185952912691912704
1185952912754774016
1185952912838746112
1185952912914178054
1185952913094516736
1185952913149042688
1185952913216212994
1185952913388163073
1185952913501368320
1185952913799221250
1185952914059288576
1185952914294083584
1185952914415804416
1185952914487070720
1185952914738761728
1185952914797486081
1185952914847797249
1185952915015507968
1185952915145363456
1185952915191549952
1185952915195858944
1185952915200118785
1185952915434770432
1185952915774722048
1185952915804037120
1185952915959275520
1185952916030423042
1185952916365963265
1185952916378673152
1185952916412260352
1185952916630310913
1185952917003669504
1185952917041401858
1185952917058134017
1185952917158879234
1185952917364170752
1185952917502734336
1185952917649534976
1185952917712441346
1185952917821382656
1185952917842546690
1185952917863456768
1185952917997666304
1185952918291337216
1185952918454898689
1185952918467424257
1185952918568083456
1185952918748442626
1185952919109144576
1185952919113392128
1185952919134330880
1185952919188901889
1185952919411220480
1185952919583113216
1185952919625048066
1185952919650258951
1185952919801286663
1185952919830568961
1185952919914471425
1185952920149413888
1185952920182939649
1185952920300380161
1185952920468103171
1185952920635875329
1185952920824696832
1185952920833085442
1185952920900124673
1185952920992440321
1185952921348902912
1185952921831329793
1185952921906827264
1185952922129096704
1185952922187845633
1185952922204540930
1185952922762391552
1185952922766585856
1185952922804375553
1185952922808410112
1185952922825187328
1185952922909265920
1185952922921852928
1185952922959564800
1185952922967953409
1185952923127369734
1185952923135565824
1185952923173285888
1185952923219644416
1185952923223760897
1185952923358060548
1185952923416707074
1185952923504783365
1185952923559309312
1185952923693518848
1185952923760693254
1185952923831943170
1185952924284923905
1185952924326871040
1185952924326940674
1185952924364673024
1185952924633108480
1185952924742160384
1185952924813406210
1185952924867973120
1185952925048279041
1185952925220257792
1185952925312585736
1185952925534900225
1185952925589237761
1185952925836894208
1185952925899603968
1185952925975240707
1185952926117830656
1185952926470041601
1185952926478422016
1185952926889414656
1185952927149645825
1185952927309094914
1185952927317450752
1185952927539748864
1185952927548137474
1185952927636021248
1185952927661330432
1185952927837495297
1185952928051412992
1185952928110206976
1185952928122703872
1185952928160313344
1185952928185638914
1185952928231821312
1185952928236015617
1185952928374374402
1185952928449859584
1185952928487690240
1185952928491720704
1185952928508579846
1185952928671993856
1185952928701378560
1185952928743526402
1185952928848322560
1185952928894459906
1185952928923836416
1185952929121013762
1185952929141985280
1185952929221509120
1185952929234046976
1185952929347522561
1185952929708232704
1185952930484117505
1185952930622509062
1185952930710675457
1185952930739953667
1185952930953867265
1185952931021021184
1185952931356594177
1185952931381690371
1185952931498979328
1185952931654311937
1185952931679485952
1185952932136570880
1185952932170256387
1185952932220424192
1185952932509954056
1185952932606468096
1185952932652552192
1185952932685959173
1185952932849766402
1185952932866461698
1185952933038280704
1185952933185314816
1185952933428547589
1185952933436887041
1185952933461946368
1185952933743153154
1185952934049320961
1185952934296600576
1185952934468739074
1185952934586191874
1185952934640717829
1185952934766501888
1185952934846238720
1185952934938456064
1185952934993059840
1185952935102038022
1185952935168991232
1185952935282384896
1185952935303245829
1185952935647293443
1185952935760613377
1185952936070975488
1185952936406466563
1185952936561729536
1185952936595247106
1185952936779767808
1185952936867848194
1185952936872026113
1185952937572306946
1185952938117812225
1185952938134528001
1185952938138705920
1185952938184851457
1185952938348421120
1185952938348421128
1185952938482642951
1185952938557984769
1185952938595880962
1185952938621112321
1185952938633527296
1185952938671427584
1185952938688176128
1185952938721710080
1185952938721775616
1185952938860171267
1185952938939879424
1185952938998583296
1185952939447390209
1185952939988410368
1185952940332335110
1185952940403625984
1185952940567285760
1185952940818714624
1185952940923719682
1185952941078929414
1185952941905207298
1185952941963825152
1185952942089736194
1185952942572085248
1185952942584553473
1185952942706311170
1185952942827945987
1185952942840524801
1185952943020957696
1185952943025065985
1185952943272534020
1185952943322755072
1185952943578714112
1185952943599751169
1185952943683579905
1185952943973027840
1185952944006541312
1185952944077889537
1185952944161730562
1185952944224686081
1185952944631492608
1185952944723640321
1185952944799305730
1185952945113710592
1185952945143209984
1185952945441067008
1185952945474539522
1185952945667395584
1185952945805938688
1185952946225213440
1185952946254700549
1185952946481180674
1185952946795810822
1185952947093561344
1185952947173285890
1185952947450105857
1185952947454263296
1185952947752046593
1185952947831738370
1185952948075057153
1185952948200902656
1185952948297318400
1185952948452503552
1185952948507086849
1185952948666425346
1185952948687429635
1185952948720951296
1185952948733526018
1185952948842614784
1185952948917923840
1185952948947509248
1185952948955701250
1185952949199101952
1185952949488553984
1185952949589200896
1185952949639487488
1185952949798920193
1185952949865857024
1185952949928902657
1185952950205722629
1185952950243512321
1185952950658617344
1185952950960701440
1185952951279476745
1185952951413694464
1185952951535362050
1185952951661219843
1185952951715684358
1185952951715684359
1185952951724072962
1185952951778590720
1185952951891906560
1185952951904415745
1185952952005120000
1185952952084770816
1185952952306917376
1185952952625684480
1185952952692830210
1185952952877498369
1185952953296982016
1185952953351278592
1185952953389277187
1185952953548582912
1185952954114813953
1185952954307756033
1185952954408411136
1185952954454544386
1185952954521735169
1185952954563477506
1185952954630754313
1185952954802724867
1185952954823540736
1185952955205328897
1185952955272441856
1185952955343757313
1185952955851259905
1185952955943587842
1185952955956191234
1185952956065222656
1185952956073594882
1185952956220358656
1185952956429959168
1185952956446846979
1185952956455292929
1185952956505571328
1185952956807630855
1185952956841123845
1185952956937469953
1185952957033959424
1185952957105364992
1185952957189312512
1185952957398949888
1185952957470261249
1185952957654687745
1185952957767925761
1185952957776498688
1185952957864513536
1185952957919105024
1185952958539878400
1185952958640513024
1185952958657249286
1185952958669905920
1185952958917332992
1185952959009562630
1185952959148056578
1185952959185801216
1185952959227498496
1185952959600963585
1185952960020385792
1185952960120934400
1185952960439869442
1185952960439902208
1185952960716693510
1185952961031299073
1185952961534533634
1185952961563746304
1185952961593315328
1185952961723338752
1185952961752653825
1185952961769459713
1185952961869934592
1185952961899515904
1185952961920405505
1185952962134401026
1185952962453102593
1185952962809683972
1185952962855817219
1185952962935447557
1185952963078037505
1185952963648512001
1185952963665301504
1185952963765907456
1185952963786956800
1185952963845644288
1185952963908517888
1185952964177022977
1185952964202110979
1185952964407525376
1185952964503977984
1185952964609040389
1185952964646539264
1185952965032591360
1185952965116350466
1185952965410115585
1185952965456216067
1185952965468839937
1185952965514989568
1185952965561110530
1185952965695135745
1185952965883875328
1185952965892493313
1185952965926031362
1185952965976297473
1185952965992935424
1185952966076981252
1185952966156660736
1185952966211264512
1185952966303461382
1185952966550966273
1185952966865494024
1185952966899097600
1185952967104618496
1185952967154905089
1185952967314288651
1185952967331139584
1185952967423352832
1185952967536644097
1185952967591186433
1185952967884709889
1185952968014749697
1185952968539099138
1185952968539103234
1185952969008799744
1185952969285615616
1185952969562427394
1185952969755447296
1185952969818361863
1185952969985888257
1185952970212552704
1185952970246148097
1185952970321649667
1185952970510344192
1185952970799812608
1185952971135344641
1185952971273789444
1185952971282173952
1185952971328311298
1185952971353403394
1185952971357671426
1185952971579936770
1185952971651276800
1185952971722559488
1185952971802046465
1185952971873488897
1185952972003561473
1185952972024344576
1185952972045520898
1185952972095852546
1185952972259430400
1185952972351639552
1185952972485869568
1185952972964089856
1185952973014392833
1185952973081346048
1185952973249220608
1185952973266010112
1185952973328932865
1185952973718867970
1185952973807075328
1185952974042030081
1185952974146801665
1185952974264254465
1185952974289416192
1185952974310428673
1185952974419451906
1185952974771752961
1185952975061159937
1185952975098929157
1185952975472283648
1185952975614861312
1185952975690141696
1185952975807754241
1185952975979597827
1185952975992131584
1185952976147484672
1185952976503853056
1185952976654913536
1185952976818622465
1185952977107988480
1185952977128955904
1185952977175138304
1185952977216888832
1185952977414250496
1185952977472888832
1185952977497931776
1185952977602990080
1185952977825210368
1185952977862963202
1185952978039123972
1185952978265661445
1185952978429198337
1185952978571845634
1185952978731028480
1185952978949332993
1185952979024842754
1185952979108671489
1185952979276320769
1185952979276439552
1185952979532140544
1185952979712643073
1185952979930750977
1185952980056662016
1185952980601729024
1185952980744507392
1185952980840767489
1185952980975181825
1185952981017157643
1185952981419585536
1185952981428178945
1185952981495226369
1185952981499482112
1185952981533020161
1185952982040502274
1185952982107594752
1185952982183170054
1185952982288031746
1185952982510309377
1185952982623510529
1185952982837411840
1185952982908755968
1185952983177027584
1185952983193796608
1185952983198113795
1185952983294599171
1185952983789518849
1185952983969910784
1185952983982362624
1185952984183853056
1185952984229990400
1185952984431321088
1185952984485765122
1185952984586506240
1185952984670167040
1185952984993280005
1185952985341452295
1185952985391648769
1185952985526034432
1185952985584672769
1185952985630826496
1185952985777610752
1185952985865752578
1185952986251567105
1185952986415206400
1185952986570334213
1185952986637524994
1185952986909986816
1185952986985615360
1185952987132416003
1185952987165777920
1185952987199475716
1185952987362934784
1185952987488903173
1185952987539296256
1185952987660857344
1185952988126334976
1185952988306784256
1185952988944191488
1185952989162303490
1185952989191782400
1185952989313454080
1185952989703528450
1185952989737029632
1185952989820919809
1185952990085165056
1185952990127149063
1185952990135554051
1185952990148136960
1185952990240395265
1185952990269624320
1185952990647197696
1185952990647214080
1185952990693380098
1185952991079256064
1185952991322484736
1185952991343456256
1185952991356080130
1185952991410569218
1185952991477678085
1185952991637061632
1185952991649697792
1185952991708438528
1185952991989452800
1185952992090042368
1185952992454938625
1185952992467603456
1185952992475746304
1185952992589160456
1185952992593244160
1185952992610131970
1185952992643694595
1185952992744357888
1185952992752586753
1185952992983470082
1185952993038028805
1185952993159462912
1185952993520345089
1185952993562320897
1185952993809747970
1185952994073989120
1185952994111700992
1185952994115887107
1185952994170462208
1185952994275352576
1185952994489262084
1185952994707300353
1185952994845704192
1185952995026100224
1185952995370000384
1185952995399426049
1185952995525173249
1185952995554582529
1185952995948691456
1185952996187951104
1185952996288532480
1185952996372418560
1185952996380827650
1185952996439531520
1185952996712222722
1185952996829618177
1185952997144190982
1185952997299363842
1185952997467131906
1185952997542633473
1185952997638983680
1185952997714649089
1185952997752356865
1185952997878091776
1185952997957877760
1185952998071119873
1185952998264057857
1185952998909976579
1185952998968692737
1185952999010516993
1185952999253954561
1185952999769870338
1185952999795036160
1185952999899709440
1185953000600113152
1185953000621334528
1185953000637943808
1185953000872763392
1185953001229504515
1185953002034778112
1185953002051391488
1185953002097647618
1185953002210971653
1185953002336722945
1185953002340773889
1185953002445852672
1185953002554908672
1185953002701676544
1185953002739392513
1185953002831699968
1185953003129442305
1185953003162853377
1185953003246948353
1185953003255123971
1185953003276292099
1185953003389386753
1185953003544678405
1185953004035461122
1185953004278534144
1185953004442312704
1185953004530421760
1185953004543008769
1185953004807020549
1185953004974792704
1185953005025353735
1185953005113430019
1185953005126012931
1185953005784449027
1185953006015123457
1185953006396854275
1185953006409224194
1185953006455422978
1185953006459740161
1185953006560436226
1185953007223091200
1185953007323635715
1185953007675953152
1185953007801962496
1185953007906635778
1185953008225570816
1185953008493809664
1185953008544178176
1185953008711954433
1185953008942833664
1185953008972193794
1185953009055854592
1185953009076969473
1185953009143955456
1185953009378967558
1185953009483866112
1185953009689415683
1185953009697742848
1185953009727102976
1185953009769107456
1185953009949466624
1185953010314350593
1185953010385637376
1185953010406477825
1185953010482122752
1185953010545025026
1185953010574192640
1185953010771513344
1185953010817454080
1185953010838573056
1185953011048300544
1185953011090296833
1185953011262251008
1185953011492896770
1185953011534876674
1185953011597635585
1185953011702460416
1185953011933122561
1185953012113641472
1185953012310827014
1185953012700897280
1185953012835069952
1185953012835143680
1185953012910645248
1185953013300637696
1185953013350821888
1185953013602684931
1185953013892034561
1185953013996781568
1185953014596722688
1185953014667866115
1185953015259377666
1185953015330754561
1185953015347515392
1185953015431417857
1185953015494299656
1185953015573778432
1185953015607382017
1185953015645245442
1185953015661920256
1185953015796137985
1185953015838248960
1185953015922155521
1185953016152805381
1185953016169586691
1185953016375054337
1185953016563847168
1185953016895148033
1185953016966344704
1185953016991473664
1185953017050402817
1185953017117446144
1185953017121726469
1185953017545314310
1185953017620766720
1185953017708863489
1185953017713119232
1185953018187059201
1185953018426122243
1185953018463870977
1185953018535038976
1185953018572873729
1185953018648432646
1185953018761699328
1185953018988158976
1185953019231387654
1185953019592085506
1185953020019904512
1185953020053512192
1185953020254638082
1185953020259065857
1185953020389056513
1185953020506529793
1185953020611354624
1185953020644868098
1185953020712013825
1185953021060145152
1185953021223555072
1185953021278277634
1185953021399666688
1185953021622149125
1185953021630521344
1185953021743828992
1185953021894811653
1185953022326820865
1185953022351986689
1185953022624649221
1185953022683308035
1185953022771433472
1185953022779756545
1185953022867857408
1185953023253573632
1185953023308320769
1185953023530541057
1185953023589146624
1185953023832580096
1185953023861952514
1185953023916433410
1185953023920615426
1185953023983534081
1185953024012894208
1185953024243453953
1185953024281370624
1185953024382033927
1185953024524640256
1185953024805457921
1185953025044598784
1185953025162125317
1185953025262870528
1185953025447354369
1185953025459810311
1185953025522692096
1185953025531232258
1185953025589821440
1185953025636085762
1185953025644359680
1185953025682223104
1185953025883590657
1185953025984102401
1185953026219106305
1185953026269503490
1185953026504302592
1185953026672091138
1185953026885816320
1185953027036975107
1185953027200405504
1185953027297087493
1185953027322187777
1185953027397738496
1185953027578105862
1185953027586441216
1185953027645030400
1185953027691171845
1185953027695484929
1185953027737305088
1185953027800420356
1185953027833978881
1185953027934642178
1185953028026912768
1185953028207194112
1185953028232404998
1185953028333096960
1185953028630863875
1185953028769308673
1185953028861583360
1185953029092233218
1185953029377449984
1185953029457096705
1185953029620674561
1185953029872328704
1185953030081957888
1185953030086238209
1185953030245511168
1185953030325309442
1185953030358929409
1185953030375727105
1185953030614568962
1185953030950313986
1185953031013175297
1185953031113891848
1185953031730401281
1185953032212631552
1185953032300879875
1185953032317485056
1185953032443518977
1185953032548376576
1185953032950951937
1185953033013944320
1185953033252769792
1185953033320108035
1185953033336676352
1185953033835995136
1185953033961771009
1185953034569834502
1185953034595196928
1185953034700054528
1185953034930667520
1185953034981007361
1185953035027136513
1185953035186573312
1185953035253665792
1185953035308195842
1185953035610181632
1185953035647717376
1185953035857596417
1185953035920592897
1185953035941548035
1185953036067209218
1185953036188835841
1185953036373377024
1185953036985913346
1185953037199626240
1185953037216616452
1185953037237604353
1185953037560532997
1185953037673795590
1185953037803753472
1185953037803839488
1185953037820616706
1185953038025887746
1185953038101614594
1185953038223192066
1185953038248230912
1185953038403624968
1185953038567170049
1185953038659440641
1185953038952996864
1185953039015915520
1185953039099654144
1185953039439581185
1185953039636516866
1185953039972089857
1185953040127401985
1185953040370667521
1185953040395845632
1185953040580395011
1185953040781795329
1185953040962076673
1185953041029255172
1185953041377382400
1185953041553526785
1185953041826095104
1185953042203598849
1185953042669199360
1185953042706898944
1185953042836922371
1185953042962599936
1185953043252162560
1185953043365412865
1185953044061708292
1185953044132958208
1185953044154015744
1185953044170760198
1185953044313399297
1185953044363505664
1185953044405673986
1185953044548259843
1185953044615303173
1185953044674031617
1185953044862771203
1185953044887937026
1185953045022232577
1185953045244530688
1185953045248528385
1185953045328195584
1185953045416501248
1185953045856829445
1185953045894569984
1185953046129336320
1185953046284521472
1185953046733438977
1185953046888681474
1185953047203196928
1185953047459049478
1185953047517827074
1185953047631089664
1185953047848968192
1185953048008495104
1185953048008548354
1185953048033660928
1185953048197324800
1185953048457289728
1185953048662814721
1185953048809619457
1185953048813658112
1185953048813694978
1185953048872415232
1185953049086291968
1185953049275068416
1185953049375838210
1185953049396875265
1185953049438765058
1185953049644322817
1185953049749213184
1185953049812045824
1185953049933565952
1185953049963048960
1185953050072104960
1185953050114043906
1185953050244067328
1185953050852282370
1185953051011616768
1185953051066028033
1185953051322044416
1185953051682586626
1185953051749834754
1185953052374769664
1185953052504809472
1185953052886491137
1185953053029163009
1185953053293371392
1185953053448515584
1185953053469560832
1185953053624672259
1185953053960232960
1185953054115319808
1185953054467772416
1185953054585053185
1185953054669053953
1185953055034007552
1185953055143071745
1185953055293837312
1185953055466020866
1185953055730089984
1185953056124370944
1185953056137056257
1185953056229384194
1185953056283754497
1185953056321671168
1185953056455704577
1185953056493572098
1185953056602710017
1185953056665559042
1185953056883646464
1185953056942383108
1185953057059688448
1185953057101799425
1185953057105993728
1185953057210810369
1185953057231773697
1185953057282101248
1185953057282187264
1185953057332441089
1185953057340825601
1185953057424560129
1185953057483476993
1185953057525260289
1185953057550536704
1185953057642860544
1185953057647017986
1185953057936416770
1185953057961644032
1185953058141999104
1185953058234290176
1185953058406178819
1185953058485878786
1185953058775277569
1185953058922086400
1185953058955714560
1185953059387654144
1185953059404308480
1185953059425390593
1185953059513470976
1185953059626725377
1185953059672903680
1185953059932983300
1185953059983298561
1185953060713062407
1185953060754984960
1185953060805337088
1185953060817985536
1185953060859850752
1185953061107326976
1185953061233147907
1185953061270904833
1185953061346447361
1185953061556150272
1185953061610516480
1185953061644226561
1185953061652647936
1185953061832974337
1185953061845360640
1185953061895884800
1185953062046842884
1185953062269181953
1185953062369857537
1185953062512463872
1185953062709538821
1185953062877356032
1185953062977884160
1185953063032381440
1185953063066128384
1185953063145738241
1185953063191924737
1185953063300993030
1185953063313559553
1185953063493865472
1185953063749767168
1185953064068534273
1185953064143986690
1185953064156401666
1185953064164974595
1185953064819318784
1185953064848482304
1185953064903172098
1185953065213583361
1185953065482051584
1185953065607843840
1185953065620381698
1185953065842724866
1185953065935003648
1185953066228432896
1185953066253611008
1185953066316718080
1185953066673229824
1185953066887057409
1185953067012935688
1185953067021275137
1185953067235045377
1185953067553964033
1185953067784724482
1185953067910533121
1185953067943882757
1185953067981774853
1185953068011216905
1185953068048928769
1185953068124430336
1185953068208275457
1185953068522921984
1185953068598345731
1185953068740943874
1185953068745146368
1185953068749348864
1185953068841684994
1185953069076533251
1185953069139406849
1185953069273665537
1185953069466574848
1185953069508501504
1185953069558849537
1185953069592403968
1185953069760008194
1185953069768548353
1185953069806342144
1185953070414520320
1185953070502612993
1185953070590713856
1185953070682914816
1185953070695571463
1185953070817124352
1185953070829715456
1185953071043493889
1185953071073026048
1185953071303553024
1185953071345463296
1185953071454666753
1185953071576182785
1185953071987417088
1185953072129941504
1185953072582987782
1185953072645689344
1185953072700411906
1185953072905895941
1185953072910077957
1185953073115664384
1185953073119682560
1185953073212116992
1185953073312796673
1185953073421619201
1185953073979625474
1185953074118049792
1185953074247946240
1185953074449395712
1185953074587717634
1185953074675761152
1185953074801762306
1185953074873098241
1185953075166613505
1185953075246354432
1185953075309223938
1185953075418324992
1185953075447492609
1185953075447681025
1185953075556683784
1185953075586093057
1185953075716149248
1185953075787378693
1185953075984400384
1185953076114612225
1185953076181639168
1185953076244549632
1185953076361879553
1185953076651282432
1185953076760342535
1185953076768890886
1185953077058097152
1185953077154594816
1185953077221720065
1185953077280555008
1185953077293211649
1185953077699858432
1185953077821689856
1185953077951635456
1185953078132035584
1185953078132072458
1185953078169821184
1185953078178041857
1185953078341705728
1185953078421446666
1185953078928904192
1185953079398686720
1185953079415447552
1185953079470022656
1185953079583264774
1185953079591657473
1185953079750987777
1185953079817977857
1185953079826571265
1185953079876673536
1185953079906185218
1185953079960756224
1185953080145133569
1185953080145137664
1185953080262553603
1185953080472408064
1185953080485076994
1185953080543760384
1185953080635822080
1185953080757633028
1185953080791240704
1185953080812027904
1185953081009283072
1185953081365680128
1185953081583964165
1185953081604956160
1185953081692954625
1185953081709813760
1185953082041163779
1185953082166919168
1185953082296995841
1185953082338922497
1185953082443739136
1185953082515034112
1185953082540199937
1185953082670080001
1185953082703826945
1185953082846396417
1185953082938671104
1185953083353960448
1185953083395923968
1185953083404312581
1185953083442028545
1185953083475382274
1185953083517526016
1185953083550863360
1185953083634802691
1185953084075315200
1185953084373123074
1185953084574298113
1185953084729675776
1185953084930973696
1185953084976947200
1185953085094428672
1185953085237157890
1185953085623066624
1185953085702602755
1185953085732130817
1185953085937668097
1185953086042447873
1185953086399045632
1185953086403158016
1185953086419984386
1185953086445105152
1185953086453567489
1185953086533242880
1185953086654861315
1185953086659055618
1185953086793236488
1185953086814199808
1185953086948265984
1185953087069966337
1185953087288160256
1185953087338504193
1185953087451750400
1185953087527247872
1185953087611121664
1185953087778971649
1185953087867019266
1185953087929901057
1185953087938355200
1185953087967649792
1185953088236077056
1185953088345116681
1185953088462610437
1185953088873603077
1185953089045618694
1185953089066545153
1185953089158877184
1185953089334972416
1185953089511145474
1185953089636966401
1185953090052202500
1185953090123567105
1185953090211586052
1185953090488242177
1185953090694012928
1185953090697973760
1185953090723291139
1185953090895335426
1185953091088273408
1185953091109183489
1185953091163709441
1185953091301998592
1185953091398459397
1185953091457298434
1185953091461484545
1185953091675480065
1185953091897696256
1185953091973210117
1185953092199534592
1185953092203958273
1185953092363309057
1185953092778516480
1185953092782772225
1185953093034369024
1185953093067923456
1185953093076344837
1185953093160263681
1185953093290119168
1185953093365551110
1185953093394952192
1185953093437005825
1185953093600665601
1185953093793566721
1185953094015881223
1185953094150082560
1185953094288445448
1185953094523326467
1185953094569472001
1185953094686924803
1185953094812594177
1185953094837903361
1185953094905061376
1185953095085215744
1185953095085428737
1185953095215439874
1185953095227969537
1185953095240638465
1185953095374790656
1185953095492263936
1185953095802589184
1185953095852969985
1185953095999774722
1185953096922468353
1185953097002168321
1185953097148858368
1185953097471930369
1185953097702612993
1185953097840881669
1185953097891246080
1185953097899749376
1185953097937350657
1185953097987825664
1185953098101116930
1185953098193342464
1185953098700865536
1185953098776371200
1185953099078201346
1185953099195863040
1185953099216752641
1185953099267170307
1185953099426471937
1185953099430715392
1185953099502047233
1185953099506020352
1185953099543912450
1185953099552346112
1185953099573157888
1185953099690627072
1185953099783069698
1185953099833364482
1185953099946582018
1185953099954962434
1185953099955003393
1185953100097417221
1185953100219195392
1185953100219277313
1185953100386799618
1185953100462546944
1185953100613509120
1185953100684652546
1185953100701536257
1185953100764450816
1185953100881956865
1185953101167104000
1185953101175373826
1185953101192351745
1185953101213097984
1185953101213253632
1185953101347467275
1185953101569757184
1185953101955682304
1185953101959835651
1185953102266060802
1185953102299648000
1185953102446219265
1185953102773534720
1185953102798696453
1185953102895157250
1185953102941306882
1185953103025229824
1185953103146864641
1185953103524356096
1185953103578836994
1185953103591477249
1185953104014917637
1185953104203788291
1185953104283484160
1185953104308690945
1185953104316907522
1185953104400977921
1185953104430272512
1185953104694513665
1185953104782594048
1185953104887500801
1185953105256599554
1185953105428369409
1185953105550151682
1185953105835413505
1185953106296741889
1185953106305134594
1185953106346921984
1185953106518933505
1185953106661527552
1185953106716221441
1185953106745548801
1185953106883940352
1185953107001401344
1185953107055960065
1185953107064303619
1185953107349389313
1185953107357917184
1185953107425017856
1185953107479539712
1185953107647385600
1185953107659907079
1185953108121264128
1185953108146425856
1185953108318412802
1185953108486250497
1185953108540772358
1185953108825784321
1185953108888825856
1185953109056671746
1185953109102813184
1185953109182500864
1185953109211783168
1185953109232816128
1185953109744345088
1185953109991985155
1185953110226808832
1185953110373609477
1185953110507831297
1185953110642122752
1185953110684000257
1185953110998405120
1185953111187132416
1185953111313178624
1185953111355154433
1185953111459991552
1185953111548010500
1185953111648718855
1185953111929700354
1185953111954853888
1185953112185626625
1185953112508588034
1185953112625827840
1185953112986673152
1185953113162706944
1185953113389314048
1185953113661935617
1185953113699766272
1185953113825513472
1185953113863348224
1185953113976360960
1185953114156883968
1185953114286972928
1185953114291081216
1185953114303582208
1185953114551214082
1185953114773426178
1185953114853117952
1185953114916098048
1185953114920247296
1185953114957979648
1185953114991542272
1185953115033477123
1185953115033485312
1185953115175976961
1185953115226329089
1185953115452911617
1185953115595509761
1185953115616374784
1185953115679285248
1185953115696066561
1185953115704442880
1185953115817701378
1185953115838861312
1185953116027588608
1185953116199342081
1185953116249739264
1185953116300234753
1185953116304412672
1185953116484755461
1185953116811878400
1185953116841299971
1185953116853805056
1185953116883181570
1185953116958662657
1185953116962856962
1185953117021622272
1185953117034237953
1185953117357137921
1185953117361393665
1185953117420040193
1185953117608779777
1185953117629833216
1185953117868904453
1185953118065954816
1185953118275682305
1185953118447648774
1185953118795849731
1185953118799962112
1185953118862893056
1185953119127162880
1185953119185883136
1185953119357812742
1185953119399624705
1185953119567536128
1185953119617867778
1185953119726899201
1185953119735341056
1185953119760539650
1185953119789707264
1185953119945056257
1185953119995342848
1185953120012111872
1185953120058249218
1185953120121212928
1185953120163160064
1185953120184082433
1185953120372875267
1185953120494538755
1185953120519708677
1185953120586752000
1185953120611905537
1185953120666505216
1185953120695869440
1185953120821620737
1185953120855175173
1185953121094250497
1185953121312346119
1185953121492713472
1185953121551470592
1185953121584979969
1185953121756954624
1185953121765351424
1185953121958350848
1185953121975095296
1185953122033819649
1185953122377703425
1185953122398691328
1185953122516111361
1185953122629361665
1185953122629378055
1185953122646200326
1185953122704875528
1185953122721636352
1185953122872709127
1185953123128483841
1185953123401162752
1185953123417935872
1185953123556364295
1185953123703119872
1185953123774468096
1185953123828940806
1185953123854114825
1185953124000780288
1185953124080590849
1185953124139356160
1185953124281933824
1185953124613316610
1185953124625932289
1185953124701204480
1185953124713926658
1185953124768501760
1185953125003354113
1185953125028499464
1185953125041082369
1185953125078880258
1185953125301141505
1185953125590589443
1185953125695442944
1185953125716283393
1185953126211313665
1185953126341365761
1185953126601375746
1185953126693720064
1185953126773395456
1185953126823727106
1185953126857052160
1185953126890790913
1185953127025008642
1185953127377391616
1185953127591284738
1185953127788359683
1185953127884828672
1185953127956189186
1185953127968727041
1185953127985483776
1185953128123789312
1185953128165724160
1185953128199393280
1185953128358797313
1185953128576761856
1185953128681820160
1185953128710959104
1185953128891518977
1185953129021497346
1185953129050886145
1185953129147191296
1185953129499516928
1185953129629569024
1185953129885523968
1185953130300821505
1185953130653073408
1185953130783170562
1185953130812329985
1185953130933936129
1185953130984476672
1185953131009589248
1185953131143806976
1185953131177361410
1185953131542138880
1185953131726868481
1185953131772801027
1185953131793924097
1185953131869462529
1185953131949105153
1185953132007821313
1185953132318203904
1185953133123342337
1185953133220024321
1185953133249196035
1185953133379444736
1185953133719146498
1185953133870092294
1185953133954031616
1185953134012751872
1185953134369296384
1185953134612537344
1185953134910287874
1185953135023411201
1185953135120060417
1185953135455547395
1185953135556206592
1185953135635976192
1185953135707197441
1185953135795343360
1185953135912730626
1185953135996686336
1185953136101474304
1185953136214716416
1185953136369901568
1185953136399343617
1185953136839553024
1185953137003319302
1185953137103949824
1185953137120514048
1185953137284153344
1185953137473007616
1185953137758212096
1185953138194501637
1185953138508881920
1185953138525773825
1185953138588749824
1185953138672570374
1185953138685161472
1185953138722983936
1185953138815184896
1185953138991423489
1185953139024957445
1185953139154751488
1185953139217911808
1185953139314302976
1185953139679207425
1185953140128014337
1185953140434067458
1185953140496977920
1185953140601999360
1185953140694245382
1185953140748763139
1185953140866027521
1185953141134712833
1185953141193428992
1185953141264699393
1185953141436637185
1185953141486960653
1185953141596000256
1185953141650591744
1185953141847658496
1185953142405550080
1185953142665633793
1185953142782840834
1185953142879510531
1185953142950612992
1185953143030534144
1185953143231827968
1185953143357444098
1185953143391166464
1185953143538049024
1185953143789670400
1185953143806464001
1185953144049750016
1185953144070660096
1185953144125063168
1185953144213266432
1185953144288796672
1185953144351711237
1185953144515301376
1185953144569761792
1185953144670429185
1185953144724844545
1185953144762765314
1185953145006022657
1185953145064701954
1185953145110835201
1185953145123414017
1185953145224073219
1185953145459007488
1185953145475616768
1185953145635164160
1185953145832329216
1185953145857466368
1185953145865658368
1185953146008489984
1185953146025238528
1185953146436247552
1185953146490757120
1185953146524307463
1185953146717294594
1185953146763464708
1185953146885029888
1185953147182813189
1185953147228962820
1185953147568582656
1185953147593752576
1185953147967152128
1185953147971424258
1185953148038459394
1185953148181106688
1185953148311130114
1185953148311130115
1185953148361310208
1185953148403367936
1185953148424331265
1185953148520693761
1185953148655079425
1185953148759953408
1185953148898304001
1185953149091225608
1185953149120634882
1185953149204475904
1185953149296742402
1185953149330296832
1185953149338705926
1185953149502181376
1185953149506543627
1185953149644881922
1185953149695053825
1185953149821079557
1185953149888143360
1185953149896548352
1185953150211166208
1185953150294986752
1185953150345404426
1185953150378872832
1185953150559113216
1185953150722854912
1185953151079321602
1185953151108538369
1185953151377121282
1185953151461056513
1185953151486169091
1185953151498772480
1185953151519789057
1185953151649603584
1185953151725297665
1185953152039825409
1185953152107012097
1185953152413110272
1185953152450871299
1185953152497082368
1185953152580964353
1185953152677363714
1185953152761237504
1185953152824156160
1185953152941674496
1185953152966807553
1185953153004572677
1185953153033756672
1185953153231065089
1185953153285361665
1185953153457410048
1185953153763569664
1185953153960808451
1185953154065747968
1185953154116009985
1185953154120048640
1185953154153811968
1185953154241662977
1185953154304827395
1185953154359287810
1185953154367721472
1185953154510151682
1185953154510311424
1185953154732625920
1185953154854080512
1185953155097513985
1185953155231682561
1185953155315634177
1185953155319767040
1185953155588263937
1185953155743436806
1185953155831521281
1185953155902771201
1185953155940372481
1185953155953168386
1185953156045459458
1185953156062052352
1185953156129316865
1185953156175450113
1185953156443848705
1185953156502622209
1185953156703744000
1185953156875870208
1185953156905230338
1185953157110816769
1185953157328900099
1185953157513437184
1185953157521854470
1185953157660037120
1185953157798645761
1185953157807005699
1185953157945253889
1185953158033477632
1185953158146605057
1185953158369107969
1185953158423613440
1185953158482165760
1185953158633283584
1185953158780116998
1185953158838865920
1185953158893309952
1185953159132266496
1185953159618936832
1185953159694442498
1185953159799361538
1185953159803523080
1185953159870668805
1185953159920918528
1185953160122241025
1185953160139067393
1185953160205983744
1185953160277438466
1185953160306675713
1185953160441020418
1185953161019875328
1185953161065963520
1185953161074348033
1185953161091211265
1185953161166671873
1185953161372192769
1185953161418162177
1185953161577517058
1185953161749712896
1185953161753874432
1185953161799966721
1185953161862758400
1185953162043232257
1185953162051674114
1185953162093617152
1185953162148155392
1185953162273927174
1185953162282188802
1185953162307481600
1185953162353508353
1185953162622046213
1185953162873757698
1185953162877906944
1185953163066527744
1185953163259666435
1185953163314114565
1185953163322548225
1185953163402190848
1185953163402207232
1185953163662254081
1185953163787919361
1185953163825864705
1185953163863568390
1185953164002025473
1185953164081664005
1185953164094328833
1185953164119478272
1185953164132061189
1185953164177969152
1185953164224274432
1185953164249444353
1185953164434071552
1185953164576481280
1185953164597563404
1185953164601778177
1185953164610228230
1185953164677263360
1185953164714889216
1185953164945702913
1185953164966518784
1185953165415538691
1185953165583224833
1185953165650190340
1185953166099210240
1185953166220640256
1185953166313119744
1185953166359183361
1185953166396923906
1185953166594052096
1185953166812016641
1185953167051091970
1185953167160348674
1185953167265144834
1185953167328120832
1185953167420383238
1185953167579779072
1185953167617474561
1185953167697158145
1185953168036782081
1185953168385101824
1185953168410234882
1185953168615772161
1185953168892530693
1185953168900804613
1185953168938749952
1185953169114836992
1185953169169436673
1185953169181941762
1185953169181986816
1185953169303584769
1185953169731440641
1185953169764954112
1185953169773355008
1185953169966292993
1185953169995718656
1185953170100539395
1185953170360590339
1185953170406535168
1185953170436083718
1185953170549166080
1185953170683351041
1185953170737909760
1185953170964520962
1185953171019091969
1185953171044212738
1185953171052597249
1185953171190927361
1185953171497246720
1185953171660607489
1185953171660632065
1185953171845341185
1185953171857985536
1185953171950264320
1185953172197654528
1185953172227055627
1185953172239634432
1185953172323389441
1185953172432531456
1185953172759691271
1185953172780699654
1185953172801687552
1185953173195952138
1185953173229506561
1185953173338546178
1185953173351141376
1185953173502136321
1185953173724418048
1185953173795721217
1185953173846003714
1185953174110265345
1185953174215114753
1185953174441676801
1185953174613647360
1185953174789734401
1185953175171457026
1185953175376973824
1185953175519617025
1185953175569944576
1185953175590694912
1185953175662137344
1185953175859281925
1185953175939026945
1185953176052092929
1185953176161271809
1185953176366784512
1185953176568188928
1185953176601710592
1185953176601747459
1185953176702373888
1185953176966586370
1185953177063055360
1185953177121755136
1185953177285414913
1185953177344118784
1185953177381720066
1185953177469886466
1185953177520222210
1185953177566371840
1185953177612570625
1185953177692266504
1185953177700487168
1185953177998385153
1185953178069667840
1185953178069680133
1185953178241495040
1185953178304446464
1185953178358910976
1185953178463793152
1185953178698899456
1185953178770128907
1185953178833080320
1185953178862403585
1185953179202015235
1185953179302690819
1185953179315462155
1185953179613057024
1185953179625762818
1185953179776831488
1185953179856523266
1185953179948720128
1185953180011524096
1185953180020068352
1185953180137340933
1185953180183646210
1185953180313673728
1185953180330233856
1185953180431065093
1185953180443664384
1185953180800057344
1185953180854697984
1185953180917649413
1185953181047689217
1185953181131522049
1185953181194280960
1185953181303558144
1185953181358014464
1185953181471297538
1185953181525794816
1185953181525856258
1185953181584515074
1185953181701935106
1185953181941022720
1185953182301609984
1185953182326951938
1185953182385614849
1185953182406627328
1185953182536601602
1185953182675017728
1185953182700265478
1185953182742171648
1185953182792507392
1185953182888972290
1185953183035789314
1185953183073361922
1185953183077670912
1185953183186726913
1185953183266418690
1185953183312629762
1185953183375515650
1185953183408869379
1185953183509733383
1185953183698477057
1185953183761387522
1185953183761391619
1185953183958331392
1185953183996223488
1185953184126296067
1185953184256266240
1185953184285679616
1185953184315006976
1185953184512036864
1185953184608595969
1185953184717557760
1185953184772247554
1185953184780439552
1185953184797396992
1185953184843350017
1185953184918978563
1185953184931569666
1185953185007050752
1185953185011249152
1185953185183219712
1185953185514610688
1185953185535594498
1185953185959174146
1185953186164682753
1185953186206666754
1185953186257031168
1185953186403643392
1185953186743324673
1185953186814676992
1185953186923851776
1185953186990833664
1185953187267780608
1185953187292954625
1185953187305443328
1185953187355856901
1185953187397636096
1185953187473350658
1185953187489935360
1185953187620110341
1185953187641073667
1185953187871809542
1185953187985051648
1185953188140199936
1185953188156829697
1185953188177944581
1185953188253487104
1185953188270235648
1185953188307845121
1185953188333215744
1185953188446375936
1185953188484009984
1185953188559704065
1185953188647768067
1185953188660289545
1185953188664492032
1185953188765155328
1185953188891025408
1185953188915974146
1185953189021061122
1185953189050421251
1185953189092306949
1185953189146836992
1185953189352394758
1185953189465595905
1185953189624860672
1185953189708910593
1185953189998120966
1185953190069571584
1185953190140878850
1185953190145150979
1185953190161846275
1185953190216454144
1185953190241603591
1185953190329622528
1185953190375804930
1185953190409363458
1185953190438752259
1185953190505799682
1185953190606360576
1185953191063633920
1185953191122354179
1185953191172685824
1185953191327752192
1185953191587975168
1185953191634055169
1185953191663296512
1185953192007352321
1185953192112283648
1185953192141643777
1185953192166641664
1185953192183357440
1185953192372244482
1185953192422465538
1185953193051787265
1185953193198575616
1185953193357918210
1185953193475358720
1185953193508954112
1185953193752068096
1185953193857110016
1185953193869463557
1185953193915752448
1185953193957691393
1185953194062561281
1185953194108686337
1185953194150678528
1185953194192572419
1185953194318409728
1185953194330984448
1185953194364559360
1185953194620440576
1185953194918195207
1185953195215990789
1185953195228647424
1185953195291545600
1185953195417362434
1185953195497082882
1185953195555774466
1185953195589283840
1185953195618496512
1185953195627073536
1185953195715125248
1185953196042145792
1185953196109369344
1185953196142923777
1185953196218425346
1185953196277161990
1185953196310708225
1185953196373463042
1185953196616765440
1185953196864241664
1185953197061332993
1185953197178970112
1185953197208358912
1185953197254299648
1185953197367664640
1185953197606785025
1185953197615210500
1185953197736771586
1185953197757779974
1185953197963272196
1185953197975732225
1185953198005276674
1185953198265241601
1185953198327992320
1185953198500143109
1185953198684692482
1185953198697267200
1185953198848299010
1185953199313899520
1185953199389171714
1185953199443734528
1185953199485849606
1185953199485870080
1185953199737298944
1185953200194457600
1185953200333053952
1185953200333099009
1185953200488288259
1185953200647442433
1185953200731512833
1185953201033486338
1185953201033564160
1185953201045901312
1185953201096294400
1185953201134145536
1185953201146609666
1185953201276588032
1185953201285226499
1185953201289216000
1185953201520041985
1185953201662509056
1185953201700376577
1185953201746595844
1185953202019196928
1185953202140844033
1185953202522472449
1185953202535129090
1185953202547691524
1185953202858024960
1185953202979647488
1185953202996416513
1185953203038380032
1185953203109748736
1185953203113910279
1185953203260723200
1185953203348598784
1185953203361173504
1185953203508002816
1185953203776557057
1185953203994742787
1185953204560896007
1185953204636442625
1185953204669804549
1185953204757905410
1185953204980322305
1185953205013897217
1185953205445742594
1185953205836009472
1185953206058311680
1185953206154645507
1185953206205145089
1185953206347669504
1185953206410473472
1185953206536462338
1185953206540623872
1185953206578204673
1185953206632931328
1185953206662320128
1185953206788087808
1185953206913961984
1185953206930677761
1185953207090077696
1185953207614431233
1185953207694036992
1185953207735865344
1185953207866085377
1185953208235110405
1185953208239300609
1185953208272711680
1185953208272744448
1185953208310681600
1185953208344158211
1185953208432123904
1185953208465838081
1185953208490840064
1185953208616677376
1185953208675512322
1185953208675512324
1185953208713142274
1185953208729882624
1185953208730042370
1185953208734310401
1185953208860119041
1185953208876883976
1185953209011068930
1185953209048801280
1185953209057239040
1185953209417900032
1185953209468276737
1185953209849913344
1185953209980018688
1185953210030317568
1185953210084679682
1185953210151948288
1185953210235666432
1185953210370088962
1185953210416189441
1185953210466553864
1185953210491650050
1185953210600689664
1185953210747494401
1185953210940440576
1185953211145953280
1185953211313725440
1185953211506745344
1185953211791958016
1185953211858862082
1185953212089716743
1185953212278411265
1185953212362182664
1185953212366540800
1185953212379156480
1185953212802781189
1185953212916027392
1185953212932726786
1185953213121531904
1185953213180194817
1185953213310296065
1185953213511589888
1185953213868101637
1185953213897293824
1185953214044131328
1185953214065270784
1185953214614720513
1185953214631436288
1185953214681751559
1185953214690185217
1185953214711189505
1185953214715138049
1185953214719504385
1185953214807658497
1185953215038263297
1185953215038312448
1185953215042478080
1185953215076065286
1185953215185063937
1185953215201927174
1185953215310786565
1185953215549820930
1185953215554170880
1185953215717634048
1185953215981899777
1185953216220893187
1185953216296448000
1185953216317407232
1185953216468574214
1185953216585842688
1185953216586027008
1185953216619581441
1185953216653152267
1185953216665505792
1185953216862793729
1185953217055731713
1185953217269489665
1185953217500327938
1185953217500401665
1185953217726865408
1185953217928159233
1185953218179809283
1185953218280542210
1185953218406293504
1185953218448314368
1185953218486067206
1185953218527776770
1185953218704138240
1185953219257819136
1185953219324850176
1185953219379388416
1185953219488280576
1185953219534454790
1185953219538759680
1185953219563802624
1185953219903676419
1185953220088102912
1185953220230811649
1185953220285231104
1185953220348272641
1185953220360888320
1185953220423831554
1185953220553854977
1185953220834795520
1185953220834877441
1185953220905988098
1185953220939653126
1185953221031931904
1185953221048766464
1185953221174423552
1185953221254270977
1185953221338173444
1185953221489111040
1185953221539516417
1185953221619208194
1185953221677895680
1185953221724049410
1185953221744959489
1185953221765980162
1185953222361415680
1185953222394925056
1185953222453690368
1185953222696955910
1185953222734729216
1185953222738866177
1185953222776774656
1185953222785196032
1185953222843883520
1185953222986489857
1185953223074402304
1185953223154249729
1185953223292534784
1185953223389134850
1185953223443714050
1185953223695372289
1185953223728881664
1185953223913463809
1185953224181727233
1185953224286785538
1185953224458559488
1185953224517439488
1185953224546799617
1185953224634830851
1185953224639045632
1185953224890601472
1185953225004015617
1185953225029148678
1185953225117188096
1185953225343524864
1185953225750519814
1185953225855266817
1185953225855455234
1185953225909784576
1185953225926729733
1185953226023145472
1185953226270609409
1185953226337771520
1185953226631217153
1185953226643955713
1185953226673344515
1185953226694242310
1185953227184857088
1185953227247894531
1185953227470233605
1185953227633758210
1185953228216774657
1185953228250386434
1185953228636205057
1185953228741140488
1185953228904685568
1185953228971761664
1185953229017776129
1185953229311332352
1185953229328343045
1185953229466734599
1185953229743353856
1185953229990809600
1185953229995204609
1185953230225838080
1185953230448025600
1185953230544609280
1185953230594949121
1185953230695686145
1185953230863425543
1185953230875963398
1185953230909517825
1185953230959927301
1185953231022755841
1185953231169609730
1185953231207387137
1185953231236669445
1185953231383547904
1185953231500804096
1185953231551324160
1185953231614164993
1185953231672926211
1185953231723208704
1185953232289271808
1185953232310267905
1185953232360742912
1185953232415268864
1185953232541011974
1185953232750821376
1185953232880836619
1185953233006661633
1185953233149353984
1185953233342095361
1185953233568555009
1185953233711353857
1185953233954660352
1185953233958658048
1185953234021576705
1185953234160181251
1185953234285977603
1185953234302709761
1185953234331979777
1185953234357280769
1185953234612965376
1185953234638327811
1185953234659115010
1185953234780864519
1185953234826883072
1185953234940243968
1185953235070152707
1185953235124867074
1185953235787567106
1185953235820937216
1185953235883954176
1185953235938361344
1185953236261298176
1185953236261490691
1185953236366159873
1185953236378779648
1185953236450205698
1185953236496326657
1185953236613775360
1185953236769001472
1185953236856913926
1185953237037408256
1185953237112893440
1185953237133877248
1185953237167460354
1185953237247000576
1185953237255540736
1185953237326815233
1185953237389795329
1185953237452677120
1185953237536399361
1185953237586849792
1185953237662191616
1185953237674934272
1185953238048219138
1185953238102827009
1185953238127992832
1185953238232772613
1185953238283161600
1185953238425722884
1185953238429896704
1185953238568189952
1185953238610300930
1185953238648066048
1185953238887161856
1185953238903771136
1185953239008628736
1185953239356846082
1185953239700668417
1185953239776276480
1185953239855960064
1185953239860043777
1185953240346697729
1185953240426278912
1185953240434778113
1185953240518713346
1185953240669704193
1185953241185472512
1185953241252667405
1185953241315581952
1185953241575636992
1185953241596493826
1185953241609228288
1185953241693077504
1185953241873309696
1185953242116710400
1185953242225754115
1185953242326298624
1185953242384986112
1185953242427154432
1185953242523422720
1185953242611671041
1185953242666041345
1185953242720722945
1185953242796056577
1185953242867306497
1185953242951421953
1185953243114954752
1185953243261743104
1185953243412815873
1185953243425366017
1185953243639275521
1185953243899318272
1185953244008181767
1185953244154957824
1185953244239020033
1185953244280999940
1185953244360654848
1185953244402638849
1185953244511723520
1185953244545191936
1185953244704493571
1185953244826218499
1185953244859817984
1185953245065306112
1185953245530906625
1185953245539241989
1185953245665075202
1185953245681848322
1185953245707022341
1185953245862285314
1185953245883027456
1185953245962760192
1185953246029987842
1185953246201954306
1185953246285877248
1185953246311047168
1185953246352826368
1185953246369599488
1185953246449418240
1185953246466269184
1185953246906597381
1185953247011454977
1185953247049048064
1185953247200272384
1185953247275683841
1185953247300935682
1185953247401521155
1185953247560732672
1185953247619616773
1185953247649058816
1185953247736938497
1185953247804231680
1185953247846027264
1185953247854579715
1185953247938281477
1185953248009699328
1185953248009736193
1185953248143986688
1185953248257069057
1185953248294952960
1185953248395644929
1185953248957665281
1185953249104400385
1185953249213370369
1185953249485938688
1185953249527861248
1185953249565630464
1185953249637076993
1185953249658101762
1185953249712578560
1185953249750208512
1185953250035621889
1185953250308083712
1185953250555633665
1185953250564100101
1185953250614362113
1185953250652119041
1185953250786398208
1185953250794790912
1185953250815741956
1185953251138723841
1185953251289526272
1185953251344162817
1185953251364986881
1185953251381792769
1185953251490971654
1185953251751071744
1185953251759480832
1185953251860123648
1185953252161933313
1185953252665221120
1185953252774481920
1185953252816371713
1185953252921077760
1185953253000962048
1185953253122609152
1185953253143375872
1185953253185478658
1185953253265149953
1185953253630058497
1185953253827194882
1185953253927858176
1185953254041096192
1185953254087245825
1185953254204682240
1185953254385078273
1185953254481506311
1185953254611570688
1185953254724780032
1185953255068721152
1185953255257526277
1185953255433670658
1185953255496531971
1185953255626547201
1185953255765020672
1185953255802785792
1185953256029245443
1185953256138268673
1185953256440156161
1185953256872333313
1185953257140772865
1185953257266536448
1185953257266536450
1185953257442697216
1185953257505611776
1185953257522450432
1185953257539194885
1185953257652441088
1185953257673449472
1185953257723592704
1185953257870577664
1185953257971179520
1185953258013122561
1185953258088456192
1185953258105442304
1185953258214510592
1185953258226896896
1185953258600189952
1185953258679877632
1185953258889777152
1185953259057537024
1185953259082715139
1185953259120484353
1185953259225264129
1185953259321810951
1185953259384659968
1185953259397120000
1185953259409686531
1185953259657355264
1185953259678126080
1185953259925712905
1185953259925753857
1185953259963305984
1185953260156477440
1185953260282056704
1185953260365967363
1185953260412309504
1185953260617785346
1185953260659757056
1185953260882071555
1185953260915417088
1185953260970098690
1185953261062410240
1185953261099999232
1185953261116805120
1185953261171433474
1185953261238403072
1185953261280530432
1185953261288706048
1185953261473415168
1185953261477486593
1185953261553115136
1185953261620064257
1185953261834162176
1185953261838163968
1185953261943214082
1185953261980934146
1185953262148689925
1185953262245163008
1185953262245220354
1185953262278709248
1185953262316507137
1185953262442176512
1185953262459129857
1185953262601531393
1185953262630920194
1185953262651891712
1185953262706593796
1185953262865797120
1185953263214051329
1185953263423590400
1185953263545442306
1185953263683813377
1185953264027615232
1185953264052920320
1185953264119898113
1185953264300199936
1185953264312999939
1185953264375713793
1185953264497549319
1185953264505888768
1185953264568852485
1185953264589778946
1185953264736583680
1185953264765984770
1185953264887484416
1185953264887652352
1185953264988278785
1185953264996700163
1185953265197957123
1185953265487269888
1185953265550274564
1185953265671987207
1185953265713893379
1185953266133155841
1185953266292662272
1185953266313711617
1185953266389012480
1185953266389127168
1185953266401714178
1185953266661765120
1185953266728873984
1185953266749923337
1185953267001544704
1185953267366404098
1185953267706204161
1185953267811082240
1185953267831848960
1185953267844411394
1185953267882319876
1185953267886329856
1185953267941019649
1185953268092100614
1185953268096229379
1185953268096294915
1185953268179980289
1185953268322586625
1185953268486279168
1185953268503121922
1185953268557586432
1185953268603719680
1185953268683268096
1185953268733829120
1185953269044129792
1185953269170036743
1185953269274693633
1185953269346123779
1185953269530546176
1185953269551644672
1185953269627215872
1185953269740236800
1185953269765550080
1185953269820080132
1185953269820153856
1185953270038175744
1185953270059151360
1185953270205837312
1185953270247972866
1185953270264750084
1185953270432489472
1185953270436634624
1185953270457655296
1185953270600208384
1185953270629453825
1185953270629621763
1185953270671519745
1185953270835109890
1185953271153922049
1185953271216775184
1185953271275327490
1185953271330103302
1185953271376052224
1185953271459938304
1185953272089251841
1185953272227598337
1185953272252661762
1185953272315535360
1185953272332337153
1185953272693252097
1185953272844226561
1185953272982622209
1185953273112489984
1185953273364090881
1185953273385275392
1185953273448226817
1185953273490132992
1185953273716662272
1185953273775304704
1185953273779544064
1185953274140205061
1185953274228293632
1185953274354110464
1185953274509385729
1185953274761039874
1185953274987302913
1185953275020894209
1185953275117481984
1185953275411161088
1185953275469803520
1185953275478102017
1185953275570339840
1185953275608289280
1185953275641597953
1185953275650236417
1185953275679363072
1185953275679514625
1185953275750711296
1185953275876708352
1185953275931217921
1185953275993944064
1185953276061196288
1185953276128313346
1185953276140720128
1185953276224835585
1185953276514230272
1185953276593950721
1185953276610646021
1185953276723892224
1185953276803637254
1185953276824444928
1185953277000781829
1185953277176958981
1185953277218717696
1185953277252292615
1185953277281619970
1185953277327876098
1185953277336260609
1185953277432737792
1185953277885726720
1185953277902348289
1185953277927665664
1185953278053490688
1185953278108024832
1185953278174957568
1185953278242316289
1185953278279979008
1185953278397280257
1185953278451830784
1185953278540025856
1185953278741360640
1185953278787575810
1185953278950965248
1185953278993014784
1185953279001260032
1185953279139815425
1185953279240335360
1185953279295000578
1185953279533912064
1185953279798370305
1185953279844519937
1185953279857123330
1185953279899045890
1185953280037404672
1185953280406511616
1185953280658153475
1185953280695947266
1185953280863719424
1185953280872079361
1185953280893116416
1185953281018871809
1185953281023119360
1185953281220190214
1185953281262129154
1185953281308270593
1185953281375383553
1185953281429790720
1185953281513680896
1185953282063327233
1185953282151374854
1185953282247675905
1185953282264485888
1185953282285543424
1185953282314756096
1185953282386059264
1185953282390462464
1185953282545446912
1185953282604388354
1185953282671464448
1185953282675609600
1185953282721796098
1185953283074088960
1185953283132854272
1185953283136864256
1185953283153809408
1185953283212378113
1185953283304615936
1185953283514478593
1185953283610791938
1185953283623534592
1185953283648540672
1185953283862650885
1185953283879460866
1185953284021985280
1185953284022046721
1185953284080713730
1185953284181417985
1185953284412100608
1185953284516798464
1185953284563099648
1185953284646817798
1185953284680536071
1185953284772622336
1185953284814622722
1185953284818948096
1185953285024301056
1185953285330624512
1185953285389324296
1185953285737472000
1185953285972418560
1185953286014169088
1185953286022676481
1185953286299508736
1185953286341496833
1185953286370877440
1185953286425366529
1185953286437949441
1185953286437949442
1185953286576332806
1185953286806888448
1185953286903476225
1185953286928719874
1185953287016779781
1185953287159402497
1185953287230509056
1185953287272579072
1185953287285202944
1185953287796936707
1185953287813640192
1185953287813640193
1185953287847239685
1185953287960485888
1185953288035938308
1185953288140677120
1185953288161763328
1185953288304250881
1185953288426020864
1185953288480378881
1185953288593854464
1185953288811941888
1185953288837042176
1185953288937541632
1185953289000706049
1185953289260679168
1185953289390698496
1185953289411497984
1185953289436717060
1185953289457688576
1185953289533132800
1185953289629773824
1185953289696886785
1185953289801818112
1185953289847889920
1185953289923219456
1185953289965359104
1185953290007146496
1185953290078568448
1185953290149941248
1185953290313273344
1185953290330267653
1185953290342809600
1185953290430930944
1185953290552561664
1185953290640605184
1185953290917273600
1185953290925690886
1185953290946797569
1185953291261206528
1185953291387244544
1185953291458486273
1185953291470925825
1185953291508862977
1185953291567587333
1185953291592712193
1185953291819278336
1185953291894693888
1185953292007829504
1185953292058128384
1185953292079304704
1185953292083441670
1185953292087463936
1185953292133847043
1185953292293201921
1185953292322512896
1185953292485922817
1185953292507066369
1185953292721020928
1185953292737662976
1185953292742025216
1185953292771352576
1185953292804935680
1185953292817444864
1185953293031350272
1185953293111123969
1185953293144645632
1185953293182193664
1185953293182390278
1185953293270470656
1185953293396258816
1185953293505368064
1185953293668884480
1185953293912158210
1185953293962547200
1185953293974982656
1185953294235197440
1185953294331633664
1185953294335856641
1185953294503632897
1185953294549749760
1185953294574858240
1185953294612619265
1185953294671237131
1185953294851674113
1185953294881038336
1185953295128395776
1185953295443124224
1185953295468240898
1185953295573159936
1185953295581536259
1185953295623438339
1185953295791284224
1185953295942029312
1185953296017526784
1185953296068087808
1185953296147795968
1185953296160346114
1185953296202121217
1185953296495759360
1185953296600580096
1185953296604958721
1185953296613285893
1185953297112469504
1185953297146007554
1185953297271853056
1185953297334767617
1185953297351544835
1185953297427062784
1185953297515061258
1185953297540231168
1185953297649340417
1185953297661923328
1185953297670131712
1185953297670258689
1185953298043457536
1185953298345537536
1185953298433675264
1185953298450472960
1185953298760818690
1185953298773434368
1185953299108753408
1185953299196981249
1185953299251388416
1185953299410964480
1185953299465302016
1185953299557695488
1185953299612258312
1185953299679399936
1185953299742281729
1185953299796840448
1185953299901497345
1185953299905859587
1185953299973001218
1185953299985383424
1185953299989549057
1185953300128116739
1185953300178321409
1185953300182716416
1185953300249624576
1185953300249743361
1185953300312662016
1185953300371386368
1185953300379770880
1185953300396593152
1185953300673253377
1185953300685811712
1185953300736348160
1185953300773883905
1185953300996411392
1185953301168300038
1185953301218463744
1185953301222715392
1185953301227069451
1185953301357121536
1185953301403230209
1185953301415620608
1185953301637939200
1185953301767966721
1185953301839396864
1185953301864562693
1185953301868793856
1185953301893914625
1185953302036582400
1185953302288240640
1185953302397108224
1185953302401503239
1185953302405636100
1185953302455832577
1185953302514520065
1185953302862860288
1185953302888046592
1185953303043203075
1185953303135432709
1185953303533740033
1185953303542157313
1185953303684730880
1185953303714091011
1185953303806349312
1185953303827533824
1185953303894593536
1185953304108584960
1185953304481882113
1185953304557211648
1185953304804765697
1185953304817352711
1185953304888532993
1185953304918024192
1185953304972541952
1185953305161285633
1185953305215807490
1185953305224241153
1185953305228300289
1185953305396236294
1185953305429721088
1185953305526226951
1185953305568174083
1185953305685450752
1185953305760894976
1185953305781927937
1185953305886953481
1185953306159603712
1185953306180501506
1185953306218242050
1185953306239221762
1185953306323107840
1185953306637721601
1185953306708860928
1185953306746773505
1185953306776100864
1185953306843197444
1185953306847281154
1185953306922885121
1185953306931322881
1185953307040178176
1185953307040206848
1185953307170398210
1185953307468152832
1185953307572895745
1185953307681968128
1185953307757600768
1185953308172795904
1185953308189421570
1185953308394962944
1185953308416106496
1185953308638359554
1185953308697124864
1185953308709720065
1185953308776812545
1185953308776812547
1185953308805959680
1185953308827103233
1185953309041057792
1185953309321920519
1185953309355663360
1185953309364031490
1185953309372354560
1185953309502271488
1185953309544218624
1185953309548568577
1185953309737271296
1185953310114754572
1185953310143942657
1185953310148308994
1185953310278324227
1185953310278389760
1185953310328541184
1185953310643294210
1185953310790041601
1185953310945218561
1185953311037382657
1185953311075241991
1185953311402483714
1185953311742148608
1185953311775744000
1185953311792549888
1185953311939272704
1185953312010653696
1185953312102912001
1185953312140476419
1185953312211963906
1185953312367087616
1185953312417316864
1185953312803155968
1185953313176592384
1185953313289723904
1185953313352802304
1185953313352835074
1185953313495355393
1185953313587716096
1185953313692569602
1185953313914851328
1185953313998725120
1185953314074005505
1185953314200010753
1185953314233405440
1185953314246053888
1185953314447474688
1185953314657013760
1185953315164688386
1185953315265204226
1185953315298762752
1185953315454144512
1185953315609141249
1185953315668008967
1185953315676274688
1185953315735162882
1185953315852554241
1185953316309798912
1185953316334784514
1185953316381102086
1185953316389306368
1185953316389478400
1185953316393672707
1185953316473311232
1185953316473323520
1185953316620001281
1185953316640940035
1185953316695662598
1185953316800548864
1185953316943138816
1185953316968136704
1185953316997459968
1185953317253459969
1185953317370777601
1185953317400088576
1185953317400264705
1185953317442244609
1185953317530275840
1185953317572268034
1185953317895262208
1185953318201368576
1185953318226616325
1185953318234816513
1185953318457102336
1185953318583095297
1185953318599872518
1185953318629195778
1185953318683791361
1185953318700552193
1185953318738116615
1185953318842953728
1185953318859722753
1185953319090393088
1185953319400792066
1185953319493128192
1185953319598133251
