1185946776848781312
1185946776966184965
1185946776999727109
1185946777033302017
1185946777553395713
1185946777574412288
1185946778216161280
1185946778564251649
1185946778757144576
1185946779247894534
1185946779788992512
1185946780665561089
1185946781751877633
1185946781923860480
1185946782708195328
1185946782787751941
1185946783266103301
1185946783408631809
1185946783504949248
1185946784029462528
1185946784364814337
1185946784901877761
1185946786348851202
1185946787317800960
1185946787997278208
1185946789628669952
1185946789855289344
1185946791100866561
1185946792673923075
1185946793432846336
1185946795098009600
1185946796171894784
1185946797966888960
1185946798252351490
1185946798894043136
1185946799355416576
1185946799372165120
1185946799539806208
1185946799556714498
1185946800060018689
1185946800148103169
1185946801028915200
1185946803742613504
1185946804111560704
1185946804745068544
1185946804963205120
1185946806385033219
1185946806389067776
1185946806968078336
1185946807093940225
1185946807236476930
1185946807345598465
1185946807500771330
1185946807538454529
1185946807735586817
1185946808259895297
1185946808368992256
1185946809337819136
1185946809409114113
1185946809711190017
1185946809908240385
1185946810289967105
1185946810361286656
1185946810428227584
1185946811233644545
1185946811535708160
1185946811707678720
1185946811741212672
1185946812189941761
1185946812206727168
1185946812634619905
1185946813163024390
1185946813704089609
1185946815557824512
1185946815881007105
1185946816522657797
1185946816757587968
1185946817390927875
1185946819294986240
1185946819328495618
1185946819576000512
1185946819823624192
1185946820121452545
1185946821316829184
1185946821736177665
1185946822071803904
1185946822172385280
1185946822545739782
1185946822872690689
1185946822889656323
1185946823044849669
1185946823564783622
1185946823590141952
1185946823812419592
1185946824504274945
1185946824852549632
1185946825225687040
1185946825557196800
1185946825745936385
1185946825775337473
1185946825888600065
1185946826815336449
1185946827016822784
1185946827063025664
1185946827352346624
1185946828711350272
1185946829437001734
1185946829923454981
1185946831118917633
1185946831638945798
1185946831857111040
1185946831974469633
1185946832876097537
1185946832964378624
1185946833136377857
1185946833295511552
1185946833526382592
1185946833656471552
1185946834298134529
1185946834352689162
1185946835107667970
1185946835229315074
1185946835665461249
1185946837028610049
1185946837133467649
1185946837577953280
1185946838014349313
1185946838333120512
1185946838509207553
1185946838916128775
1185946839721349121
1185946839931129856
1185946839952101377
1185946839985672193
1185946840031780864
1185946840061173761
1185946840274997251
1185946840279240704
1185946840375726080
1185946840962912261
1185946841508122624
1185946841604640768
1185946842703511552
1185946842862739461
1185946842984566784
1185946843626254336
1185946843949207552
1185946844196753408
1185946844309970946
1185946844792315905
1185946846428090369
1185946847275339776
1185946847426297858
1185946847434534912
1185946847891873793
1185946848407752704
1185946848521011200
1185946848546177024
1185946849569640449
1185946850463014913
1185946850538479618
1185946850588790784
1185946850806943746
1185946851024883712
1185946852165902342
1185946852878901253
1185946853369679872
1185946853382262785
1185946853428416512
1185946853470281728
1185946853591920646
1185946853625479168
1185946853654892544
1185946855311413248
1185946855378542594
1185946855416295424
1185946855646957568
1185946855806590976
1185946856230178816
1185946856628473856
1185946856712495105
1185946857945436160
1185946858113458178
1185946858545389571
1185946859354968066
1185946859929571328
1185946860361519105
1185946860730703872
1185946860873306112
1185946861250797568
1185946862823587840
1185946863007977473
1185946863582826497
1185946863670910978
1185946863888949248
1185946864010629122
1185946864379715584
1185946864413224960
1185946864585195520
1185946864669118464
1185946865008726016
1185946865306521600
1185946865604403201
1185946865679900677
1185946865713471488
1185946865730248704
1185946865730277376
1185946865747009537
1185946866527166466
1185946866673950720
1185946866955030529
1185946867068215298
1185946867953295361
1185946868074848263
1185946868129374208
1185946868607602688
1185946868653658113
1185946868678828033
1185946868699648000
1185946869572222984
1185946869618356225
1185946869727481857
1185946870201438208
1185946870780182530
1185946871950389250
1185946872076263424
1185946872772550657
1185946872986255360
1185946873502339072
1185946873540087808
1185946873665863684
1185946874026569730
1185946874051809280
1185946874336829440
1185946874919800832
1185946875234541568
1185946875419136000
1185946875431673856
1185946875662225408
1185946876539015174
1185946876639510528
1185946877675671553
1185946877751107585
1185946878099283969
1185946878350901249
1185946878879453184
1185946879944806402
1185946880133472256
1185946880359964672
1185946881253396480
1185946881312067584
1185946882369085445
1185946882608173058
1185946883568492544
1185946884613038081
1185946886026346497
1185946886118760448
1185946886596751360
1185946887096025089
1185946888396103680
1185946888777981952
1185946889319043072
1185946889499369473
1185946890052997121
1185946890703118342
1185946891131019264
1185946891621675010
1185946892158435330
1185946892271849474
1185946892330557444
1185946892498137088
1185946892678680577
1185946893085331461
1185946894201249792
1185946894310281218
1185946894587105281
1185946894763057152
1185946895367245824
1185946895870509056
1185946896059293697
1185946896201850880
1185946896428339200
1185946896667299841
1185946896797523970
1185946896961101825
1185946897133031424
1185946897145462784
1185946897183334400
1185946897632186368
1185946898475171841
1185946899158839297
1185946899184009216
1185946899234332673
1185946899779600387
1185946899788042241
1185946899838357504
1185946901763506176
1185946902107480065
1185946903042842624
1185946903319633923
1185946903361417223
1185946903772614658
1185946903923564544
1185946903944613889
1185946905408356354
1185946905479647237
1185946905521602560
1185946905911558144
1185946906792464384
1185946907925008384
1185946907992117255
1185946908075986945
1185946908092710913
1185946908138672128
1185946908377976832
1185946908486856705
1185946908591677445
1185946909439123461
1185946909531353091
1185946910525403136
1185946912383553536
1185946913750822913
1185946914325291009
1185946914975555584
1185946915231469569
1185946915344658434
1185946915352891392
1185946915743129600
1185946915839660040
1185946915889922049
1185946916372267008
1185946917584420864
1185946918121361408
1185946918389796864
1185946918565769216
1185946919421399045
1185946920163987457
1185946921476743169
1185946921627729923
1185946921661165569
1185946921732624384
1185946921761796096
1185946922089144320
1185946922105917441
1185946922340831232
1185946922957393921
1185946922957398017
1185946923087347714
1185946924249239552
1185946924777648129
1185946925104807936
1185946925117444096
1185946925570383873
1185946927558529025
1185946927759646727
1185946927789154305
1185946927822712832
1185946927952625665
1185946928812646400
1185946929223483392
1185946929940832256
1185946930074963968
1185946931652001792
1185946931664752646
1185946931836653568
1185946931836674049
1185946932369395712
1185946932579110912
1185946932612620290
1185946933443158017
1185946933518622721
1185946934453796864
1185946935544311808
1185946936253308930
1185946936270098432
1185946936492380161
1185946937079582720
1185946937163423745
1185946937385607169
1185946937649848322
1185946937897275392
1185946937922592769
1185946937981362177
1185946938530766848
1185946938832834560
1185946939164114944
1185946940065878017
1185946940070072320
1185946940669939713
1185946940875272192
1185946941676371968
1185946942242787328
1185946942926245889
1185946943446536193
1185946943576403969
1185946943760941058
1185946945564663809
1185946946504028161
1185946947728920577
1185946947946831873
1185946948823650304
1185946948915879937
1185946949524033536
1185946949662498818
1185946950165782530
1185946950308380673
1185946950820093954
1185946951352750082
1185946951851954176
1185946951885512707
1185946952388624384
1185946953252823042
1185946953659682822
1185946953747697665
1185946954003558401
1185946954162946050
1185946955782000640
1185946956402712578
1185946956545310721
1185946956650168320
1185946957346414597
1185946957543624705
1185946958600572928
1185946958940299265
1185946960202625024
1185946960240545792
1185946960295006209
1185946960831889408
1185946960831963137
1185946960882257922
1185946961603641346
1185946961632989184
1185946961683324928
1185946961813409794
1185946962018947072
1185946963042287618
1185946963193274368
1185946963671441409
1185946963839029248
1185946965407756288
1185946966083211265
1185946966582349824
1185946966712356864
1185946967777710083
1185946968163528705
1185946968180363265
1185946968415182849
1185946969551900677
1185946969891639297
1185946970021679104
1185946970403328001
1185946970688503808
1185946970709467136
1185946971426770944
1185946971598548994
1185946972131397634
1185946972697444352
1185946973876170752
1185946974194982914
1185946974698098688
1185946974836711425
1185946975989944320
1185946976136892416
1185946976400994307
1185946976640217091
1185946977210494976
1185946977378426880
1185946977470701569
1185946977563004928
1185946977588129792
1185946977638502401
1185946977655087104
1185946977974046720
1185946978389127168
1185946978540064768
1185946978859008003
1185946979278278656
1185946979622424581
1185946980020883457
1185946980218036229
1185946980247396358
1185946980377387009
1185946981526593538
1185946981698625536
1185946981837033474
1185946981979578368
1185946982017306626
1185946982243811330
1185946982549991426
1185946983099441153
1185946983162204160
1185946983271456768
1185946983334371328
1185946983762141185
1185946985309720576
1185946985683210242
1185946986513604608
1185946986933096448
1185946987293794304
1185946988493393920
1185946988917022720
1185946989067952128
1185946989286088705
1185946989470420992
1185946989965430784
1185946990443716609
1185946990552797187
1185946992192741376
1185946992243105792
1185946992339492864
1185946992477982720
1185946993346125824
1185946993748824068
1185946993983668225
1185946994134736896
1185946994147299328
1185946994403151877
1185946994700963841
1185946995342696449
1185946996206645249
1185946996227661825
1185946996781305857
1185946996802113537
1185946997087358976
1185946997292974081
1185946997418811393
1185946998287011840
1185946998798606336
1185946999142539264
1185946999448854530
1185946999629275136
1185946999713095681
1185947000044445699
1185947000312942594
1185947000396632064
1185947001277558784
1185947002208686080
1185947003101962241
1185947003785764864
1185947004725288962
1185947004981129216
1185947006142951424
1185947006210138116
1185947006403076096
1185947006692462592
1185947007757606912
1185947007799746562
1185947008248532993
1185947008512581638
1185947009070620672
1185947010077085696
1185947010450501633
1185947011268382720
1185947011582844928
1185947013990494211
1185947014175035392
1185947014477078529
1185947014586159111
1185947014602936321
1185947014619652099
1185947014628028419
1185947014636417024
1185947015068426241
1185947016679038977
1185947016871972867
1185947017043947530
1185947017157271552
1185947017501016064
1185947017543061504
1185947017627013126
1185947017673166850
1185947017970892801
1185947018503643141
1185947018696515591
1185947019875094532
1185947020504260609
1185947020982444033
1185947021024333830
1185947021385097221
1185947021527658503
1185947022114918400
1185947022127296514
1185947022127521792
1185947022353948678
1185947022496616450
1185947022571888646
1185947023327010817
1185947023486394369
1185947024476266497
1185947024790872065
1185947025499660288
1185947026435067911
1185947026942349314
1185947027030433792
1185947027676520450
1185947027701719044
1185947028582359042
1185947029069062144
1185947029131935747
1185947029459083264
1185947029832454144
1185947030318997505
1185947030369124352
1185947030927085568
1185947031631618048
1185947032650780673
1185947032768466945
1185947032957136904
1185947033254928388
1185947033317904385
1185947033552773120
1185947034521489413
1185947035226251266
1185947035519741961
1185947036358791168
1185947037419888640
1185947037596094467
1185947037851766785
1185947037969326080
1185947038128713729
1185947038166474752
1185947038191640577
1185947038313267201
1185947038728577025
1185947038908858369
1185947039093460993
1185947039676489732
1185947040347496453
1185947040603348996
1185947041232347136
1185947041417105410
1185947041815498759
1185947041819742208
1185947042344030208
1185947043044478976
1185947044050956289
1185947044650708992
1185947045112074241
1185947046232182785
1185947046894698496
1185947047360372737
1185947047540772864
1185947047956008960
1185947048035651584
1185947049017126917
1185947049390477312
1185947049658933249
1185947050170556418
1185947050518765568
1185947051160412162
1185947051214987264
1185947051470839815
1185947051617599493
1185947051713953793
1185947051911069697
1185947051995082755
1185947052259151872
1185947052343250947
1185947052364193792
1185947052380807168
1185947052452339713
1185947053861593089
1185947054037708800
1185947054369050625
1185947055392346113
1185947055597985793
1185947056331997187
1185947056495575042
1185947057170894848
1185947057703604225
1185947058123034624
1185947058466889728
1185947058617774081
1185947058848428033
1185947059209330691
1185947059377053696
1185947060467421185
1185947060597645313
1185947061688111110
1185947063080706050
1185947063957233666
1185947064162607106
1185947064284393472
1185947064401833984
1185947065043607552
1185947065559535617
1185947065639157761
1185947065815166977
1185947066092216320
1185947066788433921
1185947067543371776
1185947067790909441
1185947067904155648
1185947068218642432
1185947068218728449
1185947069116289026
1185947070332637185
1185947071121100808
1185947071532208128
1185947071775477768
1185947072832376834
1185947073113403398
1185947073121783808
1185947073566461952
1185947074795331584
1185947075483226112
1185947075625787398
1185947076137508864
1185947076200402946
1185947076326068227
1185947076938461184
1185947077328723968
1185947077722935296
1185947077932548097
1185947079086104576
1185947079237091334
1185947079476011008
1185947079664758789
1185947079996297216
1185947080138874880
1185947080155680770
1185947081485062144
1185947081543946240
1185947081694990339
1185947082034761729
1185947082210889728
1185947082240204801
1185947082466758656
1185947082986868738
1185947083137781762
1185947083154567168
1185947083267870720
1185947083553071104
1185947083641163778
1185947083787952129
1185947083993255936
1185947084203216896
1185947084442263552
1185947086019272705
1185947086245814272
1185947086245826565
1185947086375788545
1185947093673938945
1185947093741002753
1185947093778739201
1185947093967335424
1185947094072385536
1185947094097547264
1185947094189858817
1185947094349156353
1185947094466596867
1185947094756089865
1185947095452176386
1185947096362422274
1185947096567832578
1185947097490755590
1185947097540874240
1185947097758986240
1185947098698715137
1185947099398950913
1185947099407495174
1185947099789217792
1185947100942655491
1185947102100082688
1185947103777951744
1185947104549703680
1185947105103212549
1185947105547866112
1185947105837441028
1185947106604912640
1185947106625896450
1185947106693058560
1185947107221356550
1185947107313762304
1185947107686928384
1185947107917795328
1185947108651753472
1185947109511573504
1185947109926813696
1185947110027550720
1185947110144991235
1185947110207737857
1185947110555828224
1185947111138975750
1185947111222845441
1185947111944343553
1185947112720257026
1185947113013862400
1185947113311617024
1185947113991168001
1185947114251132932
1185947114330869761
1185947114863333376
1185947115832381444
1185947116167925760
1185947116209922049
1185947116218306560
1185947116293808128
1185947116729815041
1185947117115842560
1185947117350772737
1185947117581414400
1185947118118285312
1185947118281936896
1185947118395105287
1185947119695388673
1185947120110592006
1185947120135749633
1185947120169345036
1185947120223883264
1185947120265826305
1185947120286814210
1185947120324546562
1185947120370671617
1185947120907538432
1185947121926725635
1185947121939308550
1185947122408906752
1185947123558338561
1185947123969396736
1185947124321718273
1185947124648857601
1185947124690771969
1185947125189922816
1185947125479116801
1185947125693239298
1185947125701660681
1185947126997471232
1185947127056351234
1185947127207337984
1185947127735898113
1185947128348250113
1185947128423731203
1185947128490795008
1185947128851398656
1185947129560346626
1185947129824665600
1185947130214662145
1185947130805907457
1185947131196182528
1185947131355582466
1185947131405914114
1185947132815204353
1185947133003943941
1185947133117112324
1185947133616091137
1185947134077489152
1185947134178320384
1185947134304116738
1185947134740307970
1185947134853447681
1185947135428190208
1185947135461777409
1185947135503687681
1185947136074158081
1185947136535465984
1185947137063845889
1185947137294721025
1185947137374412802
1185947137386921987
1185947137449828353
1185947137621872644
1185947138217435138
1185947138728947712
1185947139362316288
1185947139693776897
1185947139697979392
1185947139719024641
1185947139811078151
1185947139861598208
1185947140176130048
1185947140998258688
1185947141769809921
1185947142634070016
1185947142885650432
1185947144563445761
1185947144768966656
1185947144999460864
1185947145016238080
1185947145356152832
1185947145855291393
1185947146547355649
1185947146635354112
1185947146752876544
1185947146828177408
1185947147663003654
1185947148279521282
1185947148963274753
1185947149055471617
1185947149827235840
1185947150066151425
1185947150150029312
1185947150489751553
1185947150888374274
1185947151219744768
1185947151651749889
1185947152838729729
1185947153077866496
1185947153350512640
1185947154046750722
1185947154742939649
1185947154801680384
1185947154898132993
1185947155388874754
1185947156034789376
1185947156533907456
1185947156747677696
1185947158220083203
1185947158249385985
1185947158949830659
1185947160937975808
1185947160942202880
1185947161416077314
1185947162259185664
1185947162271727616
1185947162317860864
1185947162573791239
1185947163240599554
1185947163865387013
1185947164792557573
1185947165329448960
1185947165375553536
1185947165711048705
1185947165832679424
1185947166017081344
1185947166688370688
1185947168806445060
1185947169204817920
1185947169267818496
1185947171859755009
1185947172740702209
1185947172799504389
1185947173554479105
1185947175118880769
1185947175223791618
1185947175240552450
1185947175290716165
1185947175580254208
1185947175710285824
1185947176645603330
1185947177253769218
1185947177257852929
1185947177945878529
1185947178386087937
1185947178759536640
1185947178851811329
1185947179095121923
1185947180340826115
1185947180441440257
1185947181124964353
1185947181536047104
1185947182039556096
1185947182052102144
1185947182739931136
1185947183067086848
1185947183385677825
1185947183448756225
1185947183620734983
1185947183822102528
1185947184107266049
1185947184455438336
1185947184493146113
1185947185625518081
1185947186347102211
1185947186732949504
1185947187097866240
1185947188326567936
1185947189719252993
1185947189790629889
1185947190893731841
1185947190931476482
1185947191011086336
1185947191329746945
1185947191413788673
1185947191539589122
1185947192021917696
1185947192130818048
1185947192168734727
1185947192248426496
1185947192512647168
1185947192915320832
1185947193192173571
1185947193720672258
1185947193846501377
1185947195696144384
1185947196472123394
1185947196576948224
1185947197512278017
1185947198107856898
1185947198917361667
1185947199043178497
1185947199261282304
1185947199739514880
1185947199777263616
1185947199965990915
1185947200427319296
1185947200502796289
1185947201157115905
1185947202952282112
1185947202956484609
1185947203057135617
1185947203178766347
1185947203271041026
1185947203979939842
1185947204357443584
1185947204403585025
1185947205858926603
1185947205972180992
1185947208417468416
1185947209998704640
1185947210002960384
1185947210174947329
1185947210397167622
1185947210598539265
1185947210627899394
1185947211219324929
1185947211395260418
1185947211852582915
1185947211949072384
1185947212213374976
1185947212653576192
1185947212926324736
1185947213056204800
1185947213190631424
1185947213597421568
1185947213748490241
1185947214260199426
1185947214557806592
1185947214650232832
1185947215535267841
1185947215690371072
1185947216638140416
1185947216940294145
1185947217351401472
1185947217506385921
1185947218726903808
1185947219112783873
1185947219167531017
1185947221054967808
1185947221407215616
1185947222354976768
1185947222590021634
1185947222703333376
1185947222732607492
1185947223789461505
1185947225236619265
1185947225353904129
1185947225576398848
1185947226159243267
1185947226213879809
1185947226595573760
1185947226620780555
1185947226918576128
1185947227098963981
1185947227249762305
1185947227723681797
1185947228390580225
1185947228810235906
1185947229221195776
1185947229674184705
1185947230223699969
1185947230471151616
1185947231272296459
1185947231368761345
1185947232677367809
1185947233197449216
1185947233570582528
1185947233893654528
1185947237794418688
1185947237895069696
1185947238465445890
1185947238561918977
1185947238717100035
1185947239601983488
1185947239816060929
1185947240688508934
1185947240772390912
1185947241451835397
1185947242085126145
1185947242882129920
1185947242915663873
1185947243087458304
1185947243406413826
1185947244949856257
1185947245021224961
1185947245872668672
1185947246409519104
1185947246522781696
1185947247051182081
1185947247294369798
1185947247806242820
1185947248313753600
1185947248464715776
1185947248896688128
1185947249857253378
1185947250641588226
1185947251132137473
1185947252478697472
1185947253644632066
1185947253887950848
1185947253892173829
1185947254911373312
1185947255028801537
1185947255397859328
1185947255473393665
1185947257008349189
1185947257369169922
1185947257524359170
1185947257813819394
1185947257813831680
1185947258476519424
1185947258631708672
1185947259583782912
1185947259634143234
1185947259956948992
1185947260149854208
1185947260586205185
1185947260946976768
1185947261454487554
1185947262012346369
1185947262956064769
1185947263174086657
1185947263379693570
1185947263702618120
1185947263882944525
1185947264507928578
1185947265212538881
1185947265267093504
1185947265791385608
1185947266609229826
1185947266638663682
1185947266831572993
1185947266852577280
1185947268236677121
1185947268895166464
1185947268936945665
1185947269566103552
1185947270757453825
1185947271348793345
1185947271529205761
1185947271944237056
1185947272124751872
1185947272355270657
1185947272997146624
1185947273215258624
1185947273311739905
1185947273416658946
1185947273429168128
1185947273433403399
1185947274125271040
1185947274557476869
1185947274951577601
1185947274972663809
1185947275329191936
1185947276029710336
1185947276591550464
1185947277036273670
1185947277292122112
1185947278063722496
1185947278105694208
1185947278969901060
1185947279343140864
1185947279481552897
