1185946274803208192
1185946275113357313
1185946275490996225
1185946276229275650
1185946278796185600
1185946279500754944
1185946279836377095
1185946281979469824
1185946282201960450
1185946282248036357
1185946282256470017
1185946282352881666
1185946282352881667
1185946282415874049
1185946282847694848
1185946282927546373
1185946283653193729
1185946285389570048
1185946285427318786
1185946287771918336
1185946291379015681
1185946291580395522
1185946292406706176
1185946292876386304
1185946296038895616
1185946296097607681
1185946296819036162
1185946297322397697
1185946298224009216
1185946299868123136
1185946300350488576
1185946300501516291
1185946302280065025
1185946302451998720
1185946303521411073
1185946305002123266
1185946306147180544
1185946307296251904
1185946308831518723
1185946309158682627
1185946309934665728
1185946309985030144
1185946310278615044
1185946310756782084
1185946310861611008
1185946311717203968
1185946312514121729
1185946312916832256
1185946313713737730
1185946313936031744
1185946313936068608
1185946314854543366
1185946315009728514
1185946315496148994
1185946316494557186
1185946317308223488
1185946317559943171
1185946321431203842
1185946322047787009
1185946322148282369
1185946322416885760
1185946322777460736
1185946323356241920
1185946323499016195
1185946326011240449
1185946326451793920
1185946326753775616
1185946326980280321
1185946327793963008
1185946328322457600
1185946328402202624
1185946332210618371
1185946332307054592
1185946334186168321
1185946336690163719
1185946336811573248
1185946337419894785
1185946337600245760
1185946339487768578
1185946339949109248
1185946340267909120
1185946340683079682
1185946340704030722
1185946341526134784
1185946341844885505
1185946343510073344
1185946344923500545
1185946345770799105
1185946345984520193
1185946346026614784
1185946346097905666
1185946346106306560
1185946346668396544
1185946347452747776
1185946348153008129
1185946348597792768
1185946349633757186
1185946351118372864
1185946351479279619
1185946352536215552
1185946353056337922
1185946353672884224
1185946355468046336
1185946355665121283
1185946355791007750
1185946356369809408
1185946356474617859
1185946358479409152
1185946358693486592
1185946358890545152
1185946358936670209
1185946358974439424
1185946359108636672
1185946359184199682
1185946359184220161
1185946359230275584
1185946360199045121
1185946360262090754
1185946361679663104
1185946361943994369
1185946361948188673
1185946362371805187
1185946362426413056
1185946362883346432
1185946363311411205
1185946363697094656
1185946364011831297
1185946364712308742
1185946365668593665
1185946365680992256
1185946366369042433
1185946366461104130
1185946367132426241
1185946368789090304
1185946369158201345
1185946369271484418
1185946370093371393
1185946372081668097
1185946372975087618
1185946373688037376
1185946374392516613
1185946374895890432
1185946375097331714
1185946375097376774
1185946376452132872
1185946377144004614
1185946378796711936
1185946379342008320
1185946379400691712
1185946381091065856
1185946381271191558
1185946381434920960
1185946383767031808
1185946386455580673
1185946387982225410
1185946388745654272
1185946391983644672
1185946392151281664
1185946392361132032
1185946392570814465
1185946394206654464
1185946394277875712
1185946395427127297
1185946396198887424
1185946396488278016
1185946396723175424
1185946397130051584
1185946397339717632
1185946398577041420
1185946398836940800
1185946399000743936
1185946399537618944
1185946400644911105
1185946401273978880
1185946401273978881
1185946401492131840
1185946402330939397
1185946403182448640
1185946403249541121
1185946403828387841
1185946405770289153
1185946406915203072
1185946407028613121
1185946407066169351
1185946407330443264
1185946409058668545
1185946410111422464
1185946410681851905
1185946411281436672
1185946412200026112
1185946412263059462
1185946414712573957
1185946415387811845
1185946415702380544
1185946416666923008
1185946416692154369
1185946417824702465
1185946417828896770
1185946418810441728
1185946420727160832
1185946422052564998
1185946422807543809
1185946423021334528
1185946423914721281
1185946424225206273
1185946425143779328
1185946427035394049
1185946427236769792
1185946428117524480
1185946428780232707
1185946428826378240
1185946429224869888
1185946429262585856
1185946429866545152
1185946430869069827
1185946432773210112
1185946433951678464
1185946434941739011
1185946436187365378
1185946438078828544
1185946438464724998
1185946439832297472
1185946440482332674
1185946442268954625
1185946444311781382
1185946445070979072
1185946445699928065
1185946447415533568
1185946447801401344
1185946447885295617
1185946449667747842
1185946450280308736
1185946451114954759
1185946451907661824
1185946452671041539
1185946454403309569
1185946455397281794
1185946455682404352
1185946455980285955
1185946456575954944
1185946458169606144
1185946459318968321
1185946459830734849
1185946460279447564
1185946461080608771
1185946461999194123
1185946462267625478
1185946464679354369
1185946466830946304
1185946467481063425
1185946468026404867
1185946468345090053
1185946468789772291
1185946469293056000
1185946469519507457
1185946469901230081
1185946470500982784
1185946470844903424
1185946474426728448
1185946474716131329
1185946476045897729
1185946476817592322
1185946477853630464
1185946478256295936
1185946478684053504
1185946478835097600
1185946480235831296
1185946481938837509
1185946482345758721
1185946482454646784
1185946484338024448
1185946484564529154
1185946484832759808
1185946486313553922
1185946487093637122
1185946487890595841
1185946488599396359
1185946488628793350
1185946488846860290
1185946489102786566
1185946493494145024
1185946493599006725
1185946493620051968
1185946494563684357
1185946495348068358
1185946495813439489
1185946497277448193
1185946499026477059
1185946499911426048
1185946500234240001
1185946502251925512
1185946502570610690
1185946503019466752
1185946508778262530
1185946511429046275
1185946512414654464
1185946512783761410
1185946513375158272
1185946516181131266
1185946516629925890
1185946517271732224
1185946517334573057
1185946519456931845
1185946519943438336
1185946520404844546
1185946522862739457
1185946523290525697
1185946523403771904
1185946526159376388
1185946526868267008
1185946527828791303
1185946528160067584
1185946528650842112
1185946530336923650
1185946530399883266
1185946530974519297
1185946531272282112
1185946533058867202
1185946533855989761
1185946534346670080
1185946535202308098
1185946535995031552
1185946536208994304
1185946536313794566
1185946536523395078
1185946536880103424
1185946539136602113
1185946540264869890
1185946540944310274
1185946541476982785
1185946541493760005
1185946542760288262
1185946542844317696
1185946546304667654
1185946546409480195
1185946547051204610
1185946547411963904
1185946547814457344
1185946550268248064
1185946550327021568
1185946551140544513
1185946552390410240
1185946553388883968
1185946554013630464
1185946554189766656
1185946554894573568
1185946555829764096
1185946556521951233
1185946557142781958
1185946557994225664
1185946558023524352
1185946558057070603
1185946558086483969
1185946558120058881
1185946558161928198
1185946558736433152
1185946558979891201
1185946560053596163
1185946560594616322
1185946561232232449
1185946561580171264
1185946562175873025
1185946563358740481
1185946564084154369
1185946565061627907
1185946565095149569
1185946565619437569
1185946566152065031
1185946566646853633
1185946567422951424
1185946567531872256
1185946568060493824
1185946568098230273
1185946568228311040
1185946570082209793
1185946570639855616
1185946573173338112
1185946573320138754
1185946573399740422
1185946575312433152
1185946575966801921
1185946577132806145
1185946577367699456
1185946577627762691
1185946577929678853
1185946578315550721
1185946578483339264
1185946578969923585
1185946580056264706
1185946581008125953
1185946581037510657
1185946581197099008
1185946581658304512
1185946582899974145
1185946583269105665
1185946583826862080
1185946583986311169
1185946584200007680
1185946585240354817
1185946585261367296
1185946585538146311
1185946585664016384
1185946587349934080
1185946587391873024
1185946587417235456
1185946587484307456
1185946587677298688
1185946588642009094
1185946590181281794
1185946591183720450
1185946592416796677
1185946592731250689
1185946592748007424
1185946593276678146
1185946593964388353
1185946594761416704
1185946594765660162
1185946595080187904
1185946595487113216
1185946596011364354
1185946596120375297
1185946596325941249
1185946596443377671
1185946596468514817
1185946597009641472
1185946597773004800
1185946597869412353
1185946598272110592
1185946599211405314
1185946599853309952
1185946600130203654
1185946600587137025
1185946601036099584
1185946601623130113
1185946602558627843
1185946603229732870
1185946603531767809
1185946604949463040
1185946607163969536
1185946607319166976
1185946607830917120
1185946607965134848
1185946609080852481
1185946609785491456
1185946610498441217
1185946610993434625
1185946614541803523
1185946614831206400
1185946617620381697
1185946617716920320
1185946617729470466
1185946618543181825
1185946619549802496
1185946619990032384
1185946621684736000
1185946621906997248
1185946622183784448
1185946622674554880
1185946622829703169
1185946622854942721
1185946622989131776
1185946623370842114
1185946623555330050
1185946624725573633
1185946625144950784
1185946625446993920
1185946625551863808
1185946625635688454
1185946627514585088
1185946627732885505
1185946629699977216
1185946630123675648
1185946630815731712
1185946630979125254
1185946631298007040
1185946631583125505
1185946633265209346
1185946634183729152
1185946635173539842
1185946635303575552
1185946636050141184
1185946636314390530
1185946636360413185
1185946636754849792
1185946638126403587
1185946638159941632
1185946638419943425
1185946639753568256
1185946640487735297
1185946640630333440
1185946641087520768
1185946641343438848
1185946641766985728
1185946642886860800
1185946643306295297
1185946644237508609
1185946644602327041
1185946645399310337
1185946645411880960
1185946646535921665
1185946647320301568
1185946647320317953
1185946647425146881
1185946647618097154
1185946647760658434
1185946647815249920
1185946648108830721
1185946648553365505
1185946649014784003
1185946649643966464
1185946650415640578
1185946651011305472
1185946651233603586
1185946654811181057
1185946654907584512
1185946655323033600
1185946655604035590
1185946656098918400
1185946656287662081
1185946656946245637
1185946657227182090
1185946658195955713
1185946659433390081
1185946660037414912
1185946660532379650
1185946661664759809
1185946662058909697
1185946662277124096
1185946663925567488
1185946664181403658
1185946664319758337
1185946664739262464
1185946664974110721
1185946665758404609
1185946666093953024
1185946668803321856
1185946669059317761
1185946669332008961
1185946669348806657
1185946670296641537
1185946670590124033
1185946671525613568
1185946672087683076
1185946672532078592
1185946672767160320
1185946673538727936
1185946673782165505
1185946673870233600
1185946675342446592
1185946675610898433
1185946678286848000
1185946679641399299
1185946680102928386
1185946680799223808
1185946680975331328
1185946681248026624
1185946681759752192
1185946684649541632
1185946685878554624
1185946686385987590
1185946686734131202
1185946686750953472
1185946686943875072
1185946687451418625
1185946688667766786
1185946688873259009
1185946689208610816
1185946689393303552
1185946689435246593
1185946690232053761
1185946690605346817
1185946691574419457
1185946691704414208
1185946692987899904
1185946693071753216
1185946693637828610
1185946694321487872
1185946695533645825
1185946695978369025
1185946696615911424
1185946696636874754
1185946696813076480
1185946697156956160
1185946697475559424
1185946698293698560
1185946698813624320
1185946699056861184
1185946699136720898
1185946700109832192
1185946700327739392
1185946703104565248
1185946704153063424
1185946704723369984
1185946705025490944
1185946705277177856
1185946705964998656
1185946707730808832
1185946707839901698
1185946707948920837
1185946708078931968
1185946709324718081
1185946709546979328
1185946710280941568
1185946712747077633
1185946713187606529
1185946713393115138
1185946713439297536
1185946713636429825
1185946714106191873
1185946714290606080
1185946714290753537
1185946714894671873
1185946715112857600
1185946716639506432
1185946717327364097
1185946717952335873
1185946718162083840
1185946719109992453
1185946719286169605
1185946720116428801
1185946720187965442
1185946721668481026
1185946722989686784
1185946723283279873
1185946723878866950
1185946723925008385
1185946724549853185
1185946724575006720
1185946724696838146
1185946726475223040
1185946727037186050
1185946729201520640
1185946729339854851
1185946729365069824
1185946729377603584
1185946729646084101
1185946729662697472
1185946730841415681
1185946733764845574
1185946735048351750
1185946736075984896
1185946736164065280
1185946737728544772
1185946737791234048
1185946737791455232
1185946738571513856
1185946739934674945
1185946741276733441
1185946741331447809
1185946741440430082
1185946742707183616
1185946742900047874
1185946743248216065
1185946743554355201
1185946744015720448
1185946745181822979
1185946745483726848
1185946745907351553
1185946745915596800
1185946746423332865
1185946746553294848
1185946747165532160
1185946747241189376
1185946747434078208
1185946749036314627
1185946749275430913
1185946749501919234
1185946749640286209
1185946750684667906
1185946751083126790
1185946751414554624
1185946751561322496
1185946751833907201
1185946751905288192
1185946751963938816
1185946752932814854
1185946753553633280
1185946754363068418
1185946754803535877
1185946755197734913
1185946755998900224
1185946756262973440
1185946756359577601
1185946757143900163
1185946759446630400
1185946759488593921
1185946760004243462
1185946760302223361
1185946760855863297
1185946762554552321
1185946762998992896
1185946765134106625
1185946765649801216
1185946766107127809
1185946766274957312
1185946766488813568
1185946766723731457
1185946767143124993
1185946767684231169
1185946767776350214
1185946767780712448
1185946767851835396
1185946768078508032
1185946768107814913
1185946768204337153
1185946768250494977
1185946768728580096
1185946769441644545
1185946770095951872
1185946770523611136
1185946771425517570
1185946771559600129
1185946772369227777
1185946772662865926
1185946773069582338
1185946773195505664
1185946773975646208
1185946774923382785
1185946775489859584
1185946775930261504
