1185959862880100352
1185959862909452288
1185959863190466561
1185959864381652993
1185959864398299141
1185959864578822151
1185959864855678977
1185959864935297025
1185959866030014464
1185959866055221248
1185959866780848129
1185959868064260097
1185959868190081025
1185959868391292928
1185959869116870656
1185959870174056448
1185959871465832448
1185959872208277504
1185959874217332738
1185959874238275584
1185959874275885056
1185959874301235201
1185959874531938305
1185959875169439745
1185959875349794816
1185959875723124737
1185959875769241600
1185959876599734273
1185959877010694146
1185959878088462336
1185959878155739137
1185959878461775872
1185959878734602240
1185959879107678208
1185959879577604096
1185959880093507584
1185959880206761984
1185959880668188672
1185959880714346496
1185959880940834819
1185959881364275200
1185959881741864960
1185959882014502912
1185959882056491009
1185959882710757377
1185959883629322240
1185959885223149569
1185959885403512833
1185959885940445185
1185959886405931008
1185959886657470464
1185959887601393664
1185959887685201920
1185959887924350977
1185959887941132289
1185959889144877057
1185959889920839680
1185959890658955264
1185959890738667521
1185959891749392385
1185959892693196807
1185959892965904385
1185959893657894912
1185959893900988416
1185959894182236165
1185959894421245959
1185959894618460160
1185959895641841664
1185959896245772288
1185959896371617792
1185959896870731776
1185959897046966272
1185959897793302528
1185959898040950786
1185959898460221440
1185959898653302785
1185959900037419009
1185959900356235264
1185959900498841605
1185959901513879552
1185959902092636164
1185959902583427074
1185959902734422017
1185959902776180736
1185959904676405249
1185959905464868864
1185959905515032576
1185959906307952643
1185959906429591552
1185959906802749440
1185959907704659969
1185959907792773120
1185959909277470721
1185959910116225024
1185959910338715649
1185959910821027841
1185959911609589760
1185959912733581313
1185959912901349376
1185959913106878465
1185959913476050944
1185959915354873856
1185959915887742976
1185959916684496897
1185959917691265026
1185959918844678149
1185959919897497600
1185959920006565889
1185959921420001280
1185959922095271942
1185959922275454978
1185959922888069120
1185959922929938432
1185959923290648576
1185959923324215299
1185959924116930561
1185959924473446400
1185959924897144834
1185959926407016454
1185959927510175746
1185959927711485954
1185959928013508608
1185959928823009283
1185959929812848648
1185959931473739782
1185959932224344065
1185959934481047552
1185959935659646977
1185959935777091584
1185959936804753408
1185959936896962560
1185959936917987328
1185959937710669827
1185959938142674944
1185959938641801216
1185959938889265154
1185959938964643841
1185959939195490304
1185959939421941761
1185959940206272514
1185959941401497600
1185959941498163201
1185959942076928000
1185959942756409344
1185959943725375494
1185959944945897473
1185959944992022528
1185959945335951363
1185959945856008193
1185959946766213123
1185959948674580481
1185959949630955521
1185959950000017409
1185959950763343875
1185959950771605515
1185959950994071552
1185959952432750592
1185959953103757312
1185959953430994945
1185959953682587650
1185959953799860226
1185959954085302274
1185959954173349894
1185959954236096512
1185959956027183104
1185959956178259968
1185959956253564929
1185959958782906368
1185959958866808832
1185959959965646848
1185959960217378818
1185959960267706368
1185959961995689986
1185959962436161546
1185959963698450432
1185959963769880577
1185959964298240000
1185959965539876864
1185959965833326592
1185959966110179334
1185959967410524162
1185959968782073856
1185959968920539137
1185959969650143233
1185959969784586243
1185959969927114759
1185959970656923650
1185959972607160322
1185959973018374151
1185959973186129923
1185959974058508288
1185959974163406848
1185959974259822592
1185959974977097728
1185959975014809600
1185959975249743874
1185959975509725184
1185959975660806146
1185959976054984711
1185959976440942597
1185959977837445120
1185959978319990785
1185959979146272768
1185959979217510406
1185959980123508736
1185959980396175360
1185959980593242112
1185959981142528001
1185959982472278022
1185959982526808065
1185959982954508288
1185959983420186625
1185959984217100290
1185959984246468609
1185959984892469248
1185959985525809154
1185959985643229185
1185959985886289920
1185959986335236097
1185959986419195904
1185959986431696907
1185959987367022594
1185959988520460288
1185959988591812608
1185959988684042240
1185959990164705281
1185959990789582849
1185959990928068608
1185959990932070400
1185959991087390722
1185959993041776641
1185959993998217216
1185959995034230784
1185959995667410944
1185959995889934336
1185959996091064321
1185959997194129408
1185959997399687169
1185959998012219393
1185959998733471745
1185959999178190850
1185959999454896128
1185959999606050816
1185960000314888193
1185960000608440327
1185960002671955968
1185960002697211904
1185960003372490752
1185960004035190787
1185960004295254016
1185960004760805377
1185960004819603457
1185960004920188929
1185960005394227200
1185960006132420613
1185960006203535360
1185960006576824320
1185960006941892615
1185960008879616000
1185960009068363776
1185960009349373953
1185960009382973440
1185960009424871424
1185960010225831936
1185960010322345985
1185960011211726848
1185960011689857024
1185960011798863878
1185960012495179776
1185960012583198720
1185960013740855296
1185960016051949568
1185960016081276928
1185960016248999936
1185960018492805125
1185960020535599105
1185960020837572608
1185960021424775168
1185960021672235008
1185960022871818240
1185960023073136640
1185960023102492673
1185960023287091200
1185960023647764480
1185960023928659973
1185960024025239552
1185960024272715777
1185960024654393347
1185960024843141125
1185960024864149504
1185960025052893185
1185960025442807814
1185960025447129089
1185960026717990912
1185960027045138433
1185960027649138688
1185960027783344131
1185960027884052480
1185960028210991104
1185960028538314752
1185960028571885569
1185960028819378181
1185960029050023937
1185960029058424832
1185960029159133192
1185960029771522051
1185960029981204480
1185960030148808704
1185960030807478272
1185960031004581888
1185960031134474240
1185960031591784454
1185960031642099718
1185960031872790529
1185960033940492291
1185960034808803329
1185960035295346689
1185960036108881920
1185960036465405953
1185960036738240512
1185960037241491457
1185960037916856326
1185960038092935173
1185960039158149120
1185960039573610501
1185960039808409606
1185960039867179013
1185960040055955456
1185960040240431105
1185960040257200128
1185960040278167552
1185960040718651392
1185960041318420480
1185960041599266817
1185960041947549697
1185960042421354497
1185960043075776513
1185960043323240456
1185960043956658176
1185960044438999040
1185960045181394945
1185960045521059842
1185960045877645313
1185960046041194498
1185960046548701185
1185960046586404864
1185960047664418821
1185960047706329089
1185960048427782145
1185960048465334272
1185960048721301504
1185960048721305668
1185960048754868224
1185960049002332162
1185960050877067265
1185960050902347776
1185960051128836097
1185960051166666752
1185960051732824065
1185960051862695936
1185960052441702400
1185960052567560193
1185960053137903616
1185960054337495041
1185960054501138433
1185960055402680320
1185960056275255296
1185960056443023362
1185960057520836608
1185960057986519041
1185960058078814208
1185960058426925057
1185960058632491010
1185960059194368000
1185960060368969731
1185960060398292999
1185960060540915712
1185960060591235073
1185960060608040961
1185960060918403072
1185960060977123328
1185960061006422017
1185960061136527361
1185960061417467904
1185960061614592003
1185960061945798656
1185960062185021441
1185960062617042944
1185960062784888832
1185960062839336962
1185960063019692038
1185960063489531904
1185960064252891137
1185960064294801413
1185960064416243713
1185960064655319040
1185960064861065216
1185960064902926336
1185960065133662208
1185960065221582848
1185960065288638465
1185960065670373378
1185960065808793601
1185960066035224576
1185960066064752647
1185960066215596033
1185960066228346882
1185960066358370304
1185960066932826114
1185960067704610816
1185960067750858752
1185960068149317632
1185960068778549249
1185960068812025859
1185960068904296448
1185960069067874304
1185960069126639616
1185960069856288770
1185960070032572421
1185960070456184832
1185960070980354049
1185960072133914624
1185960072163287040
1185960072486236167
1185960072582746112
1185960073719418883
1185960074277244929
1185960074948337668
1185960075275460608
1185960076764254208
1185960077389451264
1185960078387625986
1185960078823907328
1185960079289442304
1185960079528472576
1185960080593866752
1185960080946204672
1185960081558573066
1185960081789079552
1185960082410033153
1185960082695213058
1185960083135614976
1185960083621941248
1185960083752017920
1185960083756326913
1185960083856986117
1185960083999678465
1185960084033146881
1185960084146479105
1185960084259688448
1185960084389675008
1185960084389744641
1185960084569911296
1185960084800786433
1185960084872060929
1185960085819973633
1185960086226788354
1185960088156168192
1185960088554627073
1185960088919531520
1185960089275944960
1185960089829527553
1185960089997500416
1185960090555207681
1185960090706337794
1185960090777653249
1185960091427717121
1185960091549425666
1185960091763269632
1185960092216299521
1185960092694396934
1185960093411692545
1185960093780709377
1185960093977927680
1185960094011408384
1185960094921641985
1185960094976135168
1185960095714336771
1185960096276385793
1185960096569987072
1185960096641236995
1185960098079756290
1185960098243305473
1185960098356555776
1185960098679517185
1185960099107528708
1185960099812167681
1185960100478865408
1185960100760039424
1185960101686992896
1185960101691174912
1185960101800300545
1185960102400016386
1185960102488088576
1185960103226302464
1185960103595466752
1185960103637409792
1185960103742193664
1185960103993888768
1185960104023248900
1185960104308477953
1185960104547540993
1185960104572538880
1185960104761397248
1185960105415761920
1185960105562558464
1185960106019688448
1185960106292330499
1185960106439139333
1185960106447527937
1185960106879574016
1185960107047378944
1185960107252670464
1185960107647160331
1185960107693228034
1185960107756150784
1185960107768766464
1185960108481753088
1185960108574101506
1185960108829937670
1185960109471653888
1185960110260150272
1185960110516035589
1185960110616502272
1185960110658600961
1185960111568752641
1185960111677825025
1185960111866445824
1185960112776798212
1185960113212932096
1185960113242333185
1185960113275854848
1185960113447821319
1185960113884090368
1185960114244616192
1185960114936864768
1185960115377037312
1185960115909943298
1185960115914059782
1185960115914117129
1185960116002050048
1185960116006346761
1185960116316758018
1185960116681658369
1185960117218500611
1185960117465837568
1185960117591826433
1185960117692485633
1185960117889581058
1185960118422310912
1185960118552104960
1185960119915438080
1185960120020156416
1185960120741707777
1185960120955617280
1185960121001746432
1185960121215672332
1185960121404256256
1185960121698062338
1185960121823825920
1185960121853206529
1185960122218090496
1185960122566225920
1185960122788368384
1185960124051005440
1185960124206239744
1185960124566966272
1185960124692733952
1185960124898086912
1185960124906639361
1185960125049331712
1185960125439397888
1185960125636513794
1185960125850443776
1185960126999494656
1185960127003791361
1185960127154675712
1185960128232808449
1185960128681402368
1185960129973407744
1185960130237648896
1185960130266959872
1185960130325692423
1185960130568835072
1185960131072331778
1185960131122450433
1185960131630174208
1185960131885981697
1185960131886014465
1185960132183609351
1185960132963749891
1185960134062870528
1185960134100561920
1185960134176116736
1185960134746558471
1185960134754947072
1185960134998138880
1185960135069442050
1185960136801689601
1185960136990482432
1185960137682509824
1185960138106179585
1185960138223575040
1185960138349383680
1185960138517221377
1185960139033120768
1185960139058221057
1185960139523678208
1185960139687387136
1185960140077436928
1185960140589162499
1185960140912152578
1185960141008433153
1185960141058924544
1185960141193175040
1185960141600018435
1185960141671292928
1185960142040268801
1185960142296244230
1185960142459813888
1185960142526996480
1185960142581485573
1185960142640160768
1185960142875090944
1185960143193804800
1185960143231565825
1185960143369986048
1185960144988971009
1185960145030995969
1185960145886400513
1185960145915961345
1185960146230480896
1185960146402500609
1185960147249594370
1185960147404890113
1185960147438505990
1185960147547545600
1185960147560140802
1185960148403195904
1185960148931620864
1185960149720227840
1185960149783056385
1185960149795725312
1185960149946646529
1185960150940569601
1185960150978482176
1185960151007649792
1185960152089944065
1185960152341667841
1185960152370995200
1185960152412893184
1185960153037725696
1185960153335484416
1185960153738178560
1185960153943805953
1185960154359050240
1185960154728144896
1185960154769977344
1185960155529105408
1185960155780997122
1185960155923537920
1185960156045033474
1185960156192018432
1185960156238139394
1185960156393365507
1185960156816953345
1185960156955328512
1185960157580279808
1185960157735538693
1185960157865533444
1185960157961953280
1185960158574403586
1185960158687612928
1185960158909943809
1185960159073443840
1185960159220289538
1185960159224483841
1185960159924936706
1185960160147193856
1185960160898027520
1185960161254477824
1185960161917190144
1185960162105933824
1185960162290536448
1185960162303135745
1185960162328219649
1185960162432995329
1185960162609287170
1185960162848378881
1185960162919616512
1185960163049689088
1185960163578126337
1185960164202954753
1185960164202971136
1185960164651864065
1185960164706410497
1185960164840460289
1185960165482336257
1185960165528526848
1185960165608247296
1185960165742395394
1185960167117967360
1185960167176728577
1185960167285936128
1185960167487234049
1185960167596351488
1185960167948595200
1185960168032522240
1185960168078663680
1185960168489701378
1185960168795856896
1185960168863031296
1185960168972009479
1185960169378926592
1185960170385543168
1185960170582503425
1185960170817556481
1185960171077550080
1185960171195027457
1185960171287318528
1185960171408887809
1185960171786395651
1185960172335910913
1185960172348411911
1185960172407214083
1185960172503605248
1185960172755271681
1185960172956639232
1185960173489270785
1185960174894403586
1185960175083151360
1185960175511003141
1185960176152481792
1185960176819625984
1185960176936980481
1185960177591296001
1185960178258194440
1185960178929192960
1185960179608801286
1185960179759833091
1185960179818471425
1185960179826741248
1185960180284100608
1185960180351225856
1185960181039017984
1185960181156458502
1185960181320093696
1185960181924020226
1185960182066450433
1185960182603534337
1185960182662217733
1185960182733590529
1185960182838431744
1185960184088317953
1185960184599830528
1185960185153671168
1185960185258373121
1185960185304510464
1185960185568870400
1185960185938038784
1185960186160254981
1185960186206445568
1185960186999001089
1185960187015958528
1185960187179474945
1185960187489902593
1185960187649241090
1185960187766755329
1185960187796033543
1185960188693680131
1185960188844617729
1185960188953661446
1185960189482229762
1185960189603778562
1185960189700268037
1185960190350430209
1185960190891479044
1185960191122169857
1185960191516446720
1185960191549947906
1185960191965237248
1185960192162353159
1185960192510517248
1185960192611102721
1185960193110228992
1185960193676468225
1185960193726783489
1185960194204811265
1185960194209128448
1185960194217598979
1185960194267729920
1185960194313990144
1185960194565693447
1185960194813108224
1185960195400167424
1185960195559755776
1185960195698106368
1185960195870117888
1185960196075638787
1185960196343910400
1185960196780281856
1185960196843159553
1185960196893315072
1185960196948004874
1185960196969025539
1185960196989952005
1185960197145145344
1185960197380071442
1185960198718001154
1185960198801768450
1185960199213015040
1185960199397560320
1185960199619788802
1185960199661723649
1185960199917572102
1185960200584351746
1185960200978751494
1185960201016479746
1185960201104564225
1185960201188450304
1185960201909870592
1185960202354470912
1185960202543214592
1185960202677506048
1185960203717615618
1185960204397109249
1185960204405485570
1185960204560732160
1185960204606857216
1185960204858474497
1185960205282086914
1185960205575737345
1185960205651238912
1185960205688946692
1185960205697343488
1185960205848207360
1185960205986816000
1185960206003425281
1185960206062280704
1185960206125228032
1185960206531989505
1185960206938841088
1185960207098105857
1185960207316377601
1185960207828029442
1185960208557858816
1185960208918634496
1185960209082212354
1185960209438650369
1185960209547747330
1185960209656827904
1185960209757417472
1185960209807794176
1185960210004885509
1185960210021654529
1185960210256584711
1185960210395029506
1185960210638213121
1185960210713628672
1185960210847825920
1185960211070115840
1185960211296768003
1185960212156616709
1185960212605259777
1185960213003812864
1185960213158871042
1185960214136283136
1185960214295654400
1185960214589251584
1185960214799044609
1185960216212525056
1185960216749195269
1185960217328025600
1185960217395322885
1185960217407823872
1185960217957322754
1185960218179637248
1185960218829524992
1185960219316248577
1185960219794399238
1185960219958009862
1185960220184330242
1185960220687773696
1185960221035905026
1185960221392408576
1185960222218698758
1185960223040835593
1185960223774838785
1185960223888023553
1185960223896428545
1185960224122986496
1185960224156520448
1185960224240353280
1185960224298921985
1185960224512991232
1185960224676433920
1185960224701796353
1185960224865345536
1185960224903090177
1185960225104420865
1185960225313939462
1185960225666412544
1185960225838383104
1185960226081722368
1185960226979303425
1185960227960569858
1185960228283531264
1185960228778627074
1185960229013508101
1185960229328097286
1185960229713989634
1185960230284337158
1185960230389272577
1185960230682800128
1185960231089647616
1185960231643185158
1185960231727226880
1185960231844622337
1185960232230572033
1185960233203462146
1185960233446858752
1185960233560150016
1185960233614675968
1185960233698332672
1185960233996341248
1185960234952601600
1185960234956787714
1185960235938258944
1185960235938308102
1185960236047319043
1185960236110229504
1185960236122853376
1185960236173221889
1185960236680658946
1185960236752031745
1185960236944896001
1185960237880303616
1185960237964185602
1185960238379352065
1185960238400315400
1185960238555549696
1185960238966550528
1185960239025344512
1185960239297941504
1185960239318872067
1185960239444705281
1185960239490682880
1185960239566327808
1185960239599882240
1185960239843172352
1185960240761712640
1185960240812101633
1185960240937873408
1185960241269219328
1185960241546104833
1185960241759838208
1185960243278147590
1185960243819438082
1185960243928424450
1185960244062629890
1185960244326928384
1185960244373065730
1185960244477906945
1185960244624740355
1185960244821876736
1185960244897181696
1185960245799112709
1185960245824282626
1185960246130302976
1185960246159859712
1185960247204155394
1185960247816577030
1185960247862673409
1185960248047218695
1185960248122728449
1185960248219258880
1185960248357670912
1185960248529620994
1185960248546385921
1185960248680550405
1185960249490055168
1185960249540464641
1185960249804636161
1185960249972293632
1185960249980784640
1185960250047942659
1185960250844893185
1185960251008389120
1185960251629199360
1185960251687870464
1185960252505755650
1185960252740689920
1185960252753272832
1185960252791017473
1185960253323710464
1185960253344698374
1185960253558611972
1185960253562769408
1185960253705211904
1185960253705224193
1185960254430949377
1185960254460350464
1185960254464577537
1185960254674108416
1185960255445848064
1185960255718678528
1185960255890558977
1185960255919923200
1185960256058380289
1185960258004570119
1185960259535462401
1185960260391100417
1185960261573861382
1185960262995775490
1185960262999990272
1185960263469719552
1185960263712940039
1185960263889108993
1185960264291831808
1185960264467914752
1185960264753020928
1185960265315225601
1185960267303280640
1185960267483627521
1185960267533996038
1185960267726970882
1185960267810791427
1185960268100198400
1185960268108578816
1185960268251033600
1185960268276391936
1185960268582608899
1185960268922273797
1185960269639507970
1185960269949886474
1185960270075695107
1185960270511923200
1185960270885195777
1185960271241723906
1185960271371653120
1185960272319647744
1185960273309552641
1185960273355644928
1185960274098098178
1185960274614013953
1185960275377381378
1185960275905781761
1185960276543365120
1185960276560142338
1185960276849561602
1185960277080231939
1185960277105397761
1185960277117939717
1185960277348626441
1185960277491118080
1185960277562576897
1185960277629640706
1185960278514470913
1185960278753763329
1185960279068336128
1185960279450030080
1185960279835860993
1185960280062185473
1185960280230154240
1185960280448262150
1185960280456683521
1185960280582430721
1185960281190686726
1185960281270128644
1185960281333288963
1185960281412919297
1185960281492590595
1185960281966567425
1185960282969067524
1185960283086491648
1185960283371499520
1185960283484897280
1185960283505860611
1185960283724013570
1185960284013223943
1185960284176949249
1185960284810293253
1185960284839727104
1185960284978057218
1185960285418512384
1185960285733052417
1185960286131376128
1185960286295117824
1185960286437761027
1185960286613856260
1185960286861312001
1185960286873767937
1185960286907441152
1185960287037513730
1185960287473680389
1185960288237080576
1185960288505364483
1185960289663143936
1185960289898024961
1185960289981874176
1185960289998704640
1185960290392969216
1185960290778828800
1185960291084967936
1185960291437338624
1185960291504447492
1185960292062248960
1185960292171300865
1185960293521858560
1185960293530103808
1185960293555494912
1185960293693825026
1185960294411067392
1185960294855663617
1185960295409299456
1185960295690358785
1185960296009158658
1185960296311132160
1185960296822607874
1185960296877187072
1185960297003180032
1185960297145569280
1185960297238007808
1185960297401634816
1185960297435058176
1185960297686802432
1185960298152370177
1185960298567655428
1185960298571804679
1185960298647146496
1185960298806697989
1185960298961866754
1185960299477848069
1185960299695935489
1185960300375244800
1185960300421566470
1185960300991909888
1185960301717422080
1185960301989990400
1185960302673911808
1185960303173001216
1185960303240105987
1185960303382683653
1185960303814758401
1185960304078999554
1185960304137650179
1185960304494051328
1185960304720531456
1185960304867467267
1185960304964001793
1185960305001717761
1185960305043615745
1185960305182085126
1185960305375006725
1185960305400205317
1185960305580376065
1185960305702195201
1185960306247372800
1185960306805219328
1185960307274981376
1185960307618922497
1185960308118032386
1185960308176801798
1185960308411715589
1185960308919152642
1185960308990447616
1185960309015625737
1185960309246382093
1185960310181466112
1185960310445871110
1185960310684950531
1185960311704227847
1185960311918153728
1185960311943241730
1185960311968456704
1185960311976804354
1185960312039772168
1185960312786374657
1185960312840826888
1185960313646145536
1185960314124111873
1185960314468294656
1185960315244163073
1185960315999182850
1185960316355731457
1185960316540203009
1185960317144174592
1185960317282467840
1185960317433667586
1185960317521547264
1185960317848870913
1185960317903347712
1185960318226325504
1185960318318465030
1185960318649933829
1185960318792589314
1185960318876434433
1185960320252157956
1185960320264597504
1185960321137156096
1185960321149620225
1185960322269667333
1185960323762806784
1185960324329037826
1185960325344059395
1185960325427924995
1185960326287777793
1185960326434557956
1185960326673653762
1185960326757404672
1185960327072104449
1185960327105650688
1185960327428657153
1185960327701303296
1185960328439439362
1185960328573673472
1185960329223655425
1185960329311903745
1185960330591195137
1185960330637316096
1185960331232907264
1185960331543273472
1185960331916517377
1185960331958456323
1185960332080009216
1185960332134617089
1185960332436672519
1185960332524699648
1185960332549746688
1185960332637933569
1185960332684120067
1185960333254385666
1185960333556539393
1185960333577539586
1185960333682315264
1185960333740871681
1185960333753622528
1185960333808230400
1185960333875302400
1185960334462455810
1185960334764527617
1185960335175487488
1185960335385255938
1185960335485952007
1185960335515062273
1185960335548833792
1185960335653650433
1185960335741722626
1185960336454799366
1185960336538488832
1185960336668663810
1185960336773517313
1185960336786120710
1185960336916127745
1185960336983232512
1185960337050341384
1185960337486602241
1185960337654239232
1185960338241527810
1185960338279170048
1185960338358984707
1185960338409295873
1185960338635841536
1185960339621457921
1185960340468707332
1185960341357944833
1185960341689241600
1185960341966131205
1185960342381199360
1185960342746214400
1185960342796591105
1185960342913835008
1185960343308324864
1185960343660613635
1185960343803170818
1185960343995944961
1185960344214261760
1185960344235081729
1185960344499306498
1185960345367531526
1185960345434611712
1185960346030366720
1185960346739204098
1185960347120951297
1185960347167023107
1185960347326386178
1185960347431100418
1185960347531993088
1185960348039278593
1185960348093997057
1185960348261724160
1185960348412760066
1185960348584689666
1185960348702171141
1185960348802678785
1185960348832223234
1185960348920307714
1185960348970639360
1185960349079625731
1185960349243269120
1185960349503242241
1185960349754937348
1185960350295957507
1185960350514061318
1185960351495606273
1185960351818403840
1185960351961100290
1185960352393023490
1185960352850173953
1185960353068269568
1185960353085247488
1185960353244549120
1185960353580179456
1185960353689153539
1185960353785618432
1185960354712604672
1185960354859368449
1185960354888769536
1185960355077509123
1185960355253686275
1185960355417264130
1185960355425587201
1185960355610136577
1185960356537077761
1185960357254221825
1185960357380214784
1185960357652844548
1185960358353231874
1185960359326294017
1185960359796064257
1185960359808688139
1185960360047796224
1185960360278478850
1185960360437866496
1185960360584663045
1185960360605470720
1185960360890769413
1185960360962134016
1185960361155014656
1185960361704525824
1185960362199240704
1185960362618826752
1185960363101175809
1185960364132962304
1185960364208508929
1185960364762112000
1185960365127077890
1185960365391306752
