1185967412769972224
1185967412824416256
1185967412967071744
1185967413009047552
1185967413159976961
1185967413310849024
1185967413331783680
1185967413432586240
1185967413826932736
1185967413852098560
1185967414128734214
1185967414158057472
1185967414254563328
1185967414615379973
1185967415131299840
1185967415391326208
1185967415626215425
1185967416028925955
1185967416096034816
1185967416209227776
1185967416431374337
1185967416687366146
1185967417240907776
1185967417291264000
1185967417391869952
1185967417492525057
1185967417710841857
1185967418172215296
1185967418721603595
1185967418742435841
1185967418868486144
1185967419006898178
1185967419044564992
1185967419166220288
1185967419199762433
1185967419380027392
1185967419715735552
1185967419774255104
1185967419862458368
1185967420248219648
1185967420248416256
1185967420298682373
1185967420487471104
1185967421326270465
1185967421351485440
1185967421435207682
1185967421578006529
1185967422097870848
1185967422228045825
1185967422441848832
1185967422605615104
1185967422714667008
1185967422966325249
1185967423184392198
1185967423213715456
1185967423658299395
1185967424262287360
1185967424501407750
1185967424639787015
1185967424648159235
1185967424912289792
1185967424920641536
1185967424920797184
1185967425017274375
1185967425164140551
1185967425231167488
1185967425835208704
1185967425935810561
1185967425977606144
1185967425994526722
1185967426086854656
1185967426720030720
1185967427106099203
1185967427462619137
1185967427579994112
1185967427626164228
1185967428192342016
1185967428355919876
1185967428435623937
1185967428519354368
1185967428850933767
1185967429001863168
1185967429383577602
1185967429437886464
1185967429480046593
1185967429878517760
1185967430151168000
1185967430276800512
1185967430545358854
1185967430574604288
1185967430629240832
1185967430683824129
1185967430956441600
1185967431111663616
1185967431153573888
1185967431308562432
1185967431333924864
1185967431531028482
1185967431556222977
1185967431581421568
1185967431652651009
1185967432218955777
1185967432264908800
1185967432348778496
1185967432814383104
1185967433032622080
1185967433435103232
1185967433523306497
1185967433674305537
1185967433678381059
1185967433707708416
1185967433732853765
1185967434009849857
1185967434253115392
1185967434311835648
1185967434341195777
1185967434357977090
1185967434584297472
1185967434987012097
1185967435054288901
1185967435133935616
1185967435171717123
1185967435750531079
1185967435834372098
1185967436107014144
1185967436115386373
1185967436404854784
1185967436501344256
1185967436669042693
1185967437398847488
1185967437419667456
1185967437499506688
1185967437717524480
1185967437763809280
1185967437847683072
1185967437877075969
1185967438258724864
1185967438354997249
1185967438401331202
1185967438581641216
1185967439215054848
1185967439437123584
1185967439453884416
1185967439785484289
1185967440124993536
1185967440452304896
1185967440506900480
1185967440536076288
1185967440557150213
1185967440980828161
1185967441236631552
1185967441274462212
1185967441450549249
1185967441521848321
1185967441559470080
1185967442071146496
1185967442293489664
1185967442339618817
1185967442360782853
1185967442394259462
1185967442633379840
1185967442863878145
1185967442885042176
1185967443019206656
1185967443224612864
1185967443392548864
1185967443505831936
1185967443514155008
1185967443832954881
1185967443983781890
1185967444139167744
1185967444202020864
1185967444428386305
1185967444499795968
1185967444982145032
1185967445028139009
1185967445275828226
1185967445439401984
1185967445577740288
1185967445628145665
1185967445640527872
1185967445670027264
1185967445854416896
1185967445871214592
1185967446232043521
1185967446236246018
1185967446324211712
1185967446655717381
1185967446668251136
1185967446878015488
1185967446965940225
1185967447066570752
1185967447502938112
1185967447569883137
1185967447603580928
1185967447620358144
1185967448056647680
1185967448329248769
1185967448421367808
1185967448614244352
1185967448891088896
1185967448908091394
1185967449059024896
1185967449088376832
1185967449184915456
1185967449226825729
1185967449264607234
1185967449474322433
1185967449511849984
1185967449675575297
1185967449843339265
1185967449868525569
1185967450279464962
1185967450514448385
1185967450547990531
1185967450719997953
1185967450782871552
1185967450791256065
1185967451063967745
1185967451105832962
1185967451160399872
1185967451176980480
1185967451592450048
1185967451965677568
1185967452531900416
1185967452611584000
1185967452615667712
1185967452670308353
1185967452724830209
1185967452838158336
1185967453194670082
1185967453475500032
1185967453538570241
1185967454104817664
1185967454125617152
1185967454331105282
1185967454733983751
1185967455052500992
1185967455220502530
1185967455430172672
1185967455535030278
1185967455761588224
1185967455946072064
1185967456239505408
1185967456294076416
1185967457011412992
1185967457141436416
1185967457862934530
1185967457883873280
1185967457930006528
1185967458072420353
1185967458168893440
1185967458265567233
1185967458286538753
1185967458303262720
1185967458634608641
1185967458676547586
1185967458751926272
1185967458877919233
1185967459108454400
1185967459209076736
1185967459267776512
1185967459427213312
1185967459548839937
1185967459737755657
1185967459989381120
1185967460115243008
1185967460173963265
1185967460304019460
1185967460492730370
1185967460501118992
1185967460538880000
1185967460672929792
1185967460710866944
1185967460744335360
1185967460828082176
1185967460836630533
1185967460924702720
1185967461109288960
1185967461117681665
1185967461180628992
1185967461390307329
1185967461465808896
1185967461591605248
1185967461755174920
1185967461784358914
1185967461885267968
1185967462132531200
1185967462132662272
1185967462132670464
1185967462640246785
1185967462958784514
1185967463193829377
1185967463248224256
1185967463659266048
1185967463676166146
1185967463894339584
1185967463911047172
1185967463961260032
1185967464007356416
1185967464116473857
1185967464234061824
1185967464284184576
1185967464544374785
1185967464653430790
1185967465160941570
1185967465379045376
1185967466012389377
1185967466804957185
1185967466930786304
1185967467342057473
1185967467568476160
1185967467618881537
1185967467899670528
1185967467975327744
1185967468055015424
1185967468126392321
1185967468319268866
1185967468378054664
1185967468637933568
1185967468860366849
1185967468982001669
1185967469007114240
1185967469082492928
1185967469145538560
1185967469258780672
1185967469304909826
1185967469430804480
1185967469883617280
1185967469917360129
1185967470340902912
1185967470454149120
1185967470689034245
1185967470852616192
1185967470877839361
1185967471167041537
1185967471280435205
1185967471313870848
1185967471674552320
1185967472039477248
1185967472547192834
1185967472681324550
1185967472714776579
1185967472987529218
1185967473356627972
1185967473478328325
1185967473645850624
1185967474124185600
1185967474174582784
1185967474321350656
1185967474367483905
1185967474438750208
1185967474497339392
1185967474526900224
1185967474623291395
1185967474748997633
1185967474979803137
1185967475088752640
1185967475181142016
1185967475256680448
1185967476011454465
1185967476066213895
1185967476074524679
1185967476250677248
1185967477001469955
1185967477127352320
1185967477215387648
1185967477278167045
1185967477525811202
1185967477601292292
1185967477609680896
1185967477882310657
1185967477899091974
1185967478054125568
1185967478150750214
1185967478331117568
1185967478507048960
1185967479111053313
1185967479169966080
1185967479258079232
1185967479467720709
1185967479639740418
1185967479664840704
1185967479715221505
1185967480004591618
1185967480033951746
1185967480155467776
1185967480222576640
1185967480516296705
1185967480591699968
1185967480797302786
1185967480801497088
1185967480906362882
1185967481229398016
1185967481644556289
1185967482483294208
1185967482487488513
1185967482579767296
1185967482932285440
1185967483070636032
1185967483095834627
1185967483309572096
1185967483376685056
1185967483481677825
1185967483485749248
1185967483834064901
1185967483884314626
1185967483892588544
1185967483926138880
1185967484547076098
1185967484664532992
1185967485180403713
1185967485272690688
1185967485436223488
1185967485583056898
1185967485612261376
1185967485691908096
1185967485830467584
1185967486111490048
1185967486136532992
1185967486140928000
1185967486262341632
1185967486291861504
1185967486296035328
1185967486543507456
1185967486606266370
1185967486665142274
1185967487231385601
1185967487445360649
1185967487726182400
1185967488179134464
1185967488481161217
1185967488506519553
1185967488799891456
1185967488904957953
1185967489014026243
1185967489030602753
1185967489144053760
1185967489194311682
1185967489319989248
1185967489395511296
1185967489907343360
1185967489915740160
1185967490083512325
1185967490414850050
1185967490918178817
1185967491006324737
1185967491245170688
1185967491249557504
1185967491320893441
1185967491471859712
1185967491605905409
1185967491614416896
1185967491689996291
1185967491849379848
1185967492025462791
1185967492264595456
1185967492272984064
1185967492482699265
1185967492599910401
1185967492767850499
1185967492914532352
1185967493095067649
1185967493166141442
1185967493170552837
1185967493187112960
1185967493405429760
1185967493510094848
1185967493979889664
1185967494193958912
1185967494273462272
1185967494919610369
1185967494999134208
1185967494999224324
1185967495183785985
1185967495494225922
1185967495548751872
1185967495607390209
1185967495708057600
1185967495858941952
1185967495884218369
1185967496148504576
1185967496211288065
1185967496706351104
1185967496840564737
1185967496857296896
1185967497029341186
1185967497541029888
1185967497574572032
1185967497884950528
1185967497964642304
1185967498186940416
1185967498241294337
1185967498266472448
1185967498396684288
1185967498459582465
1185967498480541697
1185967498551877632
1185967498572849152
1185967498719453184
1185967498853847041
1185967498979463168
1185967499281485824
1185967499394899970
1185967499407433729
1185967499663347714
1185967499852091397
1185967499960934400
1185967500565106691
1185967500581900288
1185967500699324416
1185967500757995522
1185967501542223872
1185967501664030722
1185967501861146626
1185967502276386816
1185967502301388800
1185967502339166209
1185967502506917888
1185967502536429568
1185967502628663296
1185967502821646342
1185967503111065603
1185967503287046144
1185967503480107009
1185967503706599425
1185967503719194624
1185967503832432642
1185967504004440066
1185967504369377280
1185967504386072576
1185967504461574144
1185967504721625089
1185967505044426752
1185967505543614464
1185967505707192321
1185967505782775809
1185967505828765697
1185967505950441472
1185967506000924674
1185967506021851136
1185967506277748743
1185967506298720256
1185967506311258118
1185967506344706048
1185967506462146560
1185967506521051141
1185967506617327616
1185967506713796608
1185967506982178816
1185967507108237318
1185967507192111104
1185967507280220161
1185967507464769537
1185967507653496835
1185967507775086592
1185967508022427648
1185967508093845506
1185967508106424325
1185967508383252480
1185967509192622080
1185967509440090112
1185967509507166208
1185967509515767811
1185967509708476417
1185967509784219649
1185967509897437185
1185967509964578816
1185967510136463361
1185967510807465984
1185967510933266432
1185967511013150723
1185967511084376065
1185967511554220032
1185967511893770241
1185967512061538304
1185967512107790337
1185967512174788609
1185967512174911488
1185967512216723456
1185967512338554884
1185967512514715654
1185967512577548290
1185967512929783808
1185967512946696193
1185967512959246336
1185967513223487491
1185967513252712448
1185967513273819137
1185967513487720451
1185967513538093057
1185967513621929984
1185967513797971968
1185967513869393929
1185967513890361345
1185967513936498689
1185967513978294272
1185967514196627457
1185967514246877184
1185967514280517632
1185967514326568960
1185967514481766401
1185967514947215360
1185967515329019904
1185967515538804736
1185967515970736134
1185967516067254272
1185967516092370944
1185967516096462848
1185967516377595904
1185967516784517120
1185967516834828289
1185967517224722432
1185967517447213056
1185967517963034630
1185967517996441600
1185967518009249794
1185967518026027012
1185967518076129280
1185967518172663808
1185967518340378625
1185967518357381120
1185967518453817349
1185967518898409473
1185967518965473286
1185967519233953792
1185967519582052352
1185967519846281221
1185967519938551810
1185967520139878402
1185967520316047360
1185967520324431881
1185967520341204994
1185967520374775810
1185967520651665408
1185967521091866624
1185967521301708800
1185967521607716864
1185967521654071296
1185967521687638024
1185967521817600004
1185967521834377223
1185967521838587906
1185967521880391680
1185967521897336832
1185967521935048704
1185967522383847425
1185967522572578816
1185967522639532032
1185967522815852545
1185967523113517056
1185967523902062592
1185967524153888769
1185967524606894080
1185967524766203904
1185967524938166276
1185967525005152256
1185967525051260929
1185967525231767553
1185967525777104898
1185967526540435457
1185967526733402114
1185967527022616576
1185967527077273600
1185967527148638208
1185967528109101056
1185967528125915136
1185967528494936067
1185967528524369921
1185967528545280000
1185967528671141890
1185967529061056513
1185967529711362051
1185967529744850945
1185967529786822656
1185967529837158402
1185967529845497856
1185967530344701954
1185967530604683265
1185967530868912129
1185967530919288832
1185967531007381505
1185967531040890882
1185967531628081153
1185967531628122119
1185967531858771968
1185967532269801472
1185967532320133120
1185967533037363200
1185967533544935424
1185967533959999488
1185967534031421440
1185967534056435713
1185967534174081024
1185967534383812608
1185967534601838593
1185967534660636672
1185967535205834753
1185967535214120960
1185967535239454720
1185967535465713672
1185967535688241153
1185967535948226560
1185967536136949760
1185967536195526656
1185967536896200705
1185967538750066688
1185967539056234497
1185967539345612802
1185967539555328004
1185967539748139009
1185967539823636480
1185967540217925632
1185967540356440070
1185967540859756550
1185967541384024065
1185967541459415040
1185967541610602496
1185967541757403136
1185967541761560576
1185967542021419008
1185967542474608641
1185967542831067137
1185967542982053889
1185967543015673857
1185967543514730496
1185967543619637251
1185967543745306624
1185967544013742081
1185967544064237568
1185967544110374914
1185967544177438732
1185967544282337280
1185967544525570048
1185967544609497088
1185967544726904832
1185967544831746049
1185967544919908352
1185967544932425728
1185967544982745088
1185967545129418752
1185967545217626112
1185967545582530560
1185967545716752387
1185967545817403392
1185967545834041344
1185967545905369088
1185967545909514240
1185967546094080000
1185967546194780160
1185967546320728071
1185967546450755585
1185967546542899200
1185967546748559360
1185967546752618496
1185967546782179328
1185967548061212673
1185967548598083584
1185967548610891776
1185967548673773568
1185967549730738176
1185967550146011136
1185967550494064640
1185967550506635273
1185967550934306816
1185967551060369410
1185967551236464640
1185967551446208521
1185967551504887808
1185967551957884928
1185967552465387521
1185967552838529025
1185967552939352070
1185967553153261569
1185967553342038018
1185967553455235072
1185967553887309824
1185967554134773762
1185967554239614977
1185967554243813386
1185967554428321797
1185967555065737216
1185967555342716930
1185967555946729472
1185967556135391232
1185967556538130432
1185967556647104512
1185967556991094785
1185967557137850369
1185967557162848258
1185967557204987905
1185967557339209729
1185967557343186944
1185967557607473153
1185967557867495424
1185967558056382464
1185967558186242050
1185967558198845440
1185967558349877253
1185967558379343879
1185967558718971904
1185967558748442625
1185967558811377664
1185967559050330113
1185967559335731204
1185967559448956930
1185967559763361793
1185967560224886784
1185967560304537602
1185967560325382144
1185967560367448064
1185967560891813890
1185967561181204481
1185967561311174656
1185967561399296000
1185967561441189888
1185967561650753541
1185967561793396740
1185967561860628482
1185967561923579905
1185967562099544064
1185967562414182400
1185967562783444998
1185967563165057025
1185967563370401793
1185967563399946240
1185967563576172544
1185967563802632192
1185967563974443008
1185967564528046080
1185967564603588613
1185967564775743490
1185967564960292866
1185967565014781954
1185967565073346560
1185967565086048258
1185967565149003776
1185967565400662016
1185967565643898880
1185967565706858502
1185967566029807616
1185967566147244032
1185967566323191809
1185967566541512704
1185967566885285888
1185967567178993664
1185967567355236352
1185967567644643329
1185967568227430400
1185967568240009216
1185967568667971584
1185967568810663942
1185967568894316544
1185967569183891461
1185967569225711617
1185967569813028864
1185967570190585862
1185967570244947968
1185967570421198848
1185967570719006720
1185967570840514560
1185967571159437312
1185967571494981634
1185967572375625728
1185967572828581889
1185967573030055936
1185967573332049920
1185967573717770240
1185967573776687104
1185967574749712386
1185967574812483585
1185967574879801346
1185967574908948480
1185967574950928384
1185967574980411394
1185967575273889792
1185967575336833024
1185967577413115905
1185967577832386562
1185967577853505540
1185967577975218176
1185967578327334915
1185967579099213825
1185967580290408449
1185967580369973249
1185967580852490240
1185967580990857217
1185967581695561729
1185967581712142337
1185967581825515520
1185967582924492800
1185967583087996928
1185967583301898240
1185967583368896512
1185967583671017472
1185967584480391168
1185967584644124672
1185967584744820743
1185967584820125697
1185967584988016640
1185967585038422016
1185967585482948610
1185967585860472832
1185967585956892674
1185967585960980480
1185967586166607872
1185967586422509568
1185967586598539264
1185967586938245120
1185967587122745345
1185967587173249024
1185967587550728193
1185967587579977728
1185967587693400064
1185967587718356993
1185967587991195649
1185967588041297920
1185967588318175233
1185967588490305536
1185967588695838724
1185967588980867072
1185967589429661696
1185967589756784641
1185967589832318976
1185967589895352321
1185967590042042368
1185967590222508032
1185967590495211521
1185967590931402753
1185967591153647616
1185967591317266433
1185967591879086080
1185967592005128192
1185967592097419265
1185967592487489537
1185967592625901569
1185967592667860992
1185967592751525889
1185967592961380353
1185967593070452736
1185967593280212993
1185967593582202881
1185967593649246210
1185967593682866181
1185967593913495554
1185967593913507844
1185967593993244678
1185967594181931008
1185967594383269891
1185967594542718977
1185967594932600832
1185967595645739008
1185967595658366981
1185967595809325056
1185967596153135104
1185967596178432000
1185967596216160256
1185967596300128258
1185967596341878784
1185967596379791360
1185967596409102336
1185967597113749504
1185967597281374209
1185967597361209344
1185967597524664321
1185967597558337538
1185967597575114752
1185967597751357442
1185967597977853953
1185967598279811072
1185967598288007168
1185967598393016321
1185967598598610946
1185967598699208704
1185967598720172035
1185967599093288961
1185967599424888838
1185967599601016832
1185967599701635073
1185967599982698496
1185967600104300544
1185967600448225281
1185967600645234690
1185967600754397184
1185967600951390208
1185967601094201345
1185967601559588864
1185967601647620097
1185967601668640768
1185967602532831232
1185967602608287754
1185967602633457665
1185967602889318400
1185967602956492800
1185967603115671552
1185967603153559552
1185967603161825280
1185967603484901379
1185967603551834112
1185967604302630913
1185967604361502720
1185967604520763392
1185967604743032832
1185967604965490689
1185967604982267905
1185967605074542592
1185967605154271232
1185967605426704384
1185967605787574272
1185967606009753601
1185967607846977536
1185967607855271936
1185967607976996864
1185967608153169920
1185967608241283074
1185967608505520129
1185967609549934592
1185967609809920000
1185967610099314689
1185967610447294464
1185967610493489152
1185967610506203137
1185967610875301889
1185967610921275392
1185967611122728963
1185967611206668290
1185967611621920769
1185967611638534144
1185967611772719104
1185967611810594816
1185967612817223681
1185967613119209472
1185967613249228801
1185967613299572741
1185967613375111168
1185967613588979719
1185967613727383552
1185967614134108160
1185967614209728513
1185967614238982144
1185967614272638980
1185967614650011648
1185967615015079936
1185967615031812103
1185967615950217216
1185967616025862151
1185967616256425985
1185967616525033472
1185967616613072898
1185967616826990592
1185967617007411201
1185967617082843137
1185967617502306304
1185967618181582848
1185967618244665344
1185967618533941248
1185967618865451009
1185967619037372416
1185967619343573002
1185967619402326019
1185967619658010624
1185967620216053765
1185967620593291264
1185967620618518531
1185967620832534529
1185967620832595970
1185967620832616448
1185967621105209354
1185967621218459648
1185967621444907008
1185967621671473152
1185967621704957952
1185967622397054976
1185967622539501569
1185967622652776448
1185967622677884928
1185967622740795392
1185967623470755840
1185967623613214720
1185967623621763072
1185967623822987265
1185967624221380615
1185967624527794177
1185967626192736256
1185967626373206016
1185967626700427265
1185967627404890112
1185967627623108616
1185967628168286208
1185967628310872069
1185967628516560899
1185967629376348160
1185967629485215745
1185967629783257088
1185967629904818182
1185967630202490880
1185967630261379072
1185967631507120130
1185967631733407744
1185967631754506244
1185967632203309056
1185967632211570688
1185967633000214528
1185967633763573760
1185967633851736064
1185967634283712512
1185967634325442561
1185967634384375808
1185967634757505024
1185967634770251777
1185967634975772672
1185967635042852864
1185967635554557953
1185967635911065600
1185967636406030336
1185967637525860352
1185967637794304001
1185967637869875200
1185967637882425345
1185967637890764802
1185967637903241216
1185967638087979011
1185967638096297984
1185967638125645824
1185967638171836417
1185967638268305411
1185967638478032896
1185967638519975936
1185967638796816386
1185967638859669505
1185967638939348992
1185967639077765120
1185967639610449920
1185967640088432640
1185967640411561984
1185967640625459201
1185967640701014016
1185967640944222208
1185967641183145984
1185967642202562561
1185967642827546629
1185967642831511552
1185967643016212480
1185967643095977985
1185967643188191234
1185967643339186181
1185967643444035585
1185967643737645057
1185967643766992901
1185967644018479104
1185967644085800960
1185967644232560640
1185967644769431554
1185967644807258113
1185967645407006720
1185967645700644864
1185967645969047560
1185967646698803200
1185967647185350656
1185967647281864705
1185967647713910786
1185967647772610562
1185967647923593225
1185967648435298305
1185967648649166848
1185967648783380480
1185967649240551435
1185967649387433986
1185967649467125761
1185967649538347008
1185967649760481280
1185967649915838479
1185967649941086209
1185967650108825601
1185967650238676992
1185967650725421059
1185967650784108550
1185967650876329991
1185967650905698310
1185967651371094016
1185967651690106881
1185967652109340677
1185967652272885761
1185967652789014528
1185967653912866816
1185967654013751301
1185967654047227905
1185967654420525056
1185967654621929472
1185967654990954497
1185967655414575104
1185967655569764352
1185967655590731777
1185967656140201986
1185967656295370752
1185967656714809344
1185967657155055622
1185967657553747970
1185967657889292288
1185967658669355009
1185967659034112000
1185967659587948544
1185967659667484672
1185967660007215106
1185967660032413696
1185967660053364736
1185967660120580096
1185967660154011651
1185967660548444161
1185967660640522241
1185967661114507264
1185967661571870720
1185967661856935936
1185967661924147201
1185967661936717825
1185967662364409856
1185967663014481923
1185967663027236867
1185967663438123009
1185967663673069569
1185967663744454664
1185967664344293377
1185967664461701122
1185967664868593664
1185967664935657474
1185967665367670788
1185967665682059264
1185967665820655618
1185967665820688385
1185967665988411392
1185967666684747778
1185967666814750720
1185967666890268673
1185967667066261504
1185967667460501504
1185967667502440448
1185967667615850496
1185967668127510530
1185967668613935104
1185967668794445824
1185967669197070338
1185967669503320064
1185967669561851904
1185967669834633217
1185967670182608896
1185967670199554049
1185967670249873408
1185967670451146752
1185967670522499072
1185967670656749569
1185967670782509056
1185967671013187584
1185967671839379456
1185967671902429189
1185967672246362114
1185967672527327233
1185967672556548096
1185967672820813824
1185967673122967558
1185967673806508032
1185967673861115905
1185967673919840258
1185967674284806145
1185967674339352576
1185967674511114240
1185967674771288065
1185967675056545792
1185967675433816066
1185967675488505857
1185967675547123712
1185967676046360576
1185967676310470656
1185967676453031937
1185967676767662080
1185967676910264320
1185967677069770757
1185967677073846272
1185967677254164481
1185967677262532608
1185967677367607296
1185967677539520513
1185967677631848448
1185967677648592897
1185967677657014273
1185967677845561344
1185967678583984128
1185967678693036032
1185967679192080390
1185967679363923968
1185967679468986369
1185967679582150662
1185967680089722888
1185967680190406662
1185967680320356353
1185967680441987074
1185967680999829507
1185967681180180485
1185967681293471747
1185967681335377920
1185967681499009024
1185967681947754497
1185967682278973442
1185967682316668928
1185967682383949825
1185967682509770752
1185967682635599873
1185967682903891968
1185967683168280577
1185967683759755266
1185967684112007172
1185967684195717120
1185967684434964480
1185967684938162176
1185967685273821184
1185967685278011392
1185967685638578177
1185967686033006592
1185967686318252032
1185967686653763584
1185967686687133697
1185967686838345728
1185967687802994688
1185967687844933634
1185967688390250496
1185967688528678912
1185967688574746625
1185967688809635843
1185967689069727744
1185967689086332928
1185967689275195394
1185967689350569984
1185967690361556993
1185967691003248640
1185967691334639616
1185967691603087360
1185967691686907904
1185967692492267522
1185967692630523904
1185967693297602560
1185967693360500736
1185967693419167744
1185967693716955136
1185967693746315265
1185967693851217920
1185967694010605569
1185967694098644994
1185967694383931394
1185967694413209600
1185967694916534272
1185967695105286145
1185967695143022594
1185967695231102977
1185967695394557952
1185967695528775681
1185967695621021696
1185967695839186944
1185967696413937665
1185967696904642560
1185967696984203264
1185967696988397568
1185967697022115840
1185967697319940096
1185967697932234754
1185967697953284100
1185967698032902147
1185967698112602112
1185967698297180161
1185967698326351872
1185967698364252160
1185967698481561600
1185967699404439554
1185967700159422464
1185967700343971840
1185967700830490627
1185967700868239360
1185967701187092480
1185967701556154371
1185967701564547073
1185967701614911488
1185967702428540928
1185967702713741313
1185967702869008385
1185967703086919680
1185967703145754625
1185967703200354304
1185967703862972416
1185967703988805632
1185967704009773057
1185967704261267457
1185967704332800001
1185967704341008384
1185967704483778560
1185967704911568897
1185967705008017408
1185967705058369537
1185967705733718016
1185967705758846978
1185967706526367744
1185967707277144065
1185967707318931456
1185967707440779264
1185967707537248267
1185967707650441217
1185967708342489089
1185967708380323841
1185967708527091720
1185967708560449536
1185967708816457728
1185967708900339714
1185967709756022784
1185967710150299649
1185967710263492608
1185967710531915778
1185967710653407232
1185967710892679169
1185967711110733824
1185967711311908871
1185967711580540928
1185967711811035136
1185967712167587840
1185967712322744326
1185967712389885952
1185967712536879105
1185967713103028225
1185967713979654144
1185967714008911872
1185967714046623744
1185967714109743107
1185967714168442880
1185967714822742018
1185967714994708490
1185967715376402432
1185967715451834369
1185967715468677122
1185967715800027136
1185967716047446016
1185967716429160449
1185967717045751810
1185967717561577473
1185967717657894912
1185967717808893953
1185967717813239808
1185967717871955968
1185967718157246464
1185967718681530369
1185967718685646850
1185967719193165825
1185967719474008064
1185967719549566978
1185967719881072640
1185967719952203776
1185967720199622657
1185967720598298624
1185967720757637129
1185967721424523264
1185967721822900224
1185967722074640386
1185967722162733056
1185967722217164800
1185967722510901249
1185967722519318529
1185967722703794176
1185967722938748930
1185967723186216964
1185967723781775361
1185967724322791431
1185967724348035072
1185967724394102784
1185967724398305281
1185967724482252802
1185967724716908544
1185967725413195776
1185967725551800320
1185967725644079107
1185967725744656385
1185967725757288448
1185967726461886464
1185967726856155136
1185967726940114952
1185967727082643456
1185967727086841858
1185967727556448256
1185967727757987842
1185967727808172032
1185967728076701698
1185967728097550336
1185967728202530822
1185967728668004352
1185967728814907394
1185967728970125312
1185967729343377409
1185967729460666368
1185967729502773249
1185967729746104320
1185967729762799623
1185967729783853066
1185967729800409088
1185967730064793600
1185967730190471168
1185967730740154369
1185967731021090817
1185967731092475904
1185967731436392448
1185967731637534725
1185967731826417672
1185967732044566530
1185967732111491072
1185967732614823938
1185967732644372480
1185967732996661248
1185967733273350144
1185967733537759239
1185967733554286592
1185967733663588353
1185967733868912640
1185967733944528897
1185967734355398656
1185967734380777474
1185967734401712130
1185967734913404928
1185967735018274818
1185967735253143553
1185967735483723776
1185967736687661057
1185967736817672193
1185967736888975360
1185967736889008129
1185967737404702720
1185967737522270208
1185967737610424320
1185967737685905408
1185967738411503616
1185967738570846209
1185967738822549505
1185967738830893057
1185967738851938305
1185967738856054784
1185967738872721408
1185967738923245569
1185967739095134208
1185967739929858048
1185967740068204544
1185967740131119104
1185967740198277122
1185967740604932096
1185967740953063429
1185967741083279361
1185967741116788737
1185967741141803008
1185967741259399171
1185967741619986432
1185967741750120450
1185967741854863366
1185967742006054912
1185967742123462658
1185967742245097482
1185967742270218241
1185967742471589890
1185967742634979329
1185967742651899904
1185967742735794178
1185967742752612354
1185967742836305920
1185967742874259462
1185967743247507457
1185967743717249025
1185967743905992705
1185967744216371201
1185967744426004481
1185967744807620609
1185967745697013765
1185967745810104321
1185967745831227394
1185967745839616003
1185967746472906752
1185967746565267457
1185967746711867392
1185967746854440961
1185967746980315136
1185967747085340672
1185967747341148173
1185967747437662208
1185967747580252163
1185967748335181824
1185967748742029312
1185967748800598016
1185967748918206464
1185967748951740418
1185967749794844672
1185967749861969920
1185967749966680064
1185967750117765122
1185967750331686913
1185967750449115136
1185967750512041984
1185967750562406400
1185967750600019968
1185967750667091968
1185967750872817664
1185967750965010437
1185967750973415431
1185967751183114241
1185967751237722112
1185967751254478848
1185967751854059520
1185967751917166592
1185967752588255232
1185967752944726018
1185967752969969664
1185967753787772931
1185967753980571648
1185967754064646144
1185967754286895106
1185967754391805952
1185967754643419136
1185967754832220160
1185967755100610560
1185967755385692160
1185967755561971713
1185967755842990087
1185967756082110464
1185967756195221505
1185967756312797185
1185967756455247872
1185967757222957056
1185967757600415745
1185967757696913408
1185967757784948736
1185967757822693376
1185967757864718336
1185967757952765953
1185967758254772225
1185967758288179200
1185967758531612673
1185967758560956417
1185967758577688578
1185967758896447494
1185967758992908288
1185967759047512065
1185967759206666241
1185967759324303361
1185967759710195712
1185967760183967744
1185967760192360448
1185967760632897538
1185967760695803904
1185967760767094785
1185967760968503297
1185967761220161537
1185967761383550977
1185967761601597440
1185967761652158464
1185967761706631171
1185967761828253697
1185967761857466368
1185967762222530561
1185967763182931968
1185967763241754625
1185967763430330368
1185967763887677440
1185967764135124994
1185967764806107138
1185967765225721857
1185967765473124359
1185967765934374912
1185967766614020096
1185967766970523650
1185967767008239616
1185967767104573440
1185967767842938881
1185967767935213570
1185967767943569408
1185967767972962310
1185967768044048384
1185967769604542474
1185967769633857538
1185967769856233477
1185967770095239171
1185967770262851584
1185967770414006274
1185967770816647174
1185967770942558209
1185967771047342086
1185967771517095938
1185967771533938689
1185967771584286720
1185967771747618817
1185967771794006016
1185967771802361857
1185967772255379457
1185967772360237061
1185967772767051776
1185967772855078913
1185967773341515778
1185967773366784001
1185967773370978305
1185967773375254529
1185967773442162688
1185967773547151360
1185967773824012294
1185967773865959427
1185967774092447750
1185967774100873216
1185967774302117888
1185967774755151872
1185967775224926209
1185967775346577408
1185967775350697984
1185967775510122496
1185967776034410497
1185967776088895489
1185967776940187649
1185967777045209095
1185967777078796288
1185967777292537856
1185967777359843328
1185967777791787008
1185967778584416256
1185967778735542280
1185967778852982785
1185967778861334530
1185967778865524736
1185967778945290240
1185967779112984583
1185967779544891392
1185967780190924801
1185967780266295297
1185967780388130820
1185967780622995456
1185967780626980865
1185967780660568065
1185967780744577024
1185967780912418821
1185967781008891904
1185967781767974913
1185967782413910016
1185967782455738369
1185967782568976385
1185967782573293570
1185967783227449345
1185967783806406660
1185967783869370369
1185967784460783616
1185967784985018368
1185967785102528518
1185967785182220289
1185967785295437824
1185967785790361600
1185967785798750208
1185967785853239297
1185967785966333952
1185967786121711617
1185967786125922305
1185967786218217473
1185967786608062465
1185967786624991232
1185967786671169537
1185967786801188866
1185967786876686338
1185967787333820417
1185967787371425792
1185967787476279297
1185967787845529602
1185967789108056064
1185967789418385408
1185967790366310400
1185967790500409344
1185967790567624710
1185967790622040064
1185967791024807936
1185967791066664960
1185967791133753344
1185967791175798785
1185967791192412160
1185967792312537088
1185967792438366209
1185967792480083968
1185967792518057991
1185967792874545153
1185967792920715267
1185967793272803328
1185967793318977536
1185967793696624640
1185967793818292226
1185967794183004160
1185967795101675520
1185967795307085824
1185967796439703552
1185967796510846976
1185967796515213312
1185967796947210240
1185967797253230592
1185967797622341632
1185967798088015872
1185967798415167489
1185967798511644672
1185967798994001921
1185967799136673792
1185967799161647105
1185967799476379650
1185967799560232960
1185967800814206976
1185967801456041984
1185967801778835456
1185967802529779712
1185967802890493952
1185967803028951046
1185967803200888833
1185967803385303040
1185967803397898243
1185967803578404866
1185967803766935552
1185967804777930753
1185967805210005504
1185967805411348480
1185967806128377857
1185967806380232707
1185967806568906753
1185967807248453633
1185967807470522370
1185967807567142918
1185967807718219776
1185967807814455296
1185967808036900865
1185967808565383169
1185967808741593088
1185967809379127296
1185967809957752832
1185967810209402886
1185967810465402881
1185967810654150656
1185967811794997250
1185967811954384899
1185967812101185536
1185967812466098177
1185967812600197120
1185967812650520576
1185967812839276544
1185967813044908032
1185967813476749318
1185967813867003904
1185967813896396802
1185967813925703681
1185967813980278786
1185967814106124289
1185967814286467077
1185967814596681728
1185967814848462848
1185967814990893057
1185967815058083840
1185967815120961536
1185967815339233282
1185967815473405956
1185967815829999616
1185967816249204736
1185967816442286083
1185967816723386368
1185967816970780673
1185967817075646469
1185967817448808448
1185967818401112064
1185967818505895936
1185967819210579968
1185967819235741698
1185967819260870656
1185967819550269440
1185967819751600128
1185967820645031936
1185967821379063808
1185967822901567490
1185967822947659776
1185967823081762818
1185967823191007233
1185967823249641475
1185967823421444097
1185967823631323136
1185967823648108546
1185967823970955264
1185967824189251585
1185967824499441664
1185967824646238208
1185967824822505472
1185967824977780736
1185967825166487553
1185967825275539459
1185967826101833730
1185967826177286145
1185967826353311744
1185967826978398208
1185967827397816320
1185967827460722689
1185967827993317378
1185967827993411584
1185967828039548930
1185967828538712064
1185967828790382604
1185967829738065921
1185967830153347073
1185967830895923200
1185967830925225984
1185967830950469632
1185967831432810501
1185967831688474630
1185967831994785797
1185967832183517188
1185967832321941504
1185967832472834050
1185967832523247619
1185967832598630400
1185967832875573248
1185967833181650944
1185967833185996802
1185967833387294721
1185967834112745472
1185967834318307328
1185967834331013120
1185967834578538496
1185967834905694215
1185967835358453761
1185967835358617600
1185967835522179074
1185967835786420225
1185967835786481665
1185967836172177408
1185967836235292675
1185967836746977281
1185967836835045376
1185967836973301760
1185967837384495106
1185967837791293440
1185967837820657664
1185967838403665925
1185967838550343681
1185967839301099520
1185967839364014080
1185967839632592896
1185967839779446785
1185967839963828224
1185967840089690113
1185967840421126144
1185967840572129280
1185967840752521217
1185967840970436608
1185967840974770176
1185967841708859393
1185967841968873473
1185967841994072064
1185967842878992384
1185967843302621184
1185967843327782912
1185967843583627269
1185967843906670598
1185967843982172160
1185967844086804480
1185967844246335489
1185967844384804866
1185967844418174976
1185967844594507778
1185967845575839745
1185967845592555520
1185967845693214720
1185967846049878017
1185967846309978114
1185967846389702656
1185967846624509957
1185967847211700229
1185967847450841099
1185967847794569217
1185967848151273472
1185967848406970368
1185967848415531008
1185967848960774147
1185967849182941184
1185967849254375425
1185967849703170051
1185967849765892096
1185967849816375296
1185967849938079744
1185967849996783616
1185967850055524352
1185967850302967809
1185967850416148480
1185967850726576134
1185967851108274178
1185967851133456385
1185967851460538368
1185967851737354240
1185967851800158208
1185967852249108489
1185967852978876417
1185967853322661894
1185967853696102404
1185967854774116357
1185967855348486144
1185967856384708608
1185967856464355329
1185967856522907648
1185967856631967744
1185967856967737344
1185967857059815425
1185967857504407553
1185967858590867457
1185967858695716864
1185967859496734720
1185967859501096960
1185967859761123328
1185967859882573824
1185967860709052417
1185967860855791616
1185967861069762560
1185967861480742913
1185967861564461058
1185967862189608961
1185967863309524992
1185967863607320577
1185967864077017094
1185967864081272833
1185967864169291777
1185967864177725440
1185967864227999744
1185967865402462209
1185967865410785282
1185967865826025472
1185967865830297601
1185967866169954305
1185967866677485569
1185967866945904645
1185967867164086272
1185967867457462272
1185967868166508545
1185967868703399936
1185967868715786240
1185967868774453249
1185967868934049793
1185967869013700614
1185967869147930625
1185967869378617345
1185967869433188352
1185967869693177856
1185967870271840257
1185967870423031808
1185967870523727873
1185967870850850817
1185967871005990912
1185967871240949761
1185967871563837440
1185967871786176512
1185967871958097920
1185967872054611970
1185967872192987138
1185967873086218240
1185967873291931648
1185967873417609216
1185967873895882753
1185967874021773312
1185967874214547456
1185967874583777280
1185967874692861952
1185967874810306560
1185967874889994241
1185967874931744773
1185967874965303298
1185967875036798977
1185967875863056384
1185967876026449920
1185967876156600320
1185967876697661440
1185967877473652739
1185967877632995330
1185967877914058752
1185967877926477824
1185967878023106561
1185967878371196929
1185967878497026050
1185967878593482754
1185967878819979270
1185967878836764672
1185967878975016960
1185967879575035904
1185967880753446912
1185967880824918016
1185967880921157633
1185967881340805120
1185967881470795778
1185967881537892353
1185967881751646209
1185967881873514496
1185967881915383810
1185967881982332928
1185967882490040321
1185967882511011841
1185967882737537024
1185967882947223554
1185967882976538626
1185967883387658240
1185967884440363008
1185967884671111168
1185967884859854848
1185967885170237441
1185967885484732416
1185967885493125122
1185967885623017472
1185967885740642306
1185967885954490368
1185967886009016320
1185967886013104128
1185967886705147904
1185967886772461568
1185967886789165056
1185967887212781569
1185967887380447233
1185967887506386944
1185967887628021760
1185967888244576257
1185967888487845889
1185967888794116097
1185967888798142464
1185967888877924360
1185967888886312960
1185967888978460672
1185967889574252544
1185967890467409920
1185967890517909505
1185967890580869121
1185967890723459072
1185967890765205504
1185967891012669441
1185967891117756416
1185967891239170048
1185967891302244352
1185967891344232457
1185967891583324161
1185967892652875778
1185967892929634304
1185967893445394432
1185967893491703808
1185967893881806848
1185967894208925698
1185967894468780032
1185967894896742402
1185967895039238144
1185967895123124224
1185967895152648192
1185967895232294912
1185967897065218048
1185967897761505280
1185967897929273346
1185967899183214592
1185967899342712832
1185967899959267330
1185967900147863553
1185967900236173312
1185967901267898371
1185967901443887104
1185967901691375616
1185967901695709185
1185967901758509056
1185967901901295616
1185967902404558849
1185967902773731329
1185967903037952001
1185967903163768832
1185967903755132934
1185967903771971586
1185967903977496576
1185967904212176896
1185967904233328653
1185967905315405826
1185967905646825472
1185967905768460289
1185967906049314816
1185967906120708096
1185967906321879041
1185967906447921153
1185967906775011329
1185967907622273025
1185967907966205955
1185967908444233728
1185967908565987328
1185967908696055808
1185967908838506496
1185967908951875585
1185967909123907585
1185967909270708224
1185967909660590080
1185967910113566720
1185967910239514630
1185967910407290880
1185967910617047040
1185967910919049216
1185967910939967490
1185967911661387777
1185967911720161280
1185967911841619969
1185967912177340417
1185967912454111233
1185967912630263808
1185967912651243520
1185967913301360642
1185967913527906304
1185967913695625217
1185967914081488899
1185967914358362113
1185967914655965184
1185967914660388864
1185967915234971648
1185967915335639043
1185967915423670274
1185967915666956290
1185967915721547777
1185967915742322688
