1185960869550792705
1185960870842646529
1185960870939123716
1185960870939168768
1185960872897679360
1185960873141010432
1185960873380200448
1185960873971638273
1185960874516926465
1185960874722226176
1185960875183792128
1185960875506581505
1185960875661971457
1185960875951349760
1185960876190437376
1185960877230456832
1185960877352214530
1185960877507448832
1185960877536743424
1185960877591273472
1185960878082011136
1185960878518276099
1185960880468398082
1185960880548339712
1185960881068433408
1185960881089404931
1185960881794043904
1185960882259578883
1185960884415451144
1185960884520095745
1185960884952170496
1185960885484969985
1185960886566965248
1185960886667825152
1185960886869073920
1185960886885736448
1185960887108157442
1185960887334719488
1185960887343075331
1185960888668262401
1185960888680869889
1185960889066934274
1185960889167634432
1185960890383908864
1185960890690088960
1185960891201835008
1185960891461918723
1185960891923259392
1185960892128747521
1185960892166483969
1185960892367806464
1185960892992647175
1185960892996960257
1185960893231915008
1185960893454135299
1185960893764571137
1185960893898776581
1185960895156875264
1185960895324835843
1185960896104976384
1185960896314650625
1185960897178673156
1185960897249992704
1185960897535184896
1185960897568751617
1185960897568759812
1185960898097221633
1185960898239664128
1185960899414130688
1185960899804160000
1185960901960183809
1185960902513872901
1185960902563991552
1185960903050612736
1185960903436578816
1185960905152053249
1185960905387008006
1185960905533612032
1185960906771050497
1185960907026776065
1185960907437772800
1185960907492544513
1185960907643461635
1185960907660242944
1185960908398444546
1185960908775919617
1185960910931857408
1185960911154110469
1185960911670038528
1185960914190778369
1185960914463408128
1185960915113521152
1185960915557969920
1185960917525291009
1185960918804512769
1185960918967939072
1185960919576317952
1185960919630614530
1185960919710519299
1185960919836303361
1185960919920250880
1185960920079572992
1185960920163475457
1185960920788406272
1185960920838750209
1185960920968761349
1185960921094443008
1185960922147254272
1185960922390642688
1185960923263066113
1185960923925766144
1185960924185812995
1185960924282347523
1185960924286345216
1185960925041496064
1185960925557379073
1185960926203260929
1185960926266187779
1185960927105036288
1185960927385944066
1185960927637786624
1185960927990038535
1185960929097326597
1185960930229792769
1185960931219640321
1185960931362136064
1185960931404255233
1185960931442024450
1185960931689402368
1185960932784201728
1185960932951941120
1185960933039976451
1185960933132251138
1185960933392297986
1185960933685899264
1185960933799141376
1185960933996351488
1185960934142963712
1185960934528999425
1185960935401426944
1185960935959212033
1185960936441556992
1185960937553059840
1185960937922138114
1185960938366627840
1185960939176243201
1185960940270948354
1185960941533499392
1185960941688676353
1185960941697060869
1185960941730586625
1185960941793546240
1185960942959579136
1185960943265685504
1185960943940825089
1185960945589374976
1185960945757118465
1185960946302423046
1185960946575036418
1185960947057336320
1185960947560484864
1185960948206657537
1185960948697305089
1185960949372674048
1185960949632516097
1185960949695569921
1185960950114992133
1185960950660157440
1185960951402635270
1185960951868264448
1185960952115748867
1185960952254074884
1185960952740450304
1185960952807772162
1185960953722085376
1185960953923297285
1185960954221252610
1185960954409967617
1185960955009781763
1185960955257200640
1185960955810897920
1185960956221775872
1185960957148913665
1185960957962412033
1185960958025449473
1185960958335819778
1185960958600142849
1185960958709108739
1185960959032135681
1185960959111647233
1185960959329931264
1185960959417999362
1185960961133465602
1185960961150242816
1185960961699713025
1185960962161086469
1185960962823733248
1185960966120452096
1185960966539960321
1185960966720315401
1185960967550783489
1185960968121192448
1185960968192442369
1185960969014513665
1185960969031340034
1185960969161326592
1185960969912094727
1185960970125864960
1185960970662887426
1185960970960670721
1185960971082317824
1185960972294459393
1185960972550324224
1185960972869083136
1185960973972099072
1185960974072893440
1185960974123225090
1185960974400086026
1185960974538416128
1185960974874021890
1185960975268302848
1185960975301828614
1185960975591071744
1185960975670710272
1185960976459456513
1185960977403133955
1185960977432563712
1185960978074230784
1185960978669821952
1185960978866954240
1185960978980032514
1185960979483496448
1185960979600941056
1185960979655462913
1185960980544663554
1185960981945556992
1185960983568609291
1185960984063762432
1185960984260861952
1185960984399269890
1185960984617406464
1185960986764828674
1185960986877890560
1185960986957643776
1185960988027359233
1185960988463554563
1185960989365137408
1185960989583388683
1185960990686482434
1185960990879473667
1185960991626059776
1185960991730757632
1185960993186308096
1185960994146619393
1185960994192928768
1185960994373283841
1185960994381664258
1185960995556073475
1185960996097183744
1185960997464485888
1185960997556641792
1185960997841825797
1185960998739398656
1185960999003873280
1185960999582666752
1185961000006123520
1185961000044056576
1185961000316686338
1185961000446636038
1185961000710934528
1185961001042223105
1185961001105145856
1185961001860128768
1185961002824818688
1185961003152003074
1185961003349135360
1185961003697106944
1185961003911204865
1185961004309581829
1185961005165301760
1185961005500764160
1185961005748248578
1185961006859739138
1185961007207911429
1185961008915013632
1185961008956882944
1185961009422442499
1185961011641311240
1185961012169711616
1185961014237585409
1185961014765985794
1185961015005077506
1185961015776821251
1185961016334663680
1185961016347131910
1185961017228050435
1185961017886556161
1185961018146672640
1185961018851315722
1185961019341971458
1185961019417530368
1185961019434307584
1185961019761463298
1185961019941613568
1185961020659060741
1185961020734476292
1185961021816610819
1185961022835834880
1185961022995259392
1185961024014503948
1185961024962383872
1185961025641668608
1185961026249994242
1185961026405175296
1185961026564567040
1185961027109830657
1185961028007448581
1185961028057612289
1185961028867313665
1185961029219618817
1185961030507270144
1185961031513858055
1185961031769710594
1185961031958433793
1185961032021368832
1185961032608604161
1185961033786986501
1185961033921204224
1185961034407792641
1185961035611758592
1185961036136013825
1185961036198957056
1185961037188612097
1185961037201317889
1185961037218177024
1185961037742428161
1185961038233161735
1185961040137211904
1185961040997171201
1185961041014022145
1185961044663029760
1185961044805476352
1185961044918898688
1185961045103382528
1185961045866811392
1185961046240059392
1185961046986506241
1185961046999220225
1185961047087140865
1185961047187972102
1185961048148299776
1185961048295108610
1185961048819589120
1185961048962150402
1185961049272573952
1185961049398415361
1185961049436180480
1185961049444507649
1185961049742290944
1185961050895802368
1185961050962907136
1185961051155771395
1185961051537448960
1185961051617136643
1185961051680071682
1185961052225363968
1185961052330176514
1185961053399765000
1185961053944975365
1185961054515486721
1185961054947467266
1185961056994127872
1185961058508460042
1185961058579562497
1185961059334541312
1185961060186181632
1185961060551008256
1185961061373095938
1185961061423505409
1185961062039990277
1185961063331827712
1185961064485273600
1185961064644694020
1185961064648843269
1185961064967618561
1185961065273839618
1185961066741846016
1185961066922233857
1185961067324887041
1185961068662853633
1185961069107449856
1185961070411878401
1185961071288508416
1185961072412516352
1185961072446070785
1185961072798384128
1185961072928481282
1185961073180106752
1185961073683374080
1185961073737904129
1185961073817595905
1185961074279047168
1185961074333495297
1185961074706661376
1185961074778136579
1185961074971029505
1185961076200005634
1185961076275499008
1185961076455804930
1185961076925575169
1185961077043027969
1185961077797986305
1185961078020165633
1185961078309699585
1185961078393626624
1185961079215661057
1185961079345680385
1185961079446343682
1185961080394268672
1185961080679489536
1185961080989933568
1185961081337864192
1185961081556078592
1185961082193465345
1185961082654879746
1185961083158315009
1185961083410046977
1185961083565232133
1185961085507162112
1185961087080058881
1185961087117586432
1185961087931424770
1185961088531218435
1185961089202302976
1185961089223274497
1185961089294581763
1185961089705623552
1185961089982517249
1185961090779439106
1185961091840512002
1185961092272545794
1185961092415180803
1185961092507459591
1185961094868848641
1185961095053398016
1185961095267311617
1185961095380553728
1185961096030621703
1185961098941386752
1185961099272904704
1185961099641917440
1185961099880996864
1185961100224843776
1185961100724060162
1185961101059678208
1185961101743144961
1185961102309560320
1185961102875607040
1185961103102271491
1185961103492354049
1185961103991410688
1185961104360574978
1185961104624758784
1185961104666714112
1185961104758886401
1185961104968691712
1185961105425866758
1185961105774075910
1185961107015553025
1185961107418157056
1185961109431316480
1185961109943209992
1185961110953967616
1185961111016919040
1185961111075639297
1185961111084060672
1185961111109210112
1185961111193042946
1185961111201484801
1185961112359112704
1185961112799502337
1185961113860493313
1185961114246565888
1185961115588714496
1185961116406558720
1185961116893175812
1185961117270577152
1185961117337575424
1185961118835073024
1185961119292313604
1185961119355195393
1185961119938174978
1185961120336613376
1185961120609292293
1185961121229856768
1185961121443962880
1185961122668732416
1185961124123987970
1185961124576940033
1185961125231419393
1185961125344694274
1185961125772435456
1185961125843820546
1185961125978005508
1185961126418235392
1185961127101919232
1185961131442987008
1185961131963060224
1185961131992502273
1185961132877668358
1185961133812912130
1185961134010093576
1185961134085541889
1185961134647578625
1185961135813681152
1185961136061067265
1185961136195289088
1185961136258195459
1185961136576962560
1185961137252261888
1185961137852092421
1185961138409951233
1185961138648956928
1185961139064070144
1185961139269767169
1185961140121153536
1185961141069123584
1185961141077528576
1185961142360915969
1185961144466456576
1185961145070489602
1185961145309499392
1185961147310247936
1185961147494739968
1185961148480458752
1185961148643860480
1185961148820217856
1185961152821563392
1185961153022906368
1185961153207209985
1185961153245134850
1185961153538736130
1185961153706577921
1185961153928880128
1185961155321352197
1185961155770093569
1185961156059582470
1185961156357300224
1185961156457959426
1185961156818722817
1185961157464596485
1185961157791629312
1185961159146516482
1185961159205228545
1185961161465978880
1185961162044665856
1185961163676422145
1185961163844141063
1185961164695638027
1185961165438029825
1185961168340488192
1185961169384812545
1185961169682653191
1185961169854574593
1185961170345353218
1185961170945150976
1185961171809124352
1185961172002103296
1185961172081750017
1185961172769607681
1185961173356646403
1185961173692436480
1185961173746933760
1185961174220890113
1185961174917173248
1185961177106415616
1185961177978982400
1185961178138206209
1185961178595495938
1185961178691817478
1185961178733764608
1185961178876596224
1185961178968788992
1185961179245699073
1185961182596874240
1185961183595106306
1185961184907943937
1185961185717506050
1185961186250113025
1185961186518622209
1185961187936223232
1185961188229832704
1185961188284342278
1185961189169172485
1185961189437665280
1185961189953724416
1185961190293291009
1185961190931025920
1185961191149060096
1185961191350374400
1185961192189300736
1185961192944259074
1185961194206695424
1185961194705866754
1185961196983181312
1185961197084053504
1185961197918507008
1185961197990039554
1185961198753402880
1185961199541936129
1185961200280113158
1185961201068597248
1185961201114726401
1185961201370570752
1185961201387225088
1185961203354492930
1185961203652333570
1185961204055003136
1185961204126085121
1185961204570673153
1185961204935622656
1185961205992689664
1185961206345060353
1185961206382813191
1185961208735846405
1185961208752627719
1185961208949723136
1185961209780006912
1185961211558367233
1185961211571195905
1185961211747164160
1185961212212862976
1185961212225445888
1185961213961953280
1185961215316709376
1185961216910344193
1185961217212461057
1185961217321508864
1185961217405394945
1185961218282053632
1185961218382557184
1185961218756022272
1185961219448037377
1185961219557068801
1185961219620069378
1185961219687157761
1185961222166011906
1185961223478755328
1185961223579258880
1185961223797522433
1185961224736919552
1185961225030524928
1185961226192510980
1185961226372898818
1185961228021178368
1185961229388521475
1185961229421965312
1185961229438898176
1185961230361681921
1185961230554599434
1185961230982270976
1185961231267614721
1185961231305379841
1185961231619805184
1185961231686893568
1185961231812890626
1185961232492310534
1185961233058619393
1185961234442706944
1185961236866973696
1185961236908785664
1185961237487579136
1185961237667962880
1185961238326665219
1185961239945629696
1185961242047012864
1185961242118234115
1185961242223153152
1185961242961289217
1185961243271581697
1185961244253196288
1185961245649920005
1185961245729546240
1185961245834432512
1185961245901492225
1185961246690107394
1185961246736162821
1185961247017242624
1185961247919001603
1185961248233607171
1185961248640372736
1185961250120974336
1185961250456588290
1185961250855018499
1185961250913693696
1185961251295453184
1185961252197003264
1185961252771782662
1185961252834574336
1185961253002514434
1185961253090594816
1185961253749039104
1185961254281601025
1185961254759911424
1185961255024111616
1185961255632326657
1185961255867170816
1185961257867841537
1185961258022920199
1185961258698395649
1185961259465760768
1185961259650428933
1185961259998433286
1185961261252710401
1185961261416235009
1185961261600858112
1185961263668461568
1185961264662634502
1185961265329561600
1185961265690107904
1185961266260729856
1185961266441003014
1185961267355361287
1185961268454277121
1185961268743675905
1185961269066633216
1185961269544869891
1185961270798934017
1185961270865846272
1185961271444807684
1185961272040398849
1185961272728281089
1185961273768460293
1185961275802689536
1185961278105411585
1185961278189293568
1185961278860414977
1185961278868611072
1185961279321788416
1185961279644524545
1185961279850270722
1185961281217540096
1185961281527910400
1185961283297992704
1185961283436322823
1185961283885113347
1185961284472315904
1185961284522692608
1185961284744945664
1185961285105651712
1185961286284251136
1185961288280743938
1185961288398188547
1185961288448520192
1185961288997851136
1185961290134675458
1185961290692345856
1185961292864950272
1185961292932304898
1185961293796331521
1185961295377399808
1185961295603912704
1185961296434360320
1185961296577126400
1185961297994756098
1185961298405871616
1185961299693527045
1185961300008034304
1185961300599431169
1185961301341810690
1185961301547331585
1185961303032156161
1185961303577370625
1185961303900409856
1185961304772825088
1185961306010128384
1185961306446123009
1185961306618318848
1185961307016761344
1185961307117363200
1185961307272597505
1185961308304351232
1185961308707012608
1185961309076099072
1185961309315055616
1185961309470253058
1185961309478817793
1185961309533114368
1185961309579464706
1185961310254764038
1185961310846095360
1185961311282384897
1185961311508680705
1185961312150609921
1185961312246996993
1185961312624361472
1185961312649732096
1185961313480130560
1185961313715048448
1185961314356727809
1185961315010957312
1185961315086557188
1185961315573157894
1185961316109950976
1185961316776861697
1185961318081277959
1185961319020847104
1185961320685936641
1185961321298186240
1185961321541455872
1185961322623721472
1185961322695086082
1185961322988609537
1185961323177201665
1185961323798114304
1185961324465000448
1185961324657958913
1185961326931259392
1185961327384301568
1185961328252342283
1185961328403312640
1185961329045262338
1185961329137504256
1185961329191833600
1185961331159113729
1185961333235290113
1185961334749499393
1185961334954967040
1185961335462518784
1185961335869399041
1185961336649474048
1185961336850661376
1185961337425412101
1185961338201366528
1185961339212034048
1185961339212222467
1185961339325485056
1185961340030074881
1185961340323676163
1185961341217116166
1185961341334503425
1185961341397405700
1185961341837643777
1185961342336929793
1185961343117119488
1185961343289118722
1185961343331045377
1185961344874504192
1185961345042259970
1185961345121968128
1185961345520492546
1185961346074062848
1185961346149564416
1185961346585772034
1185961347122634752
1185961347407847424
1185961347613450240
1185961347667742720
1185961348120956928
1185961348854882308
1185961348934569984
1185961349324689408
1185961349370798080
1185961349882376192
1185961350192865280
1185961351442849798
1185961351891619840
1185961352285884417
1185961352357171201
1185961352470433794
1185961352902467585
1185961353128882176
1185961353237925888
1185961353305047045
1185961354856935427
1185961355045736448
1185961355536453632
1185961355628535809
1185961356090134531
1185961356874276864
1185961357130326018
1185961357742612486
1185961357994332161
1185961358392619008
1185961358656884736
1185961358950588417
1185961359013568513
1185961359051251712
1185961361148469248
1185961361286877185
1185961361454587904
1185961362381516801
1185961363065200640
1185961363191091200
1185961363836997632
1185961364780736512
1185961365523054593
1185961365963456513
1185961365980229634
1185961366353514498
1185961367909650432
1185961368199061505
1185961368371027968
1185961369385996288
1185961369444802560
1185961369864232960
1185961370673668096
1185961371160076288
1185961371344756737
1185961372351422465
