1185955836381859840
1185955836511735809
1185955836893507584
1185955837061292034
1185955837572997120
1185955837665255428
1185955837770117120
1185955838751584256
1185955838797799424
1185955838814502913
1185955838881611776
1185955839322001408
1185955839582101504
1185955839959588865
1185955840223784961
1185955840395808768
1185955840647454723
1185955841268244481
1185955841301762048
1185955841620488193
1185955841926520833
1185955842396430336
1185955842425835520
1185955842509561862
1185955842517954560
1185955842782322688
1185955842853498880
1185955842920763392
1185955843021389825
1185955843189149696
1185955843344424960
1185955843344424962
1185955843432419328
1185955844044677120
1185955844212477952
1185955844212645888
1185955844220997633
1185955844309037058
1185955844724121600
1185955844736901121
1185955844942372864
1185955844946563075
1185955845357690880
1185955845395406849
1185955845508517888
1185955845814796288
1185955846305370114
1185955846599200768
1185955846666280961
1185955846922162181
1185955847165431809
1185955847312203776
1185955847479988226
1185955847710695425
1185955848146817026
1185955848641748992
1185955848893485058
1185955849086361602
1185955849254162432
1185955849258311680
1185955849291882496
1185955849430159360
1185955849887457280
1185955850285809664
1185955850801815552
1185955850839572480
1185955851087028228
1185955852374528000
1185955852575899649
1185955852890578944
1185955853104549888
1185955853406482436
1185955853465247744
1185955853607854082
1185955853633015814
1185955853637226508
1185955853754667008
1185955854220222465
1185955854287282176
1185955854341885952
1185955854492807170
1185955854631292928
1185955854652248064
1185955854752927746
1185955855021285376
1185955855193313281
1185955855386251264
1185955855503634432
1185955855935647744
1185955856204095488
1185955856359100419
1185955856707440642
1185955857034629120
1185955857055518720
1185955857533689857
1185955857961537536
1185955858007633920
1185955858016026625
1185955858225741826
1185955858284453889
1185955858737442821
1185955858771009536
1185955859131752448
1185955859416924165
1185955859605553152
1185955859622322176
1185955859702210560
1185955860134191104
1185955860218032128
1185955860251586563
1185955860482351104
1185955860658511875
1185955860700454913
1185955860733972482
1185955860750700544
1185955860855570433
1185955860901781504
1185955861241499650
1185955861384048640
1185955861488898057
1185955861602230274
1185955861652480001
1185955861866438663
1185955861870579712
1185955862088749056
1185955862264856576
1185955862273318914
1185955862348627968
1185955862390726656
1185955862604648449
1185955862637973505
1185955862944157697
1185955862973763584
1185955863560949760
1185955863657435138
1185955864018071553
1185955864680771584
1185955865167310848
1185955865213489152
1185955865402269702
1185955865439936512
1185955865465110528
1185955865741930496
1185955865754513408
1185955865800503297
1185955865804922880
1185955865813274624
1185955865981083648
1185955866031337472
1185955866098458625
1185955866627006464
1185955866694033408
1185955866698276864
1185955867084017666
1185955867302060033
1185955867826544640
1185955867952386048
1185955867998375936
1185955868451450881
1185955868912816128
1185955869768474624
1185955869789507584
1185955869877514241
1185955869973995522
1185955870557032448
1185955870607319042
1185955870854860800
1185955870926000128
1185955871244931074
1185955871261712385
1185955871378927617
1185955871446175745
1185955871463038976
1185955871634808832
1185955871752380417
1185955871886589952
1185955871924178944
1185955872012324865
1185955872104701959
1185955872410755072
1185955872620433408
1185955872670924802
1185955872838692864
1185955873052659713
1185955873237209094
1185955873404813312
1185955873509838850
1185955873719508994
1185955873983565824
1185955874155708417
1185955874172538880
1185955874285600768
1185955874289917952
1185955874663272448
1185955875044896769
1185955875313377282
1185955875384631298
1185955875456012288
1185955875606929409
1185955875627753472
1185955875795587072
1185955875921518592
1185955876038942720
1185955876403863552
1185955876479340546
1185955876550651906
1185955876663746563
1185955876844257285
1185955876982710273
1185955877171449856
1185955877259493376
1185955877376925696
1185955877809020929
1185955878014459905
1185955878274551808
1185955879901941761
1185955880237518849
1185955880317140993
1185955880388435980
1185955880619016192
1185955880661073921
1185955880837308418
1185955881080541184
1185955881529143296
1185955881533558784
1185955881558663169
1185955881663393792
1185955881676087297
1185955881877463040
1185955882191900672
1185955882288304128
1185955882388996101
1185955882414161920
1185955882598748161
1185955882829524992
1185955882934460419
1185955882938486784
1185955883060064256
1185955883114749952
1185955883219668994
1185955883274166273
1185955883328704512
1185955883366387713
1185955883475333120
1185955884180082690
1185955884272365569
1185955884343681024
1185955884494491648
1185955884666458118
1185955884838600704
1185955884947648515
1185955885018955776
1185955885052518400
1185955885144657921
1185955885203501057
1185955885358735360
1185955885501145088
1185955885501337601
1185955885899755520
1185955886151262208
1185955886197563397
1185955886268739588
1185955886440833024
1185955886491197440
1185955886784757761
1185955886809767937
1185955886839279616
1185955886948388865
1185955887246008321
1185955887594135552
1185955887661359104
1185955887791443969
1185955888059895809
1185955888114405377
1185955888168951808
1185955888789622790
1185955889154539520
1185955889259438080
1185955889360097280
1185955889695645696
1185955889737543680
1185955889737584643
1185955890140241920
1185955890144382976
1185955890161246208
1185955890526085122
1185955890530140160
1185955890735833088
1185955890823868417
1185955890983292929
1185955891016847363
1185955891109072896
1185955892493213696
1185955892589662209
1185955892682022912
1185955892698763266
1185955893025935360
1185955893076213763
1185955893214666763
1185955893264805889
1185955893462077441
1185955893474713602
1185955893533462530
1185955893566984199
1185955893852168192
1185955894175158277
1185955894233833474
1185955894284042240
1185955894389018625
1185955894686863360
1185955894833627136
1185955894841884672
1185955895240527872
1185955895752179713
1185955896230338560
1185955896486223873
1185955896746110977
1185955896762892288
1185955896821796866
1185955896880443393
1185955896993746944
1185955897052299265
1185955897467498497
1185955897610326016
1185955897782222849
1185955898000363521
1185955898075815946
1185955898092593152
1185955898214305793
1185955898612686850
1185955898818121728
1185955898843377665
1185955898923061248
1185955899153584128
1185955899153797121
1185955899170578435
1185955899254308864
1185955899430576129
1185955899875254277
1185955900277841922
1185955900353339403
1185955900877606914
1185955900890189824
1185955900990906368
1185955901334867969
1185955901380988928
1185955901510959104
1185955901578121216
1185955901607301121
1185955901607464960
1185955901900914688
1185955901951361026
1185955902022545408
1185955902152687622
1185955902471491584
1185955902597283842
1185955902614069248
1185955903041880065
1185955903125766144
1185955903209652224
1185955903352332288
1185955903356493826
1185955903809474561
1185955903876538368
1185955903905914881
1185955904233132033
1185955904249708544
1185955904438460416
1185955904753033216
1185955905139040256
1185955905210183681
1185955905562664960
1185955905722028032
1185955905789218816
1185955905822711809
1185955906103730176
1185955906145718272
1185955906275741697
1185955906388934657
1185955906485395456
1185955906615414785
1185955906841915394
1185955906951041024
1185955906992738304
1185955906997014528
1185955907160694785
1185955907202666501
1185955907303333889
1185955907382980608
1185955907601125377
1185955907991212032
1185955908129579014
1185955908217647105
1185955908444217345
1185955908481966080
1185955908515438592
1185955908574044160
1185955908716597248
1185955908926328832
1185955909299630080
1185955909320753152
1185955909413036034
1185955909450768384
1185955909664686080
1185955909840719872
1185955909853421575
1185955910444818435
1185955910465835008
1185955910734221313
1185955910759395328
1185955910780440578
1185955910818172929
1185955910885216256
1185955910910386176
1185955910981734400
1185955911229009920
1185955911438913537
1185955911719768064
1185955912109805574
1185955912328122368
1185955912420352001
1185955912600686592
1185955912793542656
1185955912860745729
1185955912894287874
1185955913171120128
1185955913498267648
1185955913552797699
1185955913670234114
1185955913749946368
1185955913905180672
1185955914043424768
1185955914681147398
1185955914832076800
1185955915024846848
1185955915159130112
1185955915196973056
1185955915356237824
1185955915515740161
1185955915624861697
1185955915645640704
1185955915964604416
1185955915977150467
1185955916019044352
1185955916119543808
1185955916337704960
1185955916564189185
1185955916585361413
1185955916685987845
1185955916723752969
1185955916929212416
1185955917021569026
1185955917034151938
1185955917193310208
1185955917415755777
1185955917692657664
1185955918053335046
1185955918103666688
1185955918116282369
1185955918342688769
1185955918363713536
1185955918548275200
1185955918632116224
1185955918879457281
1185955919072579585
1185955919227740164
1185955919508705281
1185955919621959683
1185955919634620417
1185955919789805569
1185955919852638208
1185955920121073666
1185955920200765446
1185955920318099456
1185955920515358720
1185955920649412608
1185955921048014848
1185955921152925696
1185955921312174080
1185955921849126912
1185955921983262721
1185955922146934786
1185955922276999169
1185955922432217091
1185955922436382721
1185955922553782272
1185955923082252288
1185955923212357632
1185955923472408576
1185955923652743176
1185955923682103302
1185955923786895361
1185955923975704576
1185955924445409280
1185955924554465280
1185955924722229253
1185955924755845120
1185955925422678018
1185955925556973569
1185955925624008704
1185955925770866688
1185955925779271680
1185955925795975168
1185955925892448256
1185955926005735424
1185955926076903424
1185955926102171648
1185955926479519745
1185955926488092673
1185955926492241923
1185955926790098945
1185955926983020551
1185955927247114240
1185955927322775552
1185955927343718400
1185955927373033474
1185955927444221952
1185955927524069376
1185955927750565891
1185955927909904391
1185955927943471104
1185955927956082690
1185955928304160768
1185955928534933504
1185955928639705094
1185955928715288577
1185955928727834627
1185955928832663552
1185955928866246656
1185955929113673728
1185955929432477697
1185955929444909056
1185955929747054593
1185955930011291648
1185955930053271552
1185955930069823488
1185955930254598144
1185955930531340293
1185955930652983296
1185955930829017089
1185955930933993472
1185955930959175680
1185955931370082304
1185955931810598912
1185955932091498496
1185955932125253632
1185955932360118272
1185955932448198657
1185955932532084743
1185955932729151488
1185955932846641152
1185955932993400832
1185955933190422529
1185955933295435783
1185955933320634370
1185955933714812928
1185955933756776448
1185955934104936448
1185955934251696129
1185955934494851072
1185955934675308544
1185955935036039169
1185955935098822656
1185955935644213250
1185955935690395650
1185955935707127808
1185955936034148354
1185955936151711744
1185955936508268546
1185955936659218435
1185955936692850692
1185955937187778564
1185955937338691585
1185955937837867009
1185955938060124160
1185955938227769345
1185955938517184513
1185955938814939136
1185955939171684352
1185955939364544512
1185955939385532416
1185955939855278080
1185955940002123776
1185955940174041089
1185955940325085184
1185955940413181954
1185955940501278720
1185955940618637313
1185955941172334594
1185955941574828033
1185955941683826689
1185955941746909184
1185955941772083201
1185955941876977670
1185955941969268737
1185955942707453953
1185955943114334213
1185955943143464961
1185955943244357638
1185955943454040065
1185955943504330753
1185955943617572865
1185955943730892800
1185955943873425411
1185955943923757057
1185955944192249858
1185955944250916864
1185955944263569411
1185955944666189825
1185955944791822337
1185955944838119425
1185955944875909120
1185955945081376768
1185955945207209984
1185955945454723074
1185955945521844224
1185955946058702848
1185955946306121731
1185955946570366981
1185955947010617344
1185955947115634688
1185955947123859456
1185955947149217793
1185955947245555712
1185955947329605632
1185955947761602564
1185955947765813249
1185955947799285762
1185955947816067072
1185955947845427201
1185955947853893634
1185955947954479105
1185955948013080576
1185955948218716160
1185955948222959617
1185955948277456896
1185955948290101249
1185955949061771264
1185955949120573440
1185955949237932037
1185955949321736192
1185955949330255872
1185955949376344064
1185955949477027841
1185955949489602560
1185955949800022016
1185955949854543875
1185955949938388992
1185955949946781698
1185955950005493760
1185955950043250688
1185955950357671936
1185955950672244742
1185955950705946624
1185955950815076358
1185955950819192832
1185955950886305792
1185955951003738116
1185955951389622272
1185955951398064130
1185955951603404801
1185955951603568640
1185955951926534146
1185955952006180865
1185955952085884930
1185955952090112002
1185955952287272961
1185955952345964544
1185955952413069312
1185955952798752768
1185955952996077569
1185955953046425600
1185955953318842368
1185955953344040960
1185955953495236608
1185955953549676545
1185955953608482818
1185955953625223169
1185955953692368896
1185955953944006658
1185955953969172480
1185955953990127617
1185955954237562886
1185955954338258949
1185955954514452480
1185955954770219011
1185955954774433793
1185955954887712768
1185955954900262912
1185955955089068033
1185955955311144961
1185955955642687489
1185955955923656705
1185955955990847489
1185955956342964226
1185955956389306368
1185955956410048517
1185955956536041473
1185955956552884230
1185955956729024518
1185955956745789441
1185955957110497280
1185955957190168577
1185955957198741504
1185955957265829888
1185955957446266880
1185955957551046656
1185955957567819776
1185955957685096449
1185955957806792704
1185955958050050049
1185955958310232076
1185955958314262528
1185955958381371392
1185955958574501889
1185955958633185285
1185955958796836864
1185955959161675778
1185955959291727872
1185955959576956929
1185955960801677312
1185955961044733952
1185955961057398784
1185955961279799296
1185955961313415168
1185955961355276290
1185955961703256066
1185955961745399809
1185955961804075009
1185955961808314368
1185955961950879745
1185955962026262528
1185955962106105858
1185955962210963456
1185955962290606085
1185955962588286976
1185955962680762368
1185955962739478528
1185955962756259840
1185955962772955136
1185955963116883968
1185955963439763456
1185955963523743744
1185955963532009474
1185955963540389888
1185955963691507713
1185955963750244352
1185955963750244353
1185955963829968901
1185955964173856768
1185955964211486720
1185955964299681793
1185955964350091271
1185955964396150784
1185955964500840449
1185955964723322882
1185955965092409344
1185955965130199041
1185955965281153024
1185955965402664960
1185955965721403392
1185955965767766016
1185955965830680576
1185955965968871427
1185955966585622528
1185955966660956160
1185955966686302208
1185955966866640896
1185955967181021184
1185955967516758016
1185955967856513029
1185955968296931328
1185955969001541634
1185955969022513152
1185955969169285121
1185955969399959555
1185955969576194048
1185955970167562240
1185955970192756738
1185955970377289728
1185955970524073988
1185955970817638405
1185955971098664960
1185955971312558084
1185955971320795136
1185955971392245760
1185955971476017152
1185955971593621504
1185955971597664262
1185955971635535874
1185955971694092288
1185955972134686721
1185955972583493633
1185955972600102912
1185955972663128064
1185955973036478464
1185955973128548352
1185955974089080832
1185955974177120257
1185955974215077888
1185955974282129409
1185955974462480386
1185955974583996416
1185955974663684102
1185955974793908225
1185955974810624001
1185955974848360454
1185955974936514561
1185955975003545602
1185955975020384257
1185955975028592640
1185955975154618369
1185955975238504449
1185955975280447488
1185955975410282497
1185955975414591490
1185955975489970176
1185955975569772545
1185955976152784896
1185955976253530112
1185955976358187009
1185955976400142336
1185955976668532737
1185955976840540165
1185955977218183168
1185955977293467648
1185955977398542336
1185955977432043520
1185955977687793664
1185955977813614592
1185955978107346946
1185955978186907648
1185955978564558849
1185955978610663424
1185955978769911808
1185955979348738048
1185955979499732992
1185955979634139136
1185955979734781952
1185955979868987392
1185955980003045377
1185955980133179394
1185955980254863362
1185955980321968128
1185955980615532545
1185955980674289667
1185955980778991616
1185955980846096385
1185955980980510726
1185955981366312960
1185955981609463811
1185955981718634496
1185955981915754496
1185955981936615427
1185955982007910401
1185955982041649152
1185955982175662080
1185955982200848384
1185955982221942789
1185955982377132034
1185955982389710848
1185955982402347009
1185955982830166016
1185955983102640128
1185955983325040640
1185955983467700229
1185955983517839361
1185955983530418176
1185955983736147968
1185955984071544832
1185955984155578368
1185955984159727617
1185955984226701312
1185955984235057152
1185955984277008384
1185955984365228034
1185955984914694145
1185955985195593728
1185955985204109313
1185955985438982151
1185955985749368833
1185955985845870593
1185955986223190016
1185955986504208384
1185955987120898049
1185955987209015299
1185955987292934144
1185955987468931074
1185955987607445504
1185955987779227649
1185955987888496640
1185955988102361088
1185955988173676544
1185955988228231169
1185955988240764992
1185955988395958272
1185955988593152001
1185955988597178368
1185955988773462017
1185955988903362560
1185955989452918784
1185955989847195648
1185955989863878656
1185955989901598721
1185955989981405187
1185955990371307522
1185955990426083328
1185955990488977408
1185955991445295108
1185955991562657793
1185955991633977345
1185955991810015233
1185955991910866944
1185955991915028480
1185955992003063808
1185955992137359363
1185955992347041792
1185955992451846145
1185955992535736322
1185955992946778113
1185955993202507776
1185955993542385665
1185955993869524994
1185955993911476224
1185955993949233152
1185955994221924355
1185955994301370368
1185955994414665728
1185955994460925958
1185955994502860800
1185955994674880514
1185955994813292546
1185955995371089922
1185955995475992577
1185955995849240576
1185955995866013696
1185955996512014336
1185955996620984320
1185955996721655811
1185955996918632448
1185955997115772928
1185955997157748736
1185955997191262209
1185955997371764736
1185955997422116866
1185955997552119808
1185955997573156864
1185955997745061891
1185955997778632705
1185955997858390022
1185955997896105989
1185955997896105990
1185955997921222658
1185955998160187399
1185955998172942337
1185955998344732672
1185955998554447873
1185955998617485313
1185955998646915073
1185955998772682752
1185955998852235264
1185955998852358145
1185955999015981056
1185955999036911616
1185955999217311756
1185955999330525184
1185955999842258944
1185956000257495042
1185956000748261379
1185956001243172864
1185956001406603266
1185956001469599746
1185956002040033280
1185956002203521024
1185956002329481216
1185956002832601095
1185956002874744838
1185956003310985216
1185956003319353349
1185956003461791744
1185956003579355136
1185956003587616768
1185956003872956424
1185956004095119360
1185956004233732096
1185956004263006213
1185956004330000385
1185956004338585602
1185956004795518976
1185956004862799872
1185956005059813376
1185956005345148928
1185956005630357505
1185956005663907840
1185956005936537605
1185956006104371200
1185956006322458624
1185956006477459457
1185956006674735105
1185956006922215424
1185956006980915206
1185956007069077509
1185956007165382657
1185956007190630401
1185956007270404099
1185956007702384641
1185956008029577218
1185956008050483201
1185956008474169344
1185956008767692800
1185956009073876994
1185956009271058437
1185956009514283009
1185956009866604544
1185956010067804160
1185956010080526336
1185956010109915136
1185956010181251077
1185956010462273536
1185956011024244736
1185956011108175874
1185956011439296515
1185956011452047360
1185956011905032192
1185956012056072195
1185956012068671493
1185956012420939777
1185956012458688512
1185956012466954240
1185956012630728705
1185956012785917953
1185956012802621440
1185956012928438272
1185956013003984896
1185956013322784769
1185956014081957891
1185956014102908928
1185956014232879104
1185956014870482944
1185956015323435008
1185956015394549760
1185956015570853888
1185956015700885505
1185956015864504327
1185956015952543745
1185956015960940544
1185956017298989056
1185956017395380225
1185956017408020480
1185956017558802432
1185956017722609666
1185956017844215810
1185956018070667267
1185956018267852801
1185956018460733440
1185956018703855616
1185956019014270978
1185956019039399936
1185956019068964866
1185956019224154119
1185956019261886465
1185956019354165250
1185956019698053120
1185956019912019968
1185956019979075585
1185956020188667904
1185956020243308544
1185956020297748480
1185956020583043073
1185956020792594432
1185956020931174400
1185956021002309632
1185956021107187713
1185956021291737089
1185956021467930624
1185956021581299712
1185956021631639552
1185956021749059585
1185956021841383427
1185956022088810499
1185956022147600384
1185956022193668107
1185956022357282817
1185956022361448450
1185956022982184965
1185956023137255424
1185956023443644416
1185956023820881921
1185956024819142657
1185956025003675648
1185956025180053505
1185956025280712706
1185956025310031872
1185956025628790787
1185956025704206337
1185956025763008517
1185956025863720960
1185956025968541696
1185956025985388544
1185956026245439488
1185956026429915137
1185956026543153152
1185956026555744257
1185956026597675010
1185956026849382400
1185956026912313344
1185956027478528001
1185956027491143680
1185956027595972608
1185956027675611136
1185956028124409856
1185956028157960192
1185956028279644161
1185956028367671298
1185956028892008448
1185956029038768130
1185956029076561920
1185956029147860994
1185956029395283968
1185956029412106240
1185956029672112130
1185956029684580352
1185956029789540353
1185956029902807042
1185956030011887616
1185956030540181504
1185956030712307713
1185956031207067650
1185956031261790209
1185956031299325953
1185956031400202240
1185956031584788481
1185956032113250305
1185956032390090755
1185956032456998912
1185956032486330368
1185956032666845184
1185956032859660288
1185956032880824320
1185956032897527808
1185956033031819265
1185956033350504448
1185956033602215936
1185956033648304128
1185956033694326784
1185956033698697227
1185956034025840640
1185956034311065600
1185956034411667457
1185956034440912899
1185956034508218368
1185956034952581120
1185956034998931456
1185956035036667905
1185956035271381000
1185956035585921024
1185956035623829504
1185956035640606721
1185956035678429184
1185956035875495936
1185956036181708800
1185956036190048258
1185956036361908224
1185956036697645058
1185956037238644736
1185956037314174976
1185956037402288129
1185956037435842560
1185956037494497280
1185956037720969216
1185956037897195522
1185956037943320576
1185956037989425160
1185956038073339909
1185956038220091392
1185956038337429505
1185956038354358275
1185956038387744768
1185956038790520833
1185956038949953537
1185956039168069633
1185956039251943425
1185956039604097024
1185956039738482689
1185956039776231425
1185956039876730880
1185956040141168641
1185956040208048130
1185956040283578369
1185956040388632576
1185956040585760769
1185956040636022784
1185956040732397568
1185956040820420608
1185956040967442432
1185956041382596609
1185956041529483264
1185956041621692422
1185956041780912128
1185956041953087488
1185956042061991937
1185956042087092225
1185956042108231680
1185956042284425219
1185956042317938694
1185956042397622273
1185956043005800451
1185956043043434496
1185956043416899585
1185956043437805569
1185956043580248064
1185956044045987846
1185956044205363203
1185956044218032133
1185956044356366337
1185956044360441856
1185956044435902465
1185956044482236423
1185956044876288000
1185956044918394882
1185956045094604801
1185956045161521152
1185956045543399426
1185956045644009473
1185956045706817536
1185956046042349568
1185956046134743040
1185956046227070977
1185956046348656641
1185956046545788928
1185956046713606150
1185956046797463553
1185956047351156742
1185956047476756481
1185956047476932609
1185956047661350912
1185956047841824774
1185956047925731330
1185956047984484353
1185956048319873029
1185956048349335552
1185956048386977792
1185956048403869697
1185956048731021314
1185956048882024449
1185956049192280064
1185956049347588096
1185956049498456071
1185956049544794117
1185956049800650754
1185956049842556928
1185956049897054208
1185956049985163271
1185956050069053442
1185956050114994177
1185956050127785984
1185956050140164096
1185956050270330880
1185956050299584512
1185956050488442881
1185956050492706816
1185956050530455554
1185956051406995456
1185956051423813637
1185956051600007169
1185956051755159552
1185956052136792066
1185956052656971783
1185956052728254466
1185956052803694593
1185956053005012993
1185956053168476160
1185956053269340161
1185956053491404802
1185956053919252480
1185956054053474304
1185956054179307520
1185956054280085508
1185956054322073600
1185956054384857091
1185956054653394944
1185956054737342470
1185956054976417795
1185956055035076611
1185956055320104960
1185956055328743429
1185956055358025735
1185956056716976129
1185956056939278337
1185956056947679232
1185956056960139271
1185956056972824576
1185956057106927616
1185956057178345476
1185956057199153152
1185956057262243840
1185956057706827787
1185956057744584704
1185956057899773952
1185956058122067968
1185956058134532096
1185956058235318272
1185956058646433793
1185956058755424257
1185956058881286144
1185956059057479683
1185956059095146496
1185956059262914560
1185956059309137921
1185956059426353154
1185956059535544323
1185956059652882434
1185956059694764033
1185956059711713281
1185956060483543040
1185956060558843904
1185956060798115840
1185956061200683008
1185956061536227328
1185956061720670208
1185956061741797381
1185956061930545152
1185956061993414657
1185956062274260992
1185956062442262528
1185956062496772096
1185956062651764736
1185956062836473857
1185956062865842176
1185956063146893318
1185956063280910336
1185956063373332480
1185956063377575937
1185956063406723072
1185956063545135104
1185956063671209990
1185956063700508673
1185956064187109382
1185956064371585024
1185956064795250689
1185956065130831872
1185956065436983297
1185956065449594882
1185956065575239680
1185956065650905089
1185956065675923459
1185956065759911937
1185956065780875264
1185956066154156033
1185956066208686080
1185956066540085248
1185956066556891142
1185956066833653762
1185956067202650113
1185956067316060161
1185956067349614592
1185956067362119680
1185956067618017282
1185956067798409216
1185956067815100416
1185956067827576832
1185956067995463683
1185956068016476161
1185956068041592834
1185956068058423299
1185956068624613376
1185956069190836230
1185956069262147584
1185956069303914496
1185956069497036807
1185956070079913984
1185956070256037888
1185956070474338304
1185956070604312578
1185956070721609728
1185956071246041090
1185956071283793922
1185956071342530561
1185956071464194048
1185956071711694849
1185956071816478720
1185956071904382981
1185956072282042369
1185956072357613569
1185956072403554304
1185956072508424192
1185956072567267333
1185956072856702976
1185956073011855360
1185956073343045634
1185956073964015616
1185956073968193538
1185956073989128193
1185956074123386880
1185956074395963392
1185956075364855813
1185956075566223372
1185956075746549760
1185956075847192576
1185956075889156096
1185956075956310022
1185956076673536003
1185956077411676161
1185956077902299136
1185956077986340864
1185956078015729664
1185956078808379396
1185956079118635009
1185956079139729410
1185956079143997441
1185956079307493379
1185956079584370689
1185956079651438598
1185956079747977217
1185956079911473152
1185956080431632385
1185956080440020998
1185956080536444930
1185956080574259200
1185956080775553024
1185956081018658817
1185956081220182017
1185956081459191808
1185956081622831104
1185956081790521345
1185956082021273600
1185956082084175875
1185956082134462467
1185956082365153282
1185956082486796288
1185956082667180033
1185956082847383552
1185956082965008384
1185956083040436225
1185956083501883392
1185956083564711939
1185956083564793859
1185956083682156545
1185956083686395904
1185956083795447808
1185956084005117958
1185956084055445505
1185956084185481218
1185956084248469506
1185956084344905728
1185956084353253376
1185956084705628160
1185956084726587395
1185956085103878145
1185956085565288448
1185956085573804033
1185956085674344449
1185956085984874496
1185956085989101574
1185956086043627520
1185956086572032001
1185956086949523456
1185956087012282368
1185956087972761601
1185956088031666178
1185956088321101824
1185956088325255168
1185956088467918850
1185956088472059904
1185956088631267328
1185956088694411265
1185956088723623936
1185956088971169794
1185956088992034818
1185956089042485248
1185956089088614401
1185956089151381504
1185956089440784384
1185956089654730752
1185956089717768198
1185956090103713795
1185956090187530240
1185956090212769793
1185956090439196682
1185956090447568908
1185956090573398016
1185956090648944640
1185956090816729088
1185956090942578689
1185956090967547904
1185956091034832897
1185956091156406273
1185956091416502272
1185956091483578374
1185956091491864577
1185956091579920384
1185956091592462336
1185956091693355008
1185956092037103616
1185956092318232576
1185956092339204096
1185956092368568321
1185956093182259201
1185956093589180416
1185956093593186304
1185956093618511873
1185956093639438341
1185956094054666241
1185956094318989313
1185956094633398273
1185956094650306561
1185956094985805826
1185956095426285570
1185956096147480576
1185956096285872128
1185956096315400193
1185956096319610880
1185956096458002440
1185956096520937473
1185956096546168837
1185956096747409410
1185956096847970309
1185956096977981442
1185956097162649601
1185956097192026112
1185956097385029634
1185956097443745794
1185956097699520512
1185956097842188289
1185956098068664323
1185956098332864514
1185956098894897152
1185956098995642368
1185956099230273537
1185956099285028864
1185956099356164096
1185956099607777282
1185956099633172480
1185956099666526208
1185956100027408384
1185956100102860802
1185956100149055488
1185956100169969664
1185956100421623808
1185956100505571329
1185956100585263108
1185956100740399104
1185956100920795136
1185956101227012099
1185956101549969409
1185956101570945025
1185956101683965952
1185956101726134272
1185956101763649542
1185956101855969280
1185956101868720129
1185956102057480195
1185956102242033664
1185956102300676096
1185956102535442433
1185956102552207360
1185956102560718848
1185956102829010944
1185956102833242112
1185956102883729409
1185956103080816640
1185956103269564419
1185956103487709190
1185956103554785281
1185956103613497344
1185956103722549253
1185956103802294273
1185956103831674886
1185956104053968897
1185956104204718080
1185956104305463296
1185956104485900291
1185956104494309376
1185956104565645315
1185956104569851906
1185956104821530625
1185956104930414592
1185956104951476224
1185956105077309440
1185956105144492035
1185956105219784705
1185956105320620034
1185956105513586688
1185956105639186432
1185956105672785920
1185956106276761600
1185956106511634432
1185956106767650816
1185956107010936833
1185956107036037120
1185956107052818433
1185956107065409537
1185956107069612032
1185956107090419712
1185956107090456576
1185956107354890240
1185956107358998528
1185956107417731073
1185956107514073089
1185956107682045953
1185956107707043841
1185956107749081088
1185956107816243200
1185956107921043456
1185956108394991616
1185956108772487168
1185956108793470976
1185956109053501440
1185956109212930050
1185956109527474176
1185956109527535616
1185956109569417216
1185956109644783617
1185956109661564928
1185956109737177088
1185956109816758272
1185956109938388992
1185956110341156864
1185956110357938176
1185956110383099905
1185956110513180677
1185956110613843968
1185956110676742145
1185956110726914048
1185956110852751360
1185956111054180354
1185956111112908800
1185956111217762304
1185956111393804290
1185956111402201088
1185956111532412929
1185956111586922497
1185956111712694272
1185956111825821696
1185956112006287360
1185956112014680068
1185956112052424705
1185956112362639360
1185956112375451649
1185956112433942529
1185956112450781185
1185956112471711745
1185956112589316097
1185956113084223489
1185956113105203200
1185956113243488262
1185956113340141568
1185956114107523072
1185956114518675457
1185956114594029570
1185956114812284934
1185956114975744000
1185956114992517121
1185956115001040908
1185956115563122688
1185956115588112384
1185956115688972289
1185956115726639105
1185956115777032193
1185956115902849029
1185956116062031872
1185956116066426881
1185956116120903681
1185956116230004738
1185956116401807361
1185956116414521345
1185956116674560001
1185956116691214336
1185956116888338432
1185956117689466880
1185956117807063047
1185956117823791106
1185956117874122758
1185956117974642688
1185956118046089217
1185956118335504385
1185956118406799362
1185956118440415232
1185956119065313281
1185956119174373376
1185956119400910849
1185956119535144960
1185956119610421248
1185956119648206849
1185956119715422209
1185956119744614402
1185956119790968832
1185956120134914049
1185956120378171392
1185956120453472257
1185956120742912000
1185956121347006465
1185956121405722625
1185956121468690433
1185956121628073985
1185956121770713090
1185956122055839744
1185956122420596736
1185956122425004032
1185956122634674176
1185956122731171841
1185956123016339457
1185956123129581569
1185956123431583744
1185956123641143298
1185956123662311424
1185956124211548160
1185956124215910400
1185956124358561792
1185956124933197827
1185956124954107904
1185956124996055041
1185956125138653184
1185956125314863106
1185956125428072448
1185956125461626882
1185956125503565824
1185956125549694976
1185956125566554112
1185956125675589634
1185956125843177472
1185956125889269761
1185956126208204800
1185956126313066496
1185956126355005440
1185956126380187649
1185956126463909888
1185956127290417158
1185956127370108930
1185956127655092224
1185956127932112896
1185956127974010880
1185956128158441472
1185956128297013250
1185956128305373185
1185956128460591106
1185956128582225922
1185956128993271809
1185956129324621824
1185956129387569159
1185956129655926784
1185956129714692097
1185956129882296320
1185956129882460171
1185956129899208705
1185956130062770177
1185956130092191744
1185956130213773316
1185956130347982853
1185956130519834625
1185956130536722432
1185956130586890240
1185956130629046273
1185956130641588225
1185956130649821184
1185956130880655362
1185956131061014528
1185956131216252928
1185956131300093957
1185956131329527809
1185956131346235393
1185956131430006789
1185956131593691136
1185956131677638657
1185956131773898752
1185956131794874370
1185956131853754371
1185956132147400704
1185956132168310784
1185956132340322304
1185956132411629575
1185956132445134848
1185956132487073793
1185956132575166466
1185956132579430400
1185956132784889857
1185956133137108992
1185956133367881729
1185956133397258246
1185956133606965249
1185956133699088389
1185956133711831040
1185956133850275840
1185956134278107137
1185956134298849280
1185956134328385537
1185956134676500480
1185956134798200837
1185956134978498560
1185956134982737921
1185956135238557697
1185956135477661696
1185956135561502720
1185956135582474244
1185956135800655873
1185956135888658433
1185956136022892544
1185956136282923008
1185956136299745280
1185956136404566016
1185956136706547712
1185956136916140037
1185956136932933633
1185956136966426624
1185956137281048576
1185956137457332226
1185956138241495040
1185956138241740800
1185956138438795266
1185956138468155392
1185956138644332545
1185956139009298432
1185956139135094785
1185956139185430530
1185956139277733888
1185956139357200384
1185956139403366400
1185956139449622528
1185956139684552710
1185956140028481537
1185956140099739648
1185956140267364352
1185956140284293120
1185956140456259585
1185956141077020674
1185956141337141248
1185956141550825472
1185956141936844801
1185956142016540674
1185956142180192257
1185956142217871360
1185956142750617601
1185956142968721408
1185956143186796545
1185956143274876928
1185956143711084544
1185956143853690881
1185956143933349891
1185956143950192647
1185956144113696769
1185956144323481600
1185956144579252226
1185956144617050113
1185956144650436608
1185956145049014272
1185956145103548416
1185956145518858242
1185956146332332032
1185956146399662080
1185956146839875584
1185956146886172674
1185956147091640323
1185956147230138369
1185956147242639361
1185956147414609920
1185956147733377025
1185956148047777793
1185956148228149248
1185956148698071045
1185956148807118853
1185956148823896064
1185956149323096066
1185956149465505795
1185956149616631808
1185956149931249664
1185956150472298496
1185956150614867968
1185956150841184258
1185956151009132551
1185956151113834497
1185956151260635136
1185956151537491968
1185956151638347778
1185956152086913024
1185956152116428801
1185956152233906178
1185956152716288000
1185956153433432064
1185956153542565888
1185956153596895232
1185956153769021440
1185956153999667201
1185956154087788545
1185956154297462784
1185956154368811009
1185956154373033986
1185956154741936128
1185956154897289220
1185956155006300166
1185956155081842689
1185956155530661889
1185956155576578048
1185956155719176193
1185956155765358592
1185956155882987521
1185956156172374017
1185956156574973952
1185956156738437120
1185956156814090240
1185956156906364928
1185956157510356993
1185956157913010179
1185956157916975104
1185956157967556608
1185956158479032320
1185956158504353792
1185956158508388352
1185956158558875648
1185956158722494466
1185956158932168704
1185956158940635138
1185956158982500357
1185956159188099072
1185956159208837121
1185956159309733889
1185956159376842753
1185956159678795777
1185956160114954240
1185956160144396290
1185956160278421509
1185956160702242816
1185956160735760391
1185956161054363649
1185956161159385090
1185956161616400384
1185956161658507265
1185956162094526464
1185956162103058433
1185956162551701504
1185956163243991040
1185956163700973574
1185956163981996032
1185956164053405697
1185956164061847554
1185956164187623429
1185956164669861888
1185956165097869313
1185956165491941376
1185956165525655558
1185956165949251584
1185956166578429952
1185956166662316034
1185956166809067520
1185956166821646336
1185956167077392385
1185956167165591552
1185956167312261121
1185956167782227968
1185956167975133185
1185956168117690370
1185956168222609410
1185956168394592257
1185956168436506629
1185956168910430209
1185956169052901376
1185956169107591169
1185956169166274561
1185956169447333889
1185956169526857729
1185956169644478465
1185956169744936960
1185956169770323968
1185956169858408448
1185956169963061248
1185956169980043264
1185956170009382919
1185956170550280193
1185956170550431745
1185956170785284096
1185956171049422849
1185956171309633537
1185956171368275968
1185956171523543040
1185956171829649408
1185956172047630337
1185956172626628609
1185956172874039297
1185956172899205120
1185956172936953864
1185956173058658311
1185956173297659904
1185956173427535872
1185956173830348801
1185956173834571779
1185956173947772928
1185956174140788736
1185956174237196289
1185956174891380736
1185956174891491334
1185956175042535426
1185956175214469121
1185956175264784386
1185956175273250817
1185956175319306240
1185956176170749954
1185956176560828417
1185956176678121473
1185956177588424705
1185956177626071040
1185956177655615491
1185956178167119872
1185956178242625537
1185956178322448384
1185956178490286081
1185956179052257288
1185956179056517120
1185956179173769216
1185956179182313472
1185956179236851714
1185956179442307072
1185956179744309249
1185956180222447618
1185956180272783360
1185956180356562944
1185956180465737728
1185956180754980864
1185956180826431490
1185956180981669898
1185956180990013443
1185956181036224512
1185956181191344130
1185956181539463170
1185956181640126466
1185956181669502983
1185956181677924352
1185956182088921089
1185956182198018049
1185956182239911936
1185956182252498944
1185956182323843072
1185956182390956036
1185956182521012227
1185956182554480642
1185956182655143936
1185956183095545856
1185956183246544896
1185956183334514688
1185956183812792321
1185956183842029569
1185956183938654210
1185956184211230721
1185956184265592834
1185956184366469120
1185956184370618368
1185956184383250433
1185956184437735424
1185956184752349184
1185956185004036098
1185956185062756352
1185956185146642432
1185956185184206848
1185956185247305729
1185956185419202562
1185956185695932416
1185956185926709250
1185956185943482368
1185956185981292544
1185956186333429760
1185956186371149825
1185956186547539968
1185956186648133638
1185956186824282112
1185956186887196675
1185956187168219136
1185956187411570689
1185956187478593536
1185956187478593542
1185956187487035398
1185956187839184897
1185956187994497028
1185956188023857152
1185956188082581505
1185956188233420802
1185956188292173824
1185956188422324224
1185956188531412992
1185956188661452800
1185956188850151425
1185956188900483073
1185956188942417920
1185956189127004163
1185956189336682498
1185956189433188354
1185956189512896514
1185956189617709060
1185956189672095744
1185956190229909505
1185956190314029057
1185956190599237633
1185956190657957890
1185956191312195589
1185956191429713924
1185956191446487041
1185956191786192896
1185956191811321856
1185956192251723777
1185956192365023235
1185956192520228864
1185956192872480775
1185956192935395333
1185956193014968321
1185956193153495041
1185956194080288768
1185956194118094848
1185956194420248578
1185956194940264449
1185956194969640960
1185956195338727425
1185956195527544834
1185956195791712257
1185956195850506242
1185956196081197059
1185956196513189888
1185956196534149120
1185956196613705728
1185956197213462529
1185956197377236993
1185956197389615105
1185956197813379075
1185956197859561477
1185956197884551168
1185956197913903104
1185956197947662336
1185956198044053504
1185956198140579843
1185956198157344768
1185956198207709184
1185956198564159489
1185956198908080128
1185956198908125186
1185956198916542465
1185956198987681792
1185956199109484551
1185956200388542464
1185956200611045376
1185956200665571338
1185956201068146690
1185956201147727875
1185956201839972353
1185956201873342464
1185956202359996416
1185956202565591047
1185956202594865152
1185956202922033152
1185956203102457856
1185956203345653760
1185956204016820224
1185956204058685442
1185956204314615814
1185956205044359168
1185956205052776448
1185956205124030465
1185956205203734528
1185956205459427331
1185956205736255488
1185956205740593157
1185956206071947264
1185956206415876096
1185956206491377669
1185956206583648257
1185956206638260226
1185956206877249544
1185956206948573184
1185956207061807106
1185956207091212288
1185956207137304576
1185956207380570112
1185956207435145225
1185956207728701440
1185956208064290816
1185956208206856192
1185956208600997888
1185956208689041408
1185956208756383745
1185956209419079682
1185956209830039555
1185956210023063552
1185956210450796546
1185956210496831488
1185956210501017600
1185956210610200576
1185956211088416768
1185956211163848710
1185956211285483520
1185956211406954498
1185956211528589313
1185956211595841538
1185956212103356416
1185956212241846277
1185956212342280192
1185956212350820353
1185956212350898182
1185956212380196865
1185956212606504962
1185956212719808512
1185956212837437441
1185956212849938446
1185956213139353601
1185956213466554368
1185956213596528641
1185956213609193472
1185956213646860288
1185956213764317184
1185956214502494208
1185956214569656322
1185956214817071109
1185956215060226048
1185956215307800578
1185956215458816001
1185956215593021440
1185956215710502917
1185956215756656640
1185956215823749120
1185956215886626817
1185956216071213056
1185956216310321152
1185956216347844610
1185956216524034050
1185956216540934145
1185956216683581443
1185956216700317697
1185956217249812481
1185956217253818368
1185956217459478532
1185956217790685184
1185956217962844161
1185956218071859201
1185956218294198274
1185956218310930432
1185956218373885954
1185956219443302400
1185956219594399744
1185956220001120261
1185956220034785283
1185956220286451712
1185956220307431425
1185956220391194625
1185956220655587329
1185956221330657282
1185956222018768897
1185956222467481600
1185956222513696769
1185956222576582658
1185956222647730176
1185956222811246592
1185956222886993925
1185956223272665088
1185956223297806339
1185956223696326656
1185956223750934532
1185956223914369024
1185956224212312066
1185956224241750016
1185956224505929729
1185956224740810761
1185956224786980869
1185956224807899137
1185956224925360128
1185956225076215808
1185956225856360448
1185956225931972608
1185956226397605889
1185956226695421959
1185956226850385921
1185956226879971328
1185956227114848265
1185956227165179904
1185956227177746432
1185956227345457152
1185956227534090240
1185956227693498368
1185956227840446464
1185956227941130242
1185956228498886657
1185956228503130116
1185956228511555586
1185956228607946757
1185956228687548416
1185956228771516417
1185956228842827776
1185956229186760704
1185956229392355340
1185956229505376256
1185956229685960708
1185956229740453888
1185956230080139266
1185956230143053836
1185956230310875138
1185956230352855043
1185956230705143810
1185956230805839872
1185956230910615552
1185956230939979776
1185956230981967872
1185956231132913668
1185956231212683264
1185956231229464576
1185956231376232450
1185956231657205768
1185956231770509312
1185956232332546050
1185956232491950080
1185956232496078848
1185956232584204289
1185956232718192640
1185956232730820608
1185956232760299520
1185956232953237506
1185956233150455810
1185956233200766977
1185956233238536192
1185956233557106689
1185956233750044672
1185956234127646720
1185956234194817026
1185956234299695105
1185956234677096449
1185956234748481539
1185956234849083392
1185956234920259585
1185956234941390855
1185956235318890498
1185956235885056002
1185956236195446784
1185956236401041409
1185956236660858880
1185956236744900609
1185956237281640450
1185956237436968960
1185956237445222401
1185956237558632448
1185956237621358592
1185956238061903872
1185956238103924742
1185956238246309888
1185956238401724416
1185956238766546951
1185956239114506240
1185956239206805504
1185956239408168960
1185956239429296134
1185956239496417281
1185956239647358978
1185956239899070465
1185956239949217793
1185956240171487232
1185956240767291393
1185956240909836290
1185956240939278336
1185956241048330240
1185956241086046209
1185956241325088773
1185956241627070466
1185956241685630976
1185956241799032832
1185956241803304960
1185956241836826624
1185956241987833856
1185956242226909186
1185956242260418560
1185956242315005954
1185956242398875653
1185956242524725253
1185956242784575493
1185956242860249089
1185956242931339264
1185956243040456704
1185956243040546816
1185956243040559105
1185956243359318017
1185956243682123781
1185956243795595266
1185956244005240833
1185956244458070016
1185956245641011204
1185956246408646657
1185956246425239552
1185956246538600448
1185956246962294785
1185956247180398593
1185956247306166277
1185956247511687169
1185956247540924419
1185956248036003841
1185956248291872769
1185956248568528896
1185956248635744257
1185956248736468994
1185956248866426882
1185956249101225990
1185956249285922822
1185956249336188928
1185956249352974336
1185956249378213892
1185956249558540288
1185956249583513600
1185956249831165954
1185956249952751617
1185956249982111744
1185956250078441473
1185956250170920961
1185956251303325701
1185956251550793729
1185956251659853824
1185956251970068480
1185956252045762560
1185956252494565376
1185956252540645376
1185956252834304008
1185956252955758592
1185956252959928321
1185956253144514562
1185956253253681152
1185956253278838785
1185956253404729344
1185956253757038592
1185956253828300801
1185956254340005895
1185956254746845184
1185956254889455617
1185956255132725248
1185956255258595336
1185956255296315392
1185956255321350144
1185956255548035072
1185956255615070208
1185956255937904640
1185956256286162944
1185956256391057408
1185956256571371527
1185956256818909185
1185956256869163012
1185956257045209088
1185956257519325185
1185956257552834560
1185956258039418885
1185956258102333441
1185956258228113408
1185956258395738112
1185956258513412103
1185956258685313024
1185956258840481794
1185956258932809731
1185956259125780481
1185956259222212609
1185956259310161920
1185956259796832257
1185956260321136642
1185956260643893249
1185956260711153666
1185956260962848770
1185956261252259841
1185956261738827776
1185956261780697090
1185956261893947392
1185956262204399616
1185956262225121286
1185956262317395969
1185956262397272065
1185956262590271494
1185956262690873346
1185956262745391104
1185956263051649033
1185956263076814851
1185956263085166593
1185956263328440324
1185956263366201344
1185956263428947968
1185956263701573633
1185956263919702016
1185956263944835073
1185956264192479232
1185956264234242050
1185956264410603520
1185956264666378241
1185956264884486144
1185956265131950082
1185956265391992839
1185956265417162752
1185956265958223877
1185956266012823553
1185956267027812355
1185956267384360960
1185956267455647745
1185956267581476865
1185956268156096515
1185956268273483777
1185956268772605957
1185956268801953792
1185956268910866434
1185956269477318657
1185956269674254336
1185956270110597121
1185956270110658560
1185956270169190406
1185956270211129344
1185956270618099714
1185956270836240384
1185956271478001666
1185956271653998593
1185956271863861248
1185956271939379200
1185956272170033152
1185956272388169729
1185956272392114176
1185956272488599552
1185956273105362945
1185956273122136066
1185956273553997825
1185956273818394630
1185956273851895808
1185956273927475201
1185956274032263168
1185956274397220864
1185956274468544519
1185956274610925570
1185956274808262659
1185956275378675712
1185956275470946305
1185956275663900677
1185956275890245632
1185956275999387654
1185956276225957888
1185956276943101952
1185956277052170245
1185956277056409602
1185956277123465218
1185956277249368068
1185956277542735872
1185956277928812545
1185956278042013703
1185956278050480128
1185956278377549824
1185956278515970049
1185956278562181120
1185956278939598848
1185956278994194439
1185956279048474624
1185956279254056961
1185956279258439685
1185956279308693506
1185956279661015040
1185956279681982467
1185956280474701825
1185956280478908417
1185956280529248256
1185956280768323586
1185956280785133568
1185956280831102976
1185956280978018311
1185956280994656257
1185956281200328705
1185956281238065164
1185956281313419264
1185956281590472707
1185956282102104066
1185956282194247685
1185956282286661632
1185956282341052416
1185956282349568001
1185956282383159296
1185956283012341766
1185956283091841024
1185956283188305920
1185956283737956353
1185956284107018241
1185956284279021568
1185956284350320641
1185956284475949057
1185956284815892482
1185956284849254400
1185956285122056192
1185956285243674625
1185956285524664320
1185956285591773186
1185956285822291973
1185956285864431616
1185956286069915650
1185956286162014213
1185956286233530369
1185956286933938177
1185956287156314113
1185956287378608129
1185956287449882625
1185956287546134528
1185956287743516675
1185956287777034240
1185956287890087936
1185956288200691717
1185956288825569280
1185956289085628416
1185956289169559552
1185956289513508865
1185956289853251584
1185956289932775426
1185956290050301958
1185956290226544641
1185956290746552320
1185956290964705283
1185956290985484289
1185956291266646016
1185956291887259648
1185956292101365760
1185956292906631168
1185956292948615169
1185956293057695746
1185956293586149377
1185956293846208512
1185956294122860544
1185956294559174656
1185956294601125890
1185956294827618304
1185956294844395520
1185956294894772229
1185956295054184448
1185956295305596928
1185956295305814016
1185956295418896384
1185956295758745606
1185956295775571969
1185956296119463936
1185956296270471169
1185956296668762112
1185956296916258816
1185956297855897601
1185956298547961856
1185956298749145088
1185956298833170433
1185956299231649792
1185956299277623296
1185956299361665024
1185956299550482432
1185956300963962880
1185956301198651392
1185956301224005633
1185956301253181440
1185956301446307840
1185956301458857991
1185956301676916736
1185956302033477635
1185956302150885377
1185956302528401408
1185956302771671040
1185956302784208897
1185956302784270341
1185956302901534720
1185956303044141056
1185956303165939715
1185956303350501376
1185956303400779776
1185956303446953984
1185956303459508224
1185956303757168641
1185956304021532673
1185956304285847553
1185956304545693696
1185956304591953920
1185956304751415298
1185956304826834945
1185956304877182976
1185956305032359936
1185956305493811200
1185956305560715265
1185956305757818880
1185956305900466179
1185956306072543238
1185956306248712194
1185956306320015360
1185956306353643523
1185956306361864192
1185956306819211265
1185956307016261632
1185956307351855104
1185956307552964608
1185956307607543809
1185956307645296640
1185956307771121664
1185956307846750208
1185956308874420224
1185956309037932544
1185956309050392576
1185956309071515649
1185956309088309249
1185956309293850626
1185956309419606017
1185956309444763648
1185956309553893376
1185956309675528194
1185956309881032704
1185956309943934978
1185956310191206401
1185956310266761217
1185956310526971907
1185956310631759874
1185956310686326785
1185956310753386497
1185956310770020357
1185956310791151616
1185956311000846337
1185956311692906496
1185956311910866944
1185956312296898560
1185956312330293249
1185956312406020097
1185956312976445440
1185956313639112704
1185956313681088513
1185956313878192129
1185956314092113923
1185956314121428994
1185956314406670336
1185956314553507840
1185956314582790145
1185956314696114179
1185956314704420865
1185956314825908224
1185956315383980032
1185956315954331649
1185956316046606337
1185956316239540225
1185956316923097088
1185956317267185665
1185956317342646273
1185956317669675011
1185956317678231552
1185956317774536705
1185956317879513088
1185956318173106182
1185956318202384384
1185956318433153027
1185956318537895936
1185956318672277510
1185956318772940800
1185956318793863168
1185956318810521607
1185956318978306049
1185956319062306817
1185956319892779008
1185956320047960066
1185956320530317312
1185956320538697728
1185956320614273025
1185956320798806017
1185956320886874116
1185956321125896192
1185956321235034112
1185956321327304705
1185956321801228290
1185956322006536193
1185956322149355521
1185956322203914240
1185956322405224448
1185956322463961088
1185956322509897728
1185956322652643329
1185956322673659909
1185956322862424065
1185956323059478528
1185956323101425664
1185956323151745026
1185956323411689472
1185956323516657665
1185956323567046656
1185956323973681152
1185956324279910400
1185956324439449612
1185956324602863616
1185956325144092674
1185956325156511744
1185956325412556800
1185956325483778048
1185956325580312577
1185956325706084353
1185956325727100929
1185956325882286080
1185956326142365698
1185956326914121729
1185956327258034177
1185956327522217984
1185956327710961664
1185956327945887744
1185956327945887745
1185956327962497024
1185956327971086336
1185956327975280641
1185956327987777537
1185956327996084226
1185956327996170240
1185956328080105473
1185956328117809152
1185956328134643712
1185956328298156032
1185956328428228608
1185956328751030273
1185956328939937792
1185956328964943872
1185956329002717184
1185956329170653190
1185956329388679168
1185956329820700674
1185956330009432065
1185956330173030400
1185956330173030401
1185956330240200705
1185956330357448705
1185956330470658051
1185956330864988160
1185956330877706240
1185956330944618498
1185956330986725376
1185956330990952448
1185956331318140928
1185956331481698310
1185956331511001093
1185956331582304256
1185956331884294144
1185956331913539585
1185956332429430785
1185956332484083714
1185956332530274304
1185956332836397061
1185956332924555264
1185956333352345603
1185956334010851330
1185956334090510338
1185956334224715776
1185956335214616576
1185956335285760000
1185956335571161088
1185956335789232129
1185956335806046208
1185956335998791681
1185956336317665281
1185956336326135808
1185956336711786496
1185956336900685824
1185956336930086913
1185956336971988994
1185956336993030147
1185956337081028608
1185956337081114624
1185956337290747904
1185956337311608833
1185956337416585216
1185956337420779520
1185956337680826368
1185956337785679872
1185956337815031808
1185956337831727106
1185956338230272000
1185956338456768512
1185956338830065664
1185956338855223298
1185956339215982594
1185956339241107456
