1185957850373328896
1185957851153481728
1185957851338031105
1185957851631640576
1185957851770081281
1185957851790893056
1185957851946274817
1185957852374016000
1185957852722225158
1185957853087064067
1185957853472919553
1185957853653164032
1185957853716197377
1185957853728854018
1185957854639022080
1185957854810914819
1185957856895483905
1185957857058947077
1185957857168113664
1185957857507852291
1185957857935724544
1185957858002780166
1185957858434863104
1185957858799685634
1185957858845708289
1185957859328221186
1185957859378548737
1185957859466633216
1185957859470839810
1185957860750123008
1185957861656014848
1185957861857345536
1185957862041894912
1185957863031738369
1185957863052562432
1185957863753166850
1185957864185253890
1185957864722124803
1185957866315898880
1185957867112632320
1185957867196690434
1185957867741954048
1185957868031234048
1185957868438261760
1185957868593238026
1185957868794777605
1185957868882804738
1185957869302288388
1185957869348212736
1185957869788815360
1185957870371688448
1185957870472314880
1185957871231688704
1185957871713804288
1185957872259260423
1185957872271802368
1185957872376659968
1185957873421082627
1185957873454669824
1185957873685323777
1185957874666749955
1185957875413336066
1185957875941859331
1185957875983667201
1185957876004720640
1185957876055138304
1185957876080238592
1185957876482891780
1185957876713418758
1185957876961087488
1185957877413867521
1185957877598638085
1185957878156464134
1185957878190039041
1185957878441611266
1185957878802407424
1185957879620292609
1185957880006090753
1185957880232468481
1185957880291311616
1185957880333262848
1185957880664600576
1185957880857542661
1185957880966602752
1185957881440456710
1185957881725751297
1185957881960681474
1185957882044600320
1185957882120015874
1185957882631720966
1185957883579486208
1185957883696934912
1185957884192051204
1185957884376555520
1185957884418580481
1185957884581928960
1185957884644999170
1185957884766457858
1185957884980580352
1185957885781540864
1185957885878198273
1185957886033367041
1185957886108864518
1185957886847062016
1185957887018962944
1185957887300067328
1185957887383920641
1185957887564242950
1185957887782244352
1185957888227008512
1185957888801591296
1185957889745326081
1185957890831597570
1185957891238498306
1185957891716481025
1185957892492578817
1185957893121572865
1185957893205450753
1185957893993975808
1185957894338088960
1185957894367387651
1185957894497296385
1185957894556127233
1185957894682042370
1185957894929502208
1185957895399268354
1185957895902580737
1185957895915167744
1185957896036782084
1185957896279990273
1185957896313561094
1185957897282445312
1185957897756385282
1185957897924153346
1185957898809155595
1185957898922483713
1185957899274612737
1185957900235051008
1185957900512038912
1185957900855980032
1185957900893728773
1185957901040525312
1185957901044613123
1185957901535301634
1185957901917212672
1185957903406116869
1185957904152707078
1185957904211501061
1185957904383393792
1185957905125859328
1185957905553600514
1185957906002436097
1185957906233069568
1185957906694508545
1185957907743027200
1185957908674166786
1185957909064245248
1185957909328470018
1185957909710233600
1185957910242824198
1185957910246871041
1185957910284820481
1185957910662258688
1185957910972719106
1185957911383560192
1185957911429697536
1185957912054812673
1185957912809598977
1185957913224978433
1185957913661181955
1185957914059661312
1185957914282020864
1185957914688868352
1185957915829522432
1185957915930181633
1185957916010012673
1185957916429488133
1185957916504928256
1185957916819378177
1185957917180211200
1185957917628993537
1185957917847183361
1185957918128168962
1185957918518198272
1185957918673387520
1185957919004774400
1185957919189295111
1185957920229462021
1185957920296570880
1185957920724398085
1185957921135431681
1185957921622052865
1185957921626218496
1185957922297266177
1185957922456690689
1185957922532220928
1185957922708176896
1185957922972536834
1185957923526234112
1185957923601747968
1185957923647868935
1185957923698069506
1185957924083888129
1185957924180508675
1185957926088912898
1185957927053430784
1185957928181874688
1185957928718622720
1185957929461133316
1185957930182598656
1185957930543304704
1185957930555850752
1185957930564247552
1185957930639790080
1185957930723696640
1185957931323404290
1185957933244452864
1185957933382807552
1185957933571592194
1185957933869346817
1185957934242635777
1185957934385258496
1185957934393544704
1185957935098318853
1185957935400325120
1185957935513559040
1185957936335589376
1185957936587132928
1185957937182887945
1185957937379983362
1185957937707212805
1185957938277404672
1185957938763976705
1185957939221336066
1185957940810911744
1185957941121372160
1185957941196840961
1185957941343641602
1185957941406359552
1185957941863563266
1185957941922410496
1185957942266384384
1185957942895529984
1185957943100887040
1185957943122026497
1185957943923138560
1185957944304685056
1185957944359313408
1185957944598376449
1185957944841523200
1185957945269469184
1185957945474871296
1185957946393550851
1185957946502586368
1185957947894943745
1185957948830425089
1185957949002399744
1185957949228883968
1185957949446995968
1185957949551890434
1185957949648171008
1185957950281539584
1185957950923444224
1185957951133093896
1185957951237971968
1185957951594356736
1185957951925882881
1185957952236195846
1185957953360322560
1185957953419075584
1185957953834278912
1185957954043777026
1185957954287104001
1185957954601795584
1185957954723438593
1185957954757021696
1185957955222401025
1185957955637776384
1185957955654414336
1185957955847544833
1185957956287901698
1185957956594163712
1185957956619296768
1185957957143535618
1185957957269372928
1185957958208888832
1185957958288629761
1185957958326337536
1185957958494179329
1185957958661869569
1185957958909231104
1185957959194611712
1185957960297668609
1185957960528252928
1185957961044299777
1185957961837006848
1185957962776485888
1185957962788945920
1185957963799891970
1185957964269674498
1185957965339213825
1185957965821595649
1185957965909692416
1185957966220017664
1185957966962483200
1185957969298644992
1185957970359783424
1185957971555049473
1185957971580407809
1185957972133982209
1185957972360474626
1185957972670697472
1185957973090283522
1185957973262295043
1185957973614583808
1185957973744635904
1185957974277271552
1185957974457630721
1185957974977798144
1185957975124533248
1185957975929884672
1185957975980150785
1185957976277807109
1185957976382812163
1185957976609296389
1185957977129443328
1185957977217490944
1185957977267658753
1185957978026979328
1185957978421301249
1185957979830415360
1185957980447137796
1185957982737027077
1185957983211180033
1185957984041689088
1185957984641454081
1185957985576607745
1185957985719373824
1185957986738540546
1185957986797326337
1185957987002802182
1185957987099250688
1185957987745222656
1185957988005232640
1185957988630175746
1185957989364187143
1185957989917708288
1185957990442160129
1185957991276826625
1185957992006639616
1185957993311014913
1185957994472689664
1185957995496083456
1185957995709992960
1185957995777347591
1185957996058181632
1185957996305829893
1185957996863594496
1185957997245321218
1185957997421293568
1185957998125993984
1185957998339837953
1185957998822395904
1185957998826577921
1185957998964985857
1185957998990184448
1185957999258550272
1185958000797683712
1185958001473150976
1185958001523462145
1185958001594818560
1185958001724874752
1185958001984888832
1185958002458710017
1185958002572042240
1185958002983100416
1185958003167633409
1185958003842916359
1185958005214531586
1185958005327589377
1185958005348716546
1185958005751341056
1185958006728679425
1185958007009677312
1185958008624439296
1185958008712552448
1185958009660420096
1185958009693978625
1185958010767564800
1185958010943918087
1185958011392708608
1185958011698724864
1185958012269268992
1185958012621602816
1185958013594554371
1185958014047674369
1185958014089605120
1185958014123040769
1185958014521659393
1185958016560128007
1185958016698454016
1185958016925032448
1185958017369546754
1185958018237849601
1185958019110064130
1185958021177970690
1185958021190619138
1185958022096605184
1185958024021721088
1185958024382484481
1185958024810246150
1185958025212891136
1185958025338728448
1185958025410076672
1185958025430851589
1185958025733050373
1185958026450063360
1185958026517323779
1185958026995470338
1185958027419115528
1185958027620470784
1185958027658022912
1185958027951824896
1185958028987768832
1185958029134565377
1185958029692461056
1185958030451658753
1185958030522892288
1185958030720094215
1185958031244320769
1185958031277940738
1185958031403769857
1185958032447983616
1185958032854917122
1185958033442123777
1185958034109022214
1185958034335358982
1185958034679455745
1185958034956308482
1185958035694292992
1185958036210438146
1185958036822728709
1185958037212860421
1185958037443534848
1185958037808390145
1185958038022299654
1185958038190133249
1185958039049900032
1185958039154823168
1185958039603384321
1185958040924803072
1185958041109221377
1185958041390239745
1185958042258608130
1185958043206463488
1185958043348959232
1185958043521081344
1185958044506697728
1185958044859023362
1185958045932761088
1185958046033416192
1185958047497293825
1185958047547609089
1185958047828664321
1185958048545816576
1185958048914968584
1185958049103646721
1185958049577623552
1185958050240352256
1185958050818977792
1185958051054047235
1185958051381166080
1185958051427127296
1185958052383485952
1185958052874182659
1185958053381693442
1185958053490888705
1185958053570588672
1185958053960658944
1185958054136705025
1185958054782787585
1185958055650807809
1185958055692902400
1185958056062062593
1185958056741371907
1185958056863174657
1185958057366511616
1185958057404227585
1185958057706172423
1185958058054311942
1185958058519859201
1185958058721267715
1185958058750599170
1185958059941732353
1185958059975286787
1185958060810002432
1185958060868567041
1185958061225271298
1185958061963431941
1185958062189940740
1185958062781153280
1185958063766937601
1185958064081506310
1185958064442216451
1185958065096609798
1185958065516011521
1185958066065494025
1185958066463883264
1185958067206270977
1185958069450100737
1185958069932449792
1185958070331027456
1185958070465249283
1185958070540734465
1185958071203434496
1185958071459172353
1185958071576731649
1185958071857831936
1185958072012939264
1185958072013017088
1185958072394702854
1185958072994451456
1185958073623552001
1185958074084802560
1185958074089005057
1185958074466611203
1185958075032854528
1185958075104145410
1185958075506802689
1185958075863388163
1185958076245073921
1185958076953874443
1185958077163544589
1185958077541031936
1185958077855608833
1185958078597992449
1185958078677770242
1185958078946201600
1185958079046639617
1185958079957028865
1185958080447766530
1185958080519004162
1185958081437421570
1185958081512951808
1185958081576034304
1185958082830065665
1185958083463389184
1185958084168114178
1185958085548003329
1185958085942116352
1185958086361669632
1185958086592389126
1185958086663528448
1185958086747414529
1185958086827282434
1185958087183732737
1185958087573852162
1185958087657754626
1185958088416878592
1185958088928649216
1185958089721307136
1185958090484699138
1185958090790690818
1185958092153982977
1185958092502114305
1185958092728668162
1185958092829347840
1185958093546512384
1185958093760401413
1185958094985224194
1185958094989221889
1185958094993526784
1185958095446597632
1185958095811497984
1185958095836590080
1185958096411250690
1185958096574861313
1185958097703067649
1185958098630037504
1185958098672013312
1185958098713767936
1185958098990698496
1185958099099754498
1185958099296735234
1185958100135809024
1185958100169347072
1185958100588777472
1185958100886605825
1185958101217894405
1185958102794981377
1185958104086827008
1185958105604952066
1185958106334978050
1185958106376888320
1185958106792116224
1185958108834779136
1185958108994113543
1185958109233070080
1185958109476466693
1185958109661073408
1185958109963005952
1185958110269190147
1185958110793482245
1185958110814490626
1185958110948745218
1185958110994862081
1185958111183552517
1185958111309373440
1185958111414231040
1185958111477145602
1185958111619813376
1185958111808348160
1185958112391565312
1185958112706125824
1185958112773234689
1185958113062653952
1185958113213632513
1185958113947484160
1185958114157301762
1185958114270633984
1185958114643853312
1185958115356893184
1185958115763572736
1185958116258668544
1185958116422234113
1185958116594257920
1185958117764407296
1185958117869342723
1185958118699569152
1185958119123247104
1185958119349731329
1185958120050196480
1185958120494784512
1185958120813682690
1185958120830443520
1185958120884965376
1185958121862258689
1185958122386608132
1185958122864676867
1185958124001341441
1185958124366258176
1185958124630339584
1185958124731154433
1185958125221961731
1185958125662363649
1185958126224367616
1185958126614437888
1185958127302316037
1185958128715739136
1185958128782757888
1185958129210662912
1185958130737221634
1185958131706281986
1185958131769196544
1185958131869847552
1185958131920183296
1185958131924455424
1185958132616445952
1185958132637417472
1185958132641665025
1185958134331904000
1185958135632142336
1185958135711830018
1185958136575922177
1185958137653690368
1185958137863561216
1185958138119446528
1185958138274410496
1185958138391842816
1185958138589171715
1185958139260219392
1185958139306184705
1185958139754975232
1185958139893551104
1185958141084786690
1185958141244137472
1185958142041088001
1185958142301130756
1185958142930292737
1185958143043477504
1185958143139995649
1185958143563571200
1185958143819468803
1185958144599613442
1185958147036532739
1185958148085039110
1185958148244414465
1185958148495921153
1185958148672249861
1185958149074890757
1185958149259513857
1185958149502783489
1185958149917790208
1185958151163654150
1185958151943794689
1185958152052699136
1185958152879124480
1185958153147559940
1185958153210486785
1185958153885757440
1185958155001442310
1185958155307618305
1185958155660025858
1185958155748102144
1185958155961810946
1185958156209397764
1185958156477726720
1185958156536549376
1185958156968574977
1185958157174083584
1185958157207703553
1185958157270564866
1185958158021398529
1185958158109478913
1185958158306627585
1185958159342624768
1185958159418040320
1185958159447416834
1185958159560646657
1185958159577337856
1185958159590068224
1185958159875219457
1185958160202371073
1185958161016074241
1185958161129324545
1185958162165325824
1185958163327148033
1185958163411079169
1185958164589469696
1185958165730361344
1185958166267346945
1185958166715981825
1185958166917455874
1185958167982804992
1185958168775421952
1185958168787963904
1185958168855306241
1185958168997908482
1185958169039855616
1185958169257791488
1185958169505173504
1185958169819975680
1185958170084233216
1185958170968985601
1185958171266863109
1185958171279536129
1185958171426394112
1185958171791241218
1185958171900293121
1185958172583960576
1185958172768526342
1185958173548658688
1185958175381557249
1185958175389954055
1185958175855517696
1185958175947874304
1185958177470173184
1185958177495498754
1185958177860444162
1185958178086772737
1185958178841939968
1185958179995344896
1185958180117008389
1185958180460740609
1185958181056516097
1185958181165514752
1185958181379309568
1185958181614129152
1185958181958307840
1185958182247526400
1185958183153668097
1185958183308845056
1185958183417856005
1185958183443095558
1185958183858139137
1185958185091375104
1185958185443745793
1185958185460477954
1185958186110590976
1185958186114801665
1185958186156736515
1185958186420977667
1185958186773299200
1185958187415023623
1185958187805089793
1185958187859447808
1185958188127965185
1185958189298343936
1185958191407828993
1185958191760379905
1185958192402092032
1185958192687304706
1185958193534509058
1185958193677123598
1185958193811218433
1185958194729881600
1185958194780299266
1185958194901741568
1185958195698831360
1185958195996569603
1185958196038504448
1185958196772589569
1185958196818726917
1185958197066121217
1185958197212803072
1185958197749637122
1185958198093799430
1185958198395756547
1185958198626476034
1185958198974521346
1185958199779844097
1185958200052539392
1185958200375468033
1185958200643743744
1185958200773922818
1185958200790736896
1185958201021423616
1185958201138782208
1185958201289854976
1185958201629519877
1185958201981841409
1185958202002870274
1185958203688771586
1185958203923800070
1185958205605715968
1185958206343921664
1185958206868246529
1185958207228796929
1185958207283433479
1185958209305174017
1185958210043146242
1185958210429247488
1185958211268075520
1185958211549106176
1185958211653984256
1185958211695722497
1185958211918221313
1185958212689899520
1185958212773842954
1185958213147082753
1185958213180690439
1185958214204100614
1185958214648651782
1185958215617376256
1185958215697063937
1185958215936348160
1185958215940497408
1185958217265881095
1185958217492418562
1185958217525805057
1185958217735536641
1185958217974718470
1185958219614740481
1185958219996389377
1185958220352884736
1185958220352966657
1185958220373741568
1185958221279907840
1185958221510512640
1185958223087652869
1185958223636881408
1185958223637037057
1185958223976812545
1185958224618577921
1185958224761110534
1185958225411264512
1185958225474134016
1185958226417901570
1185958226728312837
1185958227609112578
1185958227781005312
1185958228062027778
1185958229639077889
1185958229798457351
1185958229974671363
1185958232470241280
1185958232721776640
1185958233732550656
1185958233942437888
1185958235422937089
1185958235481804801
1185958235666374657
1185958236329000960
1185958236584890372
1185958237658468353
1185958238099070976
1185958238249869314
1185958239265087494
1185958239591993344
1185958239692828673
1185958240066121735
1185958240519098375
1185958240619843585
1185958241043390465
1185958241232142337
1185958241299243010
1185958241332793349
1185958241777442816
1185958241785827328
1185958241949442048
1185958242263982081
1185958242406453249
1185958242570121216
1185958242955997184
1185958242993573888
1185958243228639234
1185958243325100037
1185958244050714625
1185958244105084928
1185958244210089986
1185958244281454594
1185958244646305793
1185958244675706882
1185958244772175872
1185958244843433986
1185958245132836864
1185958245434888192
1185958245531340805
1185958245900398594
1185958246277931008
1185958246701510656
1185958246927876096
1185958246986801152
1185958247041327104
1185958247351640065
1185958248853065730
1185958249369145350
1185958249918586881
1185958251608850432
1185958251793399811
1185958252573593601
1185958253181755393
1185958253215309824
1185958253936762880
1185958254205116417
1185958254368546821
1185958254440013824
1185958254561714176
1185958255853494272
1185958257312952320
1185958257820610560
1185958258051338243
1185958259250872328
1185958259431264257
1185958259716509698
1185958260110704640
1185958260194476032
1185958260291096576
1185958260475645952
1185958261364842496
1185958261457076224
1185958261490618369
1185958261704531975
1185958262442725376
1185958263038328832
1185958263059369984
1185958263130611714
1185958263210287104
1185958263394721793
1185958263621410827
1185958264124477442
1185958264233693184
1185958264342765569
1185958264615387136
1185958265051590659
1185958265223430144
1185958265718489091
1185958265764614144
1185958265915609088
1185958265932238849
1185958266347675648
1185958266565738496
1185958266746093569
1185958266972467202
1185958267287146497
1185958267345760256
1185958267761156096
1185958267840815105
1185958268616794117
1185958268788756480
1185958269417852928
1185958269627428864
1185958271242211333
1185958271372464128
1185958271766683649
1185958272140042240
1185958272332959744
1185958272894930945
1185958272932691970
1185958273457053696
1185958273863864320
1185958274493026306
1185958274514014208
1185958274803343360
1185958275109523456
1185958275545784323
1185958275881328642
1185958276254453761
1185958276980203520
1185958277122793474
1185958277286252544
1185958277311533057
1185958277433171971
1185958277873590272
1185958278339203072
1185958278725095430
1185958278855049216
1185958279534374913
1185958280104800256
1185958281040273409
1185958281224839169
1185958281405194240
1185958281858211840
1185958282193752064
1185958282352975872
1185958282696916992
1185958282864803847
1185958282973741056
1185958283259068416
1185958283367989249
1185958283590418437
1185958284102000640
1185958284253171717
1185958285075197952
1185958285096210432
1185958285293379587
1185958285679251456
1185958285783916544
1185958285901520896
1185958285939113984
1185958286173982721
1185958286291431424
1185958286673305602
1185958286752931841
1185958287059116039
1185958287734214657
1185958287919013888
1185958288195756033
1185958288418070528
1185958288933953537
1185958289202270208
1185958289504423936
1185958289596657666
1185958289651257349
1185958289969942536
1185958290598940672
1185958292247449600
1185958292318756865
1185958292440436739
1185958294873169920
1185958295070228482
1185958295095218176
1185958295158378502
1185958296491966464
1185958297255530496
1185958297456783363
1185958297851052032
1185958297880485888
1185958298190827520
1185958298563989504
1185958299310723072
1185958299688148992
1185958300774555648
1185958300895993856
1185958301520936960
1185958302448005121
1185958302712246272
1185958302838075392
1185958303446306816
1185958303634993152
1185958303689592841
1185958303991508998
1185958304272605184
1185958304402591746
1185958304545157122
1185958304725524480
1185958304733974528
1185958304985550853
1185958305736249346
1185958305786662912
1185958305916751872
1185958306516557824
1185958307166593030
1185958307359539202
1185958307753811968
1185958308013903872
1185958308596858880
1185958308752044033
1185958309662265344
1185958310207467522
1185958310261993473
1185958310274568193
1185958310530256896
1185958310777933827
1185958310832492545
1185958310840635397
1185958310970830848
1185958310975025155
1185958311314673664
1185958311604174855
1185958311889457162
1185958312082325504
1185958313659457536
1185958313734881280
1185958313990619136
1185958314372423680
1185958314405957632
1185958314431135744
1185958314460565505
1185958314724585477
1185958315853012992
1185958316905783296
1185958317031591938
1185958317375610881
1185958317744627712
1185958317778182144
1185958317878738945
1185958317987897347
1185958318210052096
1185958318239555585
1185958318453514240
1185958318847774721
1185958318944194563
1185958319170752512
1185958319447597056
1185958320986824704
1185958321481756672
1185958321838272512
1185958321880064000
1185958322043621376
1185958322144530433
1185958322521985024
1185958323348049920
1185958323386048512
1185958324304527361
1185958324816240640
1185958325587824640
1185958326472974336
1185958326657531907
1185958326863106050
1185958327911616514
1185958328465149952
1185958328658223104
1185958328767258624
1185958329081835520
1185958329262075904
1185958330642128896
1185958331065819136
1185958332344877056
1185958332357660672
1185958332705726464
1185958332768628738
1185958332995112960
1185958333146120192
1185958333548843015
1185958334320562176
1185958334400212993
1185958334446178304
1185958334970716160
1185958335029243905
1185958335167811584
1185958335238901763
1185958335377559552
1185958335876685829
1185958336065429510
1185958336220532736
1185958336933572609
1185958337193500679
1185958337625624576
1185958337688543232
1185958338636308481
1185958338640658433
1185958338640711686
1185958339043155968
1185958339290763265
1185958339315937283
1185958339580088320
1185958339609538560
1185958340159004673
1185958341065035776
1185958341350252544
1185958343271165952
1185958343434739712
1185958343560613888
1185958343619371008
1185958343799660547
1185958344051363840
1185958344164433920
1185958344621580288
1185958345334636545
1185958345515196418
1185958345523564544
1185958345628405761
1185958346748248064
1185958346844725248
1185958347444572160
1185958347733901313
1185958347897495553
1185958347952013312
1185958348014936064
1185958348455399425
1185958348459520000
1185958348673318912
1185958349067751424
1185958349336174593
1185958349470339072
1185958349734600706
1185958349839437825
1185958351185862657
1185958351299108866
1185958352297385985
1185958352372797440
1185958352460963841
1185958352532262918
1185958352746172416
