1185955332985622534
1185955333124046848
1185955333224751106
1185955333304475648
1185955333602070533
1185955333644025857
1185955333707042816
1185955333837086720
1185955334050811904
1185955334063415306
1185955334097195010
1185955334164242433
1185955334248120320
1185955334294081536
1185955334399188993
1185955334411694082
1185955334449520645
1185955335023939584
1185955335116328960
1185955335116410880
1185955335443505153
1185955335640698880
1185955335774900224
1185955335800008705
1185955335812435968
1185955336286539776
1185955336445931520
1185955336466894854
1185955336785555466
1185955337007841282
1185955337175740416
1185955337230266370
1185955337481965568
1185955337515520000
1185955337712615425
1185955337981050880
1185955338647953408
1185955338920628224
1185955339017117701
1185955339402928130
1185955339591487488
1185955339818192897
1185955340044701696
1185955340057223170
1185955340069654528
1185955340359098368
1185955340480761856
1185955340493447168
1185955340585713667
1185955340866805761
1185955341399404544
1185955341491720192
1185955341797863425
1185955341898539015
1185955341961437185
1185955342078873600
1185955342259240962
1185955342447972352
1185955342498357248
1185955342674477064
1185955343408328705
1185955343412727808
1185955343844757504
1185955344171724802
1185955344402599938
1185955344603897856
1185955344905883649
1185955345174278144
1185955345245409280
1185955345430142979
1185955345572794369
1185955345748955136
1185955345870610432
1185955345996435456
1185955346797465602
1185955346826829825
1185955346919153669
1185955347942514690
1185955348005433352
1185955348194189312
1185955348231770112
1185955348827365376
1185955349083447298
1185955349599272961
1185955349892927488
1185955349951635456
1185955350027100161
1185955350261964800
1185955350262042625
1185955350970851328
1185955351012745216
1185955351155208195
1185955351159427074
1185955351381839873
1185955351629303808
1185955352061366278
1185955352145223680
1185955352484827136
1185955353063755777
1185955353302831104
1185955353386729473
1185955353458032640
1185955353466494977
1185955353541955584
1185955354074591232
1185955354586300417
1185955354749726720
1185955354766725120
1185955355358105600
1185955355429396480
1185955355509047296
1185955355689271297
1185955355806879745
1185955355852980224
1185955355983056896
1185955356096286721
1185955356163366912
1185955356293419008
1185955356301639686
1185955356687470592
1185955356868001792
1185955356960145409
1185955357073510403
1185955357178368000
1185955357195227146
1185955357291696128
1185955357371142144
1185955357421690880
1185955357593653248
1185955357987889153
1185955358445060096
1185955358470299649
1185955358553985024
1185955358734340096
1185955358839312384
1185955358864482304
1185955358960951298
1185955359032332289
1185955359195664384
1185955359246245889
1185955359732707328
1185955359745302529
1185955359782891520
1185955359846031361
1185955360454168577
1185955360517083138
1185955360613511168
1185955360672276480
1185955360743538688
1185955360970067969
1185955361058185216
1185955361087471617
1185955361867608064
1185955361918017536
1185955362035425280
1185955362119323649
1185955362144444417
1185955362433835011
1185955362656194560
1185955362740035586
1185955363214020608
1185955363230797825
1185955363599732737
1185955364086398977
1185955364094656512
1185955364174479361
1185955364233023488
1185955364354826240
1185955364618924034
1185955364648427520
1185955364891779072
1185955365210341376
1185955365344759810
1185955365730574336
1185955365759918085
1185955365935955968
1185955366183559168
1185955366493970433
1185955366552535041
1185955366825349121
1185955366951104517
1185955367483772928
1185955367496441862
1185955367500562433
1185955367903100933
1185955368087650304
1185955368112967684
1185955368112984064
1185955368557535232
1185955368578494465
1185955368700133377
1185955368704368643
1185955368737935366
1185955368825970689
1185955368955981825
1185955369295732736
1185955369413218304
1185955369442521091
1185955369568423937
1185955369593516032
1185955369799114754
1185955370054737920
1185955370096832514
1185955370486779905
1185955370717581312
1185955371044626432
1185955371120242688
1185955371153870849
1185955371292213248
1185955371426254849
1185955371434700805
1185955371682131968
1185955371900256257
1185955372047060992
1185955372177203203
1185955372298887168
1185955372424667137
1185955372529356800
1185955372869308421
1185955372948811776
1185955372978229248
1185955373053808642
1185955373091643394
1185955373095817216
1185955373146091523
1185955373175332864
1185955373498470401
1185955373536206848
1185955373691224065
1185955373926309890
1185955374052073472
1185955374534402054
1185955374609981442
1185955374769278978
1185955375067074563
1185955375125876737
1185955375201357826
1185955375230652416
1185955375645908993
1185955375679492096
1185955375780106240
1185955375872430080
1185955375977119744
1185955376048562176
1185955376132448256
1185955376275087360
1185955376308600833
1185955376375762946
1185955376476250112
1185955376505720840
1185955376807710720
1185955377260556289
1185955377319419904
1185955377583722497
1185955377919205378
1185955377986318336
1185955378388967424
1185955378485514240
1185955378695147521
1185955379022139392
1185955379101847552
1185955379131441156
1185955379257036800
1185955379437547521
1185955379487756288
1185955379823497222
1185955379919896577
1185955380108677120
1185955380217679872
1185955380301615109
1185955380444225536
1185955380632809472
1185955380884471809
1185955380960071680
1185955381077524480
1185955381517979649
1185955381593411586
1185955381769592833
1185955381866049538
1185955382377758720
1185955382423949317
1185955382428160002
1185955382914617345
1185955383044694021
1185955383078080512
1185955383250079744
1185955383480848394
1185955383577169921
1185955383610920963
1185955383795441666
1185955383887695872
1185955384013533184
1185955384042803200
1185955384218882048
1185955384546082817
1185955384567177217
1185955384638484486
1185955384881750016
1185955385154396160
1185955385338990592
1185955385385148417
1185955385469014016
1185955385582206977
1185955386227978240
1185955386278531072
1185955386542776322
1185955386626461697
1185955386790043648
1185955386852966400
1185955386999869441
1185955387121586177
1185955387121586184
1185955387490496512
1185955387561742336
1185955387561914370
1185955387578687488
1185955388111446019
1185955388144918529
1185955388157583360
1185955388220461058
1185955388379684864
1185955388547424257
1185955388790890496
1185955388845449222
1185955389243678721
1185955389319405569
1185955389365465088
1185955389575065600
1185955389604614144
1185955389700894721
1185955389726187520
1185955389906382850
1185955389956857858
1185955390116249601
1185955390430875648
1185955390636183552
1185955390871277568
1185955391345254400
1185955391386963968
1185955391542366208
1185955391642968064
1185955392075063299
1185955392116920320
1185955392263770115
1185955392402198530
1185955392414715909
1185955392783863809
1185955393085853696
1185955393303990274
1185955393513635840
1185955393526210561
1185955393626882050
1185955393735974912
1185955394314739713
1185955394390245377
1185955394423623680
1185955394507685892
1185955394507694087
1185955394730020864
1185955394998411264
1185955394998419456
1185955395166199808
1185955395375783941
1185955395459829761
1185955395594047488
1185955395900194817
1185955395912683520
1185955396097380355
1185955396399386624
1185955396760096769
1185955396965621761
1185955397321887745
1185955397384826880
1185955398249046018
1185955398345461761
1185955398458626049
1185955398500655107
1185955398555176961
1185955398668431360
1185955398874009601
1185955398941118465
1185955399041802240
1185955399079469056
1185955399175946240
1185955399352180736
1185955399507177475
1185955399540920325
1185955399704502275
1185955399813521408
1185955399851229185
1185955399872200704
1185955399956094977
1185955400107122691
1185955400593657856
1185955401373835264
1185955401495392259
1185955402015481856
1185955402258759680
1185955402279800835
1185955402359463938
1185955402464280577
1185955402673991680
1185955402787233792
1185955403043131394
1185955403227488256
1185955403449942017
1185955403479355393
1185955403743551489
1185955403760320512
1185955403852636160
1185955404007825408
1185955404397895680
1185955404423028737
1185955405064790022
1185955405073129474
1185955405731528704
1185955405916192769
1185955406109167618
1185955406134120448
1185955406155255810
1185955406318899201
1185955406658658304
1185955406767632384
1185955406910316546
1185955406935482370
1185955407086411776
1185955407140917250
1185955407849762822
1185955408462008321
1185955408692822017
1185955408747343872
1185955409397534721
1185955409569423362
1185955409590411265
1185955409955299333
1185955410097967109
1185955410127118337
1185955410349568000
1185955410513223680
1185955410685153282
1185955410945150978
1185955410986930176
1185955411150684160
1185955411322687488
1185955411402379264
1185955411507195906
1185955411574308864
1185955411595104256
1185955411603677187
1185955411842736135
1185955411939094528
1185955411955982342
1185955411972767744
1185955412123799554
1185955412295766016
1185955412320935936
1185955412820008961
1185955412891361281
1185955413302239234
1185955413340151810
1185955413461753858
1185955413474398208
1185955413474402311
1185955413667254274
1185955413860212738
1185955413918916610
1185955414346784768
1185955414887800832
1185955414896197633
1185955415282065408
1185955415303053313
1185955415407898624
1185955415651241985
1185955415697182721
1185955415739252736
1185955416271921153
1185955416397832193
1185955416469135360
1185955416481652738
1185955416481681414
1185955417148530688
1185955417177722881
1185955417584738307
1185955417672835073
1185955417823858690
1185955417861640192
1185955418171936770
1185955418423603200
1185955418549436416
1185955418591379457
1185955418742374401
1185955418939494401
1185955418989875202
1185955419086360579
1185955419086381058
1185955419115655169
1185955419124092929
1185955419291881472
1185955419383984130
1185955419497336834
1185955419593859078
1185955419879104513
1185955419904036865
1185955420139069440
1185955420185288704
1185955420269142019
1185955420336205825
1185955420478697473
1185955420483080193
1185955420499828736
1185955420822757377
1185955420885655553
1185955420906520576
1185955421040861185
1185955421040922630
1185955421129003009
1185955421292396544
1185955421439193088
1185955421468659714
1185955421531492352
1185955421619740677
1185955421850406912
1185955421925920768
1185955422026338309
1185955422026395649
1185955422081110017
1185955422102052865
1185955422127230977
1185955422160801792
1185955422450139137
1185955422705979393
1185955422936719361
1185955422987005954
1185955423062355968
1185955423926530049
1185955423968468993
1185955423997845504
1185955424245293062
1185955424337399808
1185955424526307328
1185955424635256833
1185955424970969095
1185955425004457986
1185955425012895746
1185955425050595328
1185955425285496832
1185955425549574144
1185955425696530432
1185955425813819393
1185955425973346306
1185955426258636800
1185955426329878529
1185955426359304194
1185955426397048837
1185955426480746502
1185955426707410947
1185955427042955264
1185955427227328513
1185955427248422918
1185955427290251264
1185955427378483201
1185955427504148481
1185955427701313536
1185955427848200192
1185955427886026753
1185955428246663169
1185955428729020423
1185955428729065475
1185955428896821249
1185955429148434432
1185955429341454336
1185955429387554818
1185955429416947712
1185955429450473472
1185955429601423363
1185955429660135435
1185955430008266752
1185955430037643267
1185955430306062339
1185955430310305792
1185955430385803266
1185955430758924288
1185955430775656448
1185955431006527489
1185955431014948869
1185955431203721216
1185955431212048384
1185955431396474880
1185955431505633290
1185955431614537728
1185955431841009664
1185955432176738304
1185955432453550085
1185955432503955456
1185955432709406720
1185955432784941056
1185955433179164673
1185955433275645958
1185955433636343808
1185955433661505536
1185955434621997057
1185955434676576256
1185955434810634240
1185955434894712838
1185955434945007616
1185955435062464514
1185955435184054272
1185955435297300480
1185955435406331906
1185955435435700225
1185955435532210177
1185955435876102149
1185955435917922309
1185955436299771907
1185955436341514240
1185955436454912005
1185955436547039232
1185955436551430150
1185955436702380032
1185955436714954753
1185955436840837120
1185955436849061888
1185955437696475155
1185955437746835458
1185955438518362112
1185955439080607744
1185955439160246272
1185955439386624000
1185955439642587136
1185955439755874311
1185955440141721602
1185955440242364417
1185955440263344130
1185955440674398210
1185955441001537537
1185955441026535424
1185955441056112641
1185955441144188928
1185955441299349506
1185955441391611904
1185955441559265280
1185955441651548160
1185955441739591680
1185955441844674560
1185955441974677505
1185955442138243072
1185955442331193344
1185955442331209730
1185955442368876544
1185955442406625281
1185955442528280576
1185955442536730626
1185955442607955975
1185955442809344002
1185955442930995200
1185955442985521153
1185955442989645825
1185955443119722496
1185955443279093761
1185955443425890304
1185955444189290496
1185955444193480710
1185955444222824450
1185955444302458881
1185955444356874240
1185955444763906049
1185955444843565057
1185955445598556161
1185955445783060481
1185955445804019712
1185955445887946752
1185955445887950848
1185955446265270272
1185955446512930817
1185955446659661824
1185955446752006144
1185955446764515328
1185955446873612289
1185955446957494273
1185955447074803712
1185955447112699904
1185955447372763136
1185955447553122304
1185955447708237824
1185955447838248961
1185955447888478208
1185955448010235907
1185955448123473920
1185955448299704323
1185955448396099586
1185955448471474177
1185955448748417024
1185955449130106882
1185955449142763521
1185955449176240129
1185955449352413185
1185955449520246784
1185955449700401152
1185955449851514881
1185955450375852032
1185955450757570563
1185955450958860288
1185955451315224576
1185955451332169728
1185955451512471552
1185955451785170944
1185955452070387712
1185955452506517508
1185955452519010311
1185955452598788096
1185955453018300416
1185955453672534019
1185955453827600384
1185955454352003072
1185955454804848641
1185955454947614720
1185955455622762496
1185955455652249600
1185955455740383236
1185955455757115392
1185955455807447041
1185955455857811459
1185955456327528449
1185955456340152321
1185955456365334528
1185955456386121729
1185955456432427008
1185955456440774662
1185955456562282498
1185955456755200000
1185955456927313921
1185955457082515457
1185955457086701568
1185955457229295616
1185955457275498499
1185955457548062720
1185955457783025664
1185955457883607046
1185955457896189955
1185955458160435200
1185955458328092672
1185955458407792640
1185955458881916928
1185955458994933760
1185955458995146752
1185955459154546689
1185955459515191296
1185955459737571328
1185955459892731904
1185955459947225089
1185955460006006784
1185955460064645123
1185955460123418630
1185955460224036864
1185955460400275465
1185955460509134848
1185955460538482688
1185955460567965696
1185955460764979200
1185955461054554113
1185955461134110720
1185955461134245890
1185955461285253122
1185955461314596866
1185955461352382465
1185955461423452160
1185955461578788864
1185955461742419968
1185955461771735042
1185955462707142658
1185955462736498688
1185955462795202562
1185955463134793728
1185955463730552832
1185955463894126592
1185955464036655105
1185955464196038657
1185955464212897794
1185955464259035136
1185955465252884480
1185955465307611137
1185955465353674754
1185955465559195648
1185955465827684352
1185955466058305537
1185955466309816320
1185955466737635328
1185955466758807552
1185955466800549888
1185955466838499328
1185955466918223873
1185955467182391296
1185955467366977537
1185955467425714177
1185955467434045443
1185955467584884736
1185955467773775872
1185955467912077312
1185955468323315713
1185955468675563521
1185955468835020803
1185955469027880962
1185955469032071169
1185955469384400902
1185955469388595202
1185955469514268672
1185955469569019906
1185955469627740161
1185955470156206080
1185955470185566208
1185955470428852224
1185955470437212162
1185955470600572928
1185955470630178816
1185955470848266240
1185955470898544640
1185955470936301569
1185955470944735232
1185955471099867137
1185955471108296704
1185955471334789120
1185955471812976642
1185955472278544384
1185955472316219392
1185955472316272640
1185955472328839169
1185955472538525698
1185955472576266242
1185955472739840000
1185955472785969157
1185955472844742658
1185955473067073537
1185955473406734340
1185955473511444480
1185955473641615367
1185955473708716033
1185955473712918530
1185955473775681536
1185955473989595136
1185955474002214912
1185955474061058049
1185955474182737920
1185955474405052417
1185955474430185472
1185955474648293376
1185955474677518336
1185955475327717382
1185955475629711361
1185955476162244608
1185955476271333376
1185955476279910400
1185955476716081154
1185955476980359169
1185955477353455616
1185955477416534017
1185955477424951302
1185955477991186439
1185955477995307008
1185955478305681409
1185955478423117825
1185955478582415360
1185955478607749122
1185955478746083339
1185955479530491905
1185955479811432455
1185955479878537227
1185955480092459008
1185955480503554048
1185955480553824257
1185955480562229248
1185955480918736898
1185955480977498113
1185955481367371777
1185955481531011073
1185955481593925638
1185955481623261184
1185955481866649600
1185955481912860672
1185955482571177984
1185955482693001219
1185955482999099393
1185955483770859520
1185955483976208384
1185955484240699392
1185955484332941312
1185955484664242177
1185955484718817280
1185955484731351040
1185955484999794688
1185955485033390081
1185955485112864769
1185955485314441230
1185955485364752384
1185955485557673985
1185955485918420995
1185955486174253059
1185955486316814336
1185955486421733376
1185955486509613056
1185955486690099210
1185955487013068802
1185955487042473984
1185955487621230592
1185955487730339841
1185955487856168962
1185955487885352960
1185955487906484224
1185955488095244288
1185955488174874626
1185955488980066305
1185955489286369281
1185955489328357378
1185955489382879232
1185955489672302592
1185955489718374400
1185955490024558593
1185955490494341120
1185955490750173184
1185955490964086787
1185955490972557319
1185955491144503296
1185955491341467648
1185955491542900736
1185955492008300544
1185955492171898881
1185955492398534663
1185955492557938688
1185955492897656832
1185955493103230977
1185955493354889217
1185955493522620417
1185955493547634688
1185955493556183041
1185955493950476289
1185955494189568006
1185955494386700290
1185955494537695232
1185955494755594240
1185955494785097730
1185955495061925891
1185955495087104002
1185955495141462016
1185955495493931014
1185955495850496000
1185955495921762304
1185955495963701248
1185955496123080704
1185955496332795905
1185955496488062977
1185955496496230401
1185955496634699777
1185955496840302593
1185955496856977409
1185955497041715200
1185955497213607936
1185955497788215296
1185955498056671233
1185955498060849152
1185955498274840577
1185955498392113152
1185955498475970560
1185955498773876736
1185955498811625473
1185955499348549633
1185955499923197952
1185955500602601473
1185955501076602882
1185955501391126528
1185955501525192705
1185955501600890881
1185955501630205957
1185955501768609793
1185955501852504064
1185955502255230977
1185955502271926274
1185955502397673472
1185955502397841410
1185955502997622785
1185955503131676672
1185955503152783361
1185955503165231104
1185955503454785536
1185955503572209664
1185955503832260608
1185955503874150407
1185955504444657664
1185955504679538688
1185955504729796608
1185955504863924224
1185955504968945664
1185955505715331072
1185955505778376705
1185955505933565952
1185955506218655744
1185955506239823875
1185955506306899975
1185955506420178945
1185955506445115392
1185955506726330369
1185955506801823745
1185955507229597696
1185955507275730944
1185955507410001922
1185955507426746369
1185955508223504384
1185955508231892992
1185955508575973376
1185955508605325312
1185955508966047746
1185955509007859712
1185955509117030401
1185955509221888000
1185955509230358528
1185955509490388994
1185955509800554496
1185955509955940359
1185955510060769281
1185955510496956427
1185955510513627136
1185955510627000320
1185955510677164032
1185955510677377025
1185955510744440832
1185955511210000385
1185955511453270022
1185955511637704705
1185955511717511168
1185955511801393153
1185955511855915008
1185955512002777088
1185955512019542019
1185955512032157696
1185955512078274560
1185955512120233984
1185955512140984320
1185955512287821825
1185955512367665154
1185955512518676481
1185955512602550273
1185955512673808387
1185955512967409665
1185955513034514432
1185955513357352960
1185955513428787200
1185955513441210376
1185955513843847170
1185955513986621440
1185955514053730304
1185955514225692672
1185955514439491584
1185955514582257671
1185955514934427650
1185955516104753159
1185955516129910785
1185955516306132997
1185955516507414530
1185955517073633280
1185955517614694400
1185955517677654022
1185955517702782977
1185955518168342528
1185955518193586181
1185955518227124225
1185955518256418817
1185955518281592838
1185955518654926855
1185955518759784456
1185955518944284673
1185955519099527169
1185955519225303041
1185955519514730496
1185955519531573252
1185955519888011264
1185955520282333184
1185955520475258882
1185955520659759104
1185955520672391169
1185955520802373633
1185955520924045312
1185955520949047296
1185955521096048641
1185955521330929671
1185955521385451521
1185955521762738176
1185955521800626176
1185955521829859328
1185955521901281280
1185955521968390146
1185955522010370048
1185955522396250116
1185955523105038337
1185955523130060800
1185955523239256066
1185955523247652869
1185955523520290816
1185955523553722369
1185955523742429184
1185955523922989059
1185955524149436416
1185955524514324480
1185955524551925760
1185955524715646982
1185955524774453248
1185955525294526467
1185955525613236227
1185955525873278977
1185955525998989312
1185955526053650433
1185955526372478977
1185955526426816512
1185955526561140737
1185955526779252736
1185955526984814593
1185955527064317952
1185955527148396544
1185955527353946112
1185955527479775232
1185955527622307841
1185955527777501184
1185955527903318018
1185955527966240768
1185955528389910530
1185955528402460673
1185955528993841152
1185955529262133248
1185955529354612743
1185955529564311552
1185955529593503745
1185955529606291456
1185955529765593091
1185955529832697859
1185955529853689856
1185955529983700993
1185955530214445056
1185955530495463424
1185955530604285953
1185955530717556737
1185955530717782016
1185955530868772864
1185955530927411200
1185955531137191937
1185955532399624192
1185955532433170433
1185955532613525504
1185955532625965056
1185955532819054594
1185955532835831809
1185955532970086405
1185955533368504325
1185955533523750912
1185955533720903681
1185955534131871744
1185955534266089473
1185955534266126338
1185955534651973634
1185955534664548353
1185955534828122112
1185955534941425665
1185955535100809219
1185955535226626049
1185955535289487361
1185955535327240193
1185955535675383808
1185955535734132736
1185955535759253504
1185955536774283267
1185955536849768448
1185955536858038273
1185955536900153346
1185955536954519552
1185955537285828608
1185955537332162562
1185955537428594688
1185955537537646596
1185955537541849088
1185955537999011845
1185955538175234048
1185955538225385473
1185955538405748737
1185955538451853312
1185955538481205248
1185955538510778369
1185955538905030657
1185955540024868869
1185955540519849987
1185955540595363840
1185955540670799874
1185955540985405440
1185955540989407232
1185955541174099969
1185955541425754113
1185955541568446464
1185955541589217280
1185955542046531585
1185955542193364993
1185955542319226882
1185955542772133888
1185955542839119872
1185955542839287808
1185955543174799360
1185955543455879170
1185955543518605315
1185955543518715904
1185955543518777344
1185955543749251072
1185955543858462728
1185955544097579008
1185955544395329543
1185955544420380672
1185955544852520960
1185955544986726400
1185955545167155200
1185955545498488832
1185955545619976195
1185955545800421377
1185955546081484800
1185955546114842624
1185955546144366593
1185955546211540992
1185955546224050177
1185955546580574210
1185955546815488002
1185955546941272066
1185955547125899270
1185955547213959168
1185955548132282368
1185955548249952256
1185955548551888901
1185955548572848128
1185955548744867847
1185955549663432705
1185955549868953607
1185955550166704133
1185955550229651456
1185955550414229507
1185955550426738688
1185955550594555910
1185955551051747340
1185955551403921408
1185955551454384129
1185955552012263431
1185955552377167876
1185955552473550850
1185955553408901124
1185955553610260485
1185955553647849472
1185955553689964545
1185955553698181120
1185955553740148737
1185955554159665160
1185955554621038592
1185955554797195265
1185955554830647296
1185955555086622721
1185955555384418305
1185955555527053319
1185955555942240258
1185955555975802880
1185955556038713344
1185955556109897728
1185955556793565184
1185955557456384004
1185955558043590660
1185955558098198528
1185955558660161537
1185955558685167617
1185955558823780352
1185955558827941889
1185955559188680704
1185955559700385792
1185955559905923072
1185955560212041730
1185955560488755202
1185955560530812940
1185955560644141059
1185955561105321984
1185955561742962689
1185955561944297472
1185955562036629510
1185955562065944576
1185955562191839233
1185955562250555392
1185955562367995904
1185955562665717761
1185955563106160640
1185955563190001664
1185955563206778881
1185955563521200134
1185955563626254339
1185955563709943814
1185955563764682752
1185955563835805696
1185955564037251072
1185955564221861894
1185955564427321346
1185955564892770304
1185955565530312704
1185955565572415488
1185955565677268993
1185955565773524992
1185955565962485761
1185955566251847682
1185955566281097221
1185955566360891397
1185955566402846722
1185955566612553728
1185955566646112257
1185955566688100352
1185955566948093963
1185955567073943555
1185955567124267008
1185955567254360064
1185955567338176513
1185955567363350528
1185955567669514242
1185955567686176769
1185955567824723969
1185955567837339651
1185955567841488897
1185955567883423745
1185955567929450497
1185955568298713089
1185955568655028224
1185955569104031746
1185955569246461957
1185955569364017155
1185955569380626433
1185955569427013632
1185955569443717120
1185955569519095808
1185955569540186112
1185955569540194306
1185955569909293056
1185955570014183427
1185955570207150080
1185955570551001089
1185955570735616002
1185955570936889350
1185955570987229184
1185955571079565317
1185955571322757121
1185955571335348224
1185955571566026752
1185955571813552128
1185955572132339712
1185955572396392448
1185955572987781120
1185955573218664454
1185955573705203712
1185955573998800896
1185955574384594952
1185955574384607233
1185955574703370240
1185955575542276098
1185955575881981952
1185955576066560000
1185955576314060800
1185955576347447296
1185955576758583297
1185955577131700224
1185955577169633283
1185955577219948546
1185955577391931392
1185955577446440966
1185955577454874624
1185955577517592576
1185955577756704768
1185955577991778311
1185955578050437126
1185955578121740290
1185955578163716102
1185955578167861250
1185955578230820869
1185955578620850177
1185955578654396418
1185955578671071237
1185955578822189062
1185955579057053696
1185955579233046528
1185955579249848321
1185955579316994049
1185955579442978816
1185955579459784704
1185955579497287680
1185955579577225216
1185955579585388545
1185955579996454913
1185955580185317384
1185955580416086021
1185955580680138752
1185955580713820160
1185955581154254848
1185955581267460097
1185955581338816522
1185955581754036224
1185955581812793347
1185955581858930688
1185955581997305857
1185955582005645312
1185955582286675968
1185955582584459265
1185955582815158272
1185955583431774209
1185955583574396928
1185955583700148226
1185955583737958400
1185955583930728448
1185955584127852544
1185955584329310208
1185955584429871104
1185955584975233024
1185955584983666694
1185955585184825346
1185955585432391680
1185955585570885633
1185955585575051264
1185955585684058113
1185955585914736641
1185955586015449088
1185955586053169154
1185955586225135616
1185955586535505920
1185955586795560960
1185955586959171584
1185955587571490817
1185955587701522432
1185955587848376320
1185955587860946944
1185955587944787972
1185955587961606147
1185955588200652801
1185955588351479813
1185955588426977281
1185955588804612097
1185955588825468928
1185955588968271875
1185955589278633984
1185955589316399105
1185955589790171136
1185955589815525376
1185955590163464192
1185955590503309312
1185955590583078914
1185955590650023936
1185955590956298240
1185955591132532736
1185955591182794752
1185955591258292225
1185955591350603776
1185955591430107136
1185955591627268096
1185955591681990656
1185955591719653377
1185955591778230272
1185955592080371712
1185955592118132737
1185955592483098625
1185955592579321856
1185955592713707521
1185955592894140417
1185955592994729984
1185955593011503104
1185955593284018176
1185955593544187904
1185955593640652801
1185955593648918529
1185955593665830912
1185955593707835393
1185955594324316161
1185955594437644288
1185955594538119169
1185955594601140226
1185955595163242496
1185955595381166085
1185955595515351041
1185955595674931200
1185955596018696192
1185955596153032705
1185955596287299584
1185955596585058307
1185955596874452992
1185955596920639488
1185955597109346310
1185955597373661187
1185955597386055682
1185955597675618306
1185955597734170624
1185955597776228354
1185955597990055936
1185955598036324352
1185955598216638465
1185955598329929729
1185955598552092672
1185955598589923329
1185955598992494592
1185955599198162944
1185955599386701824
1185955599906934784
1185955599911211016
1185955600003407873
1185955600078966784
1185955600372510723
1185955600397750272
1185955600729026561
1185955601215610882
1185955601257357314
1185955601274281984
1185955601567764482
1185955601744048128
1185955602008363008
1185955602050273281
1185955602104832001
1185955602146758656
1185955602150940672
1185955602268332037
1185955602402402304
1185955602729750534
1185955602859773954
1185955603207737345
1185955603283431424
1185955603417427968
1185955603493146625
1185955603505696773
1185955603551789056
1185955603560222720
1185955603740594182
1185955604088737799
1185955604138991617
1185955604247928832
1185955604281491457
1185955604319350790
1185955604403249155
1185955604403277825
1185955604742885376
1185955604868816898
1185955605300891648
1185955605401493504
1185955605493796864
1185955605875281921
1185955605896454144
1185955606571687938
1185955606643068930
1185955606756253699
1185955606819008512
1185955607221690368
1185955607448342529
1185955607486062594
1185955608131969025
1185955608513699840
1185955608702439424
1185955609096658951
1185955609117679617
1185955609146871809
1185955609679712257
1185955609935536134
1185955610023649280
1185955610044575745
1185955610564579330
1185955610593914880
1185955610719850496
1185955611122524160
1185955611319721985
1185955611424542722
1185955611437129730
1185955611810287617
1185955611860709376
1185955611894255616
1185955612053520385
1185955612120760324
1185955612246474752
1185955612351270912
1185955612540186625
1185955612741525506
1185955613014134785
1185955613068713984
1185955613139968000
1185955613177712641
1185955613479714819
1185955613911728129
1185955613945131008
1185955614020661250
1185955614045982721
1185955614242926592
1185955614297677824
1185955614305984512
1185955614364786689
1185955614951800838
1185955615010643974
1185955615073550337
1185955615107096578
1185955615115481088
1185955615711080448
1185955615773986816
1185955615895642114
1185955616197697544
1185955616285777921
1185955616428306434
1185955616608534528
1185955616973475840
1185955617195749377
1185955617229414406
1185955617472745479
1185955617690783746
1185955617707646976
1185955618357690368
1185955618500284416
1185955618584059904
1185955619196604416
1185955619272040449
1185955619540484096
1185955619704070150
1185955620610068480
1185955620651962369
1185955621146779648
1185955621725716482
1185955621918478337
1185955621922840577
1185955622208098304
1185955622291988480
1185955622312906753
1185955622371676164
1185955622535290880
1185955622556180480
1185955622598119424
1185955622627483648
1185955622816227330
1185955623206305793
1185955623244095488
1185955623445262336
1185955623600566274
1185955623705464839
1185955624087097344
1185955624296898563
1185955624636616704
1185955624967983104
1185955625458638853
1185955625492107264
1185955625987198976
1185955626045755392
1185955626331054081
1185955626486304773
1185955626494627841
1185955626565931008
1185955627023122433
1185955627425599488
1185955627732000770
1185955628281421828
1185955628394651648
1185955628512096256
1185955628528877568
1185955628684103683
1185955628696723457
1185955628776378369
1185955629577302016
1185955629644632066
1185955629690707968
1185955629745299456
1185955630118506496
1185955630328287235
1185955630332420097
1185955630412173325
1185955630722568192
1185955630743506945
1185955630760116224
1185955630969999360
1185955631863390211
1185955631879970816
1185955631909527556
1185955632001630208
1185955632039497730
1185955632802754560
1185955632924508160
1185955633440407552
1185955633780219905
1185955633880846336
1185955633880879104
1185955634170216448
1185955634182852608
1185955634229010432
1185955634442919942
1185955634614697984
1185955634644172800
1185955634723917824
1185955635092971521
1185955635114008576
1185955635214446593
1185955635252387843
1185955635776708609
1185955635789086725
1185955636305022979
1185955636485480450
1185955636506439680
1185955636720345089
1185955636749754369
1185955636812681217
1185955636980281352
1185955637315952641
1185955637332762624
1185955637450002435
1185955637580173314
1185955637777387521
1185955637907337217
1185955638163185664
1185955638188367872
1185955638217625600
1185955638406455297
1185955638691717120
1185955638846906369
1185955638897238017
1185955639081623552
1185955639165628419
1185955639434104834
1185955639761264640
1185955639895433222
1185955640281370626
1185955640298164224
1185955640386174976
1185955640444964866
1185955641203970048
1185955641216720897
1185955641262792709
1185955641376100352
1185955641719955458
1185955641942253568
1185955641988407296
1185955642025992194
1185955642026147840
1185955642160402434
1185955642227511298
1185955642235863041
1185955642277842945
1185955642311368704
1185955642332385281
1185955642378506242
1185955642722476038
1185955643326435328
1185955643724689408
1185955643871694849
1185955643934396416
1185955644010090497
1185955644110585858
1185955644118986752
1185955644441890816
1185955644500774912
1185955644588867584
1185955644769275904
1185955644844756993
1185955644970536960
1185955645155004416
1185955645218066432
1185955645469671424
1185955645499084800
1185955645541027840
1185955646241419264
1185955646274965509
1185955646488793088
1185955646577041409
1185955646757322752
1185955646891528194
1185955647252074496
1185955647352983554
1185955647575207937
1185955647667494912
1185955647709503488
1185955647843647488
1185955648384561153
1185955648745308160
1185955648854515713
1185955648875327488
1185955648879677440
1185955648946749442
1185955649135480834
1185955649223565312
1185955649236025345
1185955649550725120
1185955649970233345
1185955649978556418
1185955650171539456
1185955650179874816
1185955650406408192
1185955650527997958
1185955650771345408
1185955650788044801
1185955651136163841
1185955651144560643
1185955651287171072
1185955651526254592
1185955652000088064
1185955652079947777
1185955652092465155
1185955652100771842
1185955652537081856
1185955652675481601
1185955652696530949
1185955652708945922
1185955652755247104
1185955652763566083
1185955653044621312
1185955653162065921
1185955653304668167
1185955653359144961
1185955654168657926
1185955654294360064
1185955654298734592
1185955654508302336
1185955654512496640
1185955654554402816
1185955654898466818
1185955655234019329
1185955655255056384
1185955655410212871
1185955655447994369
1185955655988973568
1185955656358158341
1185955656374898688
1185955656622321665
1185955656806699008
1185955656966127616
1185955657041747969
1185955657146683393
1185955657184358402
1185955657377173504
1185955657670782976
1185955657696141312
1185955657926754305
1185955658199420929
1185955658492977158
1185955658765438976
1185955659029843969
1185955659558379520
1185955659583496192
1185955660053254145
1185955660921540608
1185955660955029504
1185955660955115532
1185955661034582021
1185955661038923781
1185955661051564033
1185955661458399233
1185955661684842501
1185955661764534273
1185955661831528449
1185955661999415296
1185955662116917248
1185955662393675778
1185955662544723970
1185955662716497921
1185955662875873280
1185955663110987780
1185955663408783361
1185955663459110912
1185955663463305216
1185955663610109959
1185955663899516929
1185955663953956864
1185955663983398912
1185955664050438144
1185955664239190016
1185955664574717952
1185955664822259713
1185955664885178379
1185955664910155776
1185955665128448001
1185955665145159682
1185955665359069184
1185955665363324929
1185955665728151552
1185955665740779522
1185955665870757888
1185955665925283840
1185955666055311361
1185955666223079425
1185955666541891586
1185955666671931393
1185955667347005441
1185955667351347200
1185955667431034880
1185955667443671046
1185955667728830466
1185955667863048195
1185955668085399555
1185955668576100356
1185955668806770688
1185955669427605504
1185955669767266304
1185955669972619265
1185955670459371520
1185955670560071680
1185955670581043200
1185955670593544192
1185955670694064128
1185955670731960320
1185955670732017664
1185955671138684928
1185955671260323840
1185955671365357574
1185955671461621760
1185955671675670528
1185955672136937472
1185955672162275328
1185955672497840130
1185955672795602944
1185955673240166401
1185955673403809793
1185955673823240193
1185955674200707073
1185955674481496065
1185955674582183936
1185955674662096896
1185955674875928582
1185955674993254400
1185955675114889216
1185955675463208961
1185955675530235904
1185955675647528961
1185955675740033025
1185955675937148928
1185955675970531329
1185955676276822016
1185955676415283200
1185955676423630850
1185955676822163458
1185955676926939136
1185955677140914182
1185955677153349632
1185955677409296385
1185955677417684999
1185955677455310858
1185955677593686018
1185955678093037569
1185955678206283780
1185955678331928576
1185955678684372999
1185955678701142017
1185955678940270593
1185955679225270272
1185955679233818625
1185955679602917376
1185955679921680384
1185955680026583041
1185955680240451585
1185955680332763136
1185955680357961734
1185955680512905216
1185955680680849408
1185955680743821313
1185955680865439746
1185955681033211906
1185955681343553536
1185955681603506178
1185955681763057664
1185955682165514240
1185955682165710850
1185955682438336512
1185955682568134657
1185955682912296961
1185955683033849856
1185955683121979392
1185955683272974336
1185955683281395713
1185955683390414849
1185955683566530560
1185955683830829062
1185955684598333445
1185955685068136454
1185955685172948993
1185955685189726208
1185955685353361408
1185955685420240896
1185955685470740480
1185955685651009537
1185955685772578822
1185955685965672450
1185955686187962368
1185955686686978048
1185955687026823175
1185955687366569985
1185955687542583296
1185955688004182016
1185955688159285250
1185955688276774914
1185955688427802625
1185955688687620096
1185955689161736193
1185955689505660929
1185955689535029248
1185955689572818944
1185955689744797697
1185955689962754049
1185955690000592896
1185955690034188289
1185955690080280576
1185955690273103877
1185955690340216832
1185955690516533249
1185955690755563520
1185955690898251776
1185955690915024896
1185955691284041728
1185955691321790465
1185955691325865984
1185955691468656642
1185955691950989312
1185955691955195904
1185955692202606600
1185955692311646208
1185955692605296640
1185955692726894593
1185955692743667715
1185955692814970882
1185955693486137355
1185955693586735104
1185955693766930433
1185955694249418752
1185955694773706755
1185955694870237185
1185955695407091713
1185955695621033985
1185955695948193793
1185955696132661249
1185955696224980992
1185955696338198533
1185955697084829704
1185955697160314886
1185955697219035136
1185955697286139907
1185955697424588800
1185955697734737920
1185955697890074625
1185955698590527489
1185955698707968005
1185955698749988867
1185955698850648064
1185955698930323456
1185955699043364864
1185955699106471936
1185955699299368961
1185955699584589827
1185955700071129088
1185955700549259264
1185955701010653184
1185955701207764993
1185955701555945472
1185955702050840581
1185955702445002752
1185955702562410498
1185955702587744256
1185955702730317824
1185955702814044160
1185955703212662789
1185955703359336449
1185955703372038145
1185955703535501312
1185955703728562181
1185955703741145095
1185955704185806848
1185955704261218304
1185955704395501569
1185955704412094465
1185955705221726210
1185955705351737344
1185955705569861632
1185955705859260418
1185955705930551296
1185955706048040960
1185955706073239553
1185955706190606336
1185955706245128194
1185955706274549762
1185955706580676608
1185955706660446214
1185955707331452928
1185955707436359680
1185955707809648640
1185955707969048576
1185955707998363653
1185955708027707392
1185955708031950848
1185955708099010562
1185955708522651651
1185955708568772608
1185955709139259394
1185955709319553028
1185955709462237184
1185955710405885952
1185955710607200256
1185955710913265666
1185955711467044869
1185955711471144961
1185955711571890183
1185955711592943616
1185955711760715779
1185955711869603840
1185955711932452864
1185955712167485448
1185955712175755265
1185955712645697536
1185955712981258242
1185955713048137729
1185955713056759808
1185955713245417473
1185955713245421568
1185955713245470720
1185955713383882753
1185955713459408896
1185955713518059524
1185955713685905409
1185955713690034176
1185955713711071232
1185955713731960837
1185955713824296962
1185955713912377344
1185955713920704512
1185955714709233665
1185955714805702660
1185955714977714183
1185955715166461956
1185955715258601473
1185955715921432576
1185955716017872897
1185955716118601729
1185955716282175489
1185955716286337025
1185955716919681024
1185955717523468288
1185955718479908864
1185955718681321472
1185955718928748544
1185955719087919104
1185955719457185792
1185955719616618496
1185955719893454848
1185955720010829826
1185955720031653889
1185955720140853248
1185955720254111744
1185955720287506432
1185955720380014593
1185955720463822848
1185955720732143618
1185955720916803585
1185955721311129600
1185955721655017474
1185955721986396161
1185955722053541891
1185955722338566144
1185955722418425856
1185955722783162368
1185955723055894530
1185955723055898625
1185955723156570116
1185955723236302852
1185955723353526272
1185955724050010112
1185955724087775232
1185955724217724928
1185955724221804544
1185955724230348800
1185955724284891137
1185955724490428418
1185955724507131912
1185955724574113792
1185955724574285825
1185955724641345536
1185955724846948353
1185955724851138565
1185955725195075584
1185955725631262720
1185955725723357185
1185955726071611392
1185955726440706049
1185955726449152001
1185955726495121408
1185955726528831488
1185955726776242177
1185955726797221894
1185955727254441991
1185955727443140609
1185955727573180417
1185955727719821312
1185955727912755200
1185955728122662912
1185955728252530688
1185955728378486789
1185955728542126081
1185955728680353794
1185955728814727168
1185955728932032512
1185955729099804673
1185955729624256512
1185955729875881985
1185955729942945794
1185955730131750914
1185955730144186368
1185955730341412872
1185955730354036736
1185955730526003202
1185955730530209792
1185955730584719360
1185955730815356931
1185955730924457986
1185955730974658562
1185955731029159936
1185955731071209472
1185955731184541696
1185955731297783809
1185955731532435456
1185955731603722241
1185955731679395841
1185955731926900736
1185955732044353536
1185955732581244928
1185955732606373888
1185955732665057280
1185955732727980034
1185955733008896001
1185955733160058880
1185955733294202888
1185955733440991232
1185955733617160192
1185955733893976064
1185955733982138368
1185955734124716032
1185955734187663360
1185955734351220737
1185955734833504258
1185955734875303938
1185955735257128967
1185955735563321344
1185955735835799552
1185955735940714496
1185955736259575810
1185955737002008576
1185955737127833602
1185955737173934085
1185955737241116672
1185955737505280001
1185955737912172544
1185955738050584577
1185955738134335488
1185955738377699328
1185955738428084224
1185955738524491776
1185955738805342208
1185955739212435456
1185955739228987392
1185955739413700609
1185955739564511232
1185955739652820992
1185955739686363141
1185955739690590208
1185955740080640001
1185955740202221570
1185955740504252417
1185955740558737408
1185955740642615297
1185955741028487169
1185955741515046912
1185955741779275777
1185955742316158978
1185955742613942275
1185955742672719875
1185955742865604609
1185955742987247616
1185955743020675072
1185955743041757187
1185955743045865472
1185955743062724609
1185955743171657733
1185955743255711746
1185955743591256070
1185955743742222337
1185955743758987264
1185955743809204224
1185955743909978114
1185955744199401473
1185955744446910467
1185955744555917312
1185955744560091136
1185955744639791109
1185955744786583559
1185955744819994630
1185955744849563648
1185955744971132930
1185955745012928513
1185955745071652866
1185955745180930048
1185955745319272453
1185955745336037385
1185955745491308545
1185955745554190336
1185955745692635144
1185955746095095808
1185955746095292416
1185955746120380416
1185955746170753024
1185955746254639111
1185955746334334978
1185955746514702336
1185955746577403904
1185955746623774721
1185955746808287232
1185955747072483330
1185955747080867841
1185955747298971649
1185955747365969920
1185955747554906112
1185955747584204802
1185955748003627016
1185955748062388231
1185955748104175616
1185955748133658631
1185955748666232832
1185955748704083969
1185955748720721921
1185955749278687232
1185955749299703809
1185955749781889024
1185955749811367944
1185955749899440128
1185955749924614149
1185955750050488321
1185955750104797184
1185955750604148740
1185955750624915462
1185955751304536069
1185955751514296321
1185955751564644353
1185955751610724353
1185955751782703110
1185955751912714241
1185955752239927296
1185955752432881670
1185955752550322176
1185955752642596864
1185955752680263682
1185955753103937536
1185955753187635201
1185955753569509379
1185955754056081408
1185955754144083969
1185955754236403712
1185955754508980224
1185955754731175937
1185955754928418817
1185955755075264513
1185955755406413824
1185955755456978946
1185955755477913601
1185955755498835969
1185955755620556800
1185955756006203392
1185955756048187392
1185955756216143872
1185955756400660480
1185955756434214914
1185955756497080321
1185955757461790720
1185955758250348544
1185955758254411776
1185955758313279488
1185955758430703624
1185955758518734848
1185955758535520256
1185955758699139072
1185955758799806471
1185955758917111813
1185955759009357824
1185955759064076290
1185955759408013313
1185955759542226944
1185955759823245313
1185955759974010880
1185955760062119936
1185955760313794560
1185955760330756097
1185955760360054785
1185955760565563394
1185955760624287744
1185955760628535296
1185955760628535297
1185955760691396610
1185955760758575104
1185955760838234114
1185955760980844546
1185955761886760961
1185955761920233472
1185955762113257473
1185955762159439874
1185955762318856193
1185955762327162880
1185955762356576257
1185955762394161157
1185955762440417283
1185955763182886913
1185955763388370945
1185955763497377793
1185955763639832578
1185955763816058880
1185955764143378433
1185955764147556352
1185955764210458624
1185955764436897793
1185955764474654721
1185955764596285441
1185955764776644608
1185955764931837953
1185955764957011968
1185955765011521538
1185955765074452480
1185955765342920706
1185955765569249280
1185955765695045633
1185955765724602369
1185955766110445568
1185955766186004485
1185955766563418112
1185955766768984064
1185955767108526080
1185955767121252352
1185955767440031744
1185955767997861888
1185955768480256003
1185955768832540672
1185955768928886786
1185955769134436353
1185955769256239118
1185955769386188800
1185955769524596738
1185955769558196224
1185955769671409664
1185955769776254976
1185955769906335744
1185955770036379649
1185955770094903296
1185955770262872064
1185955770342481921
1185955770527039490
1185955770569056256
1185955770812293120
1185955771571417091
1185955771705638912
1185955771852439555
1185955772070416384
1185955772188053504
1185955772351614977
1185955772364029952
1185955772380762112
1185955772460453888
1185955772699758592
1185955772800339968
1185955772821377025
1185955773249179650
1185955773521813506
1185955773534425088
1185955773941243904
1185955774041858049
1185955774259875841
1185955774289383424
1185955774444400640
1185955774536847360
1185955774670860288
1185955774830391297
1185955775031709696
1185955775371460609
1185955775484706822
1185955775849652224
1185955775975514112
1185955776168374273
1185955776323604481
1185955776474599425
1185955776856244226
1185955777158230016
1185955777183473665
1185955777204244480
1185955777217024003
1185955777313464321
1185955777560895490
1185955777665785857
1185955778148163584
1185955778252955649
1185955778328440833
1185955778399653893
1185955778538168320
1185955778596876288
1185955778953449473
1185955779116818433
1185955779154796544
1185955780488581127
1185955780668743680
1185955781427908608
1185955781553856513
1185955781931421696
1185955781973282819
1185955782136778753
1185955782640074752
1185955783118245891
1185955783177113607
1185955783265140737
1185955783500095488
1185955783718113280
1185955784208850947
1185955784313790464
1185955784791875584
1185955785030930434
1185955785236533248
1185955785571999745
1185955785655771139
1185955785664323584
1185955786024992769
1185955786146635776
1185955786322784256
1185955786343813130
1185955786670759937
1185955786683322368
1185955786788347904
1185955786922610688
1185955787258191873
1185955787471867904
1185955787471933440
1185955787891445760
1185955787908059136
1185955787971158016
1185955787987914752
1185955788029870080
1185955788134715392
1185955788193443840
1185955788201844737
1185955788373803009
1185955788411551746
1185955788495437824
1185955788533182464
1185955788575199237
1185955788830973952
1185955788944216064
1185955789309128704
1185955789309132802
1185955789418254339
1185955789736992768
1185955789858578432
1185955789871013890
1185955790009581568
1185955790181425152
1185955790286401542
1185955790412115969
1185955790546493441
1185955790697455618
1185955790936563712
1185955791028850695
1185955791087591431
1185955791095959552
1185955791242706945
1185955791242706946
1185955791251095552
1185955791280295936
1185955792693972994
1185955792782090240
1185955793016889344
1185955793243398149
1185955793419550725
1185955793616670722
1185955794010955778
1185955794056970241
1185955794296156161
1185955794489090050
1185955794635907073
1185955794778542087
1185955794820456449
1185955795013427200
1185955795655114753
1185955795801923591
1185955796020006913
1185955796082802690
1185955796191985666
1185955796263170048
1185955796535758849
1185955797014077440
1185955797206888448
1185955797332905985
1185955797374656512
1185955797714391040
1185955798318567424
1185955798620557320
1185955798628864000
1185955798918324224
1185955799224541188
1185955799325200384
1185955799345971200
1185955799350136832
1185955799388086278
1185955799727837184
1185955799794884616
1185955800117723136
1185955800130433024
1185955800243523584
1185955800361132043
1185955800361177088
1185955800386363392
1185955800449204224
1185955800742858754
1185955801019621376
1185955801107750912
1185955801363558400
1185955801401352192
1185955801468493824
1185955801606819840
1185955801934057473
1185955802017927170
1185955802219024384
1185955802525392896
1185955802588368897
1185955802667978752
1185955802835759104
1185955803083280392
1185955803104198656
1185955803259387905
1185955803464949760
1185955803565453312
1185955803695501312
1185955803834081280
1185955804039598085
1185955804043730944
1185955804320546817
1185955804421218305
1185955804660355073
1185955804983242753
1185955805134237696
1185955805142536192
1185955805171998720
1185955805599879168
1185955805650214912
1185955805767618560
1185955806447099906
1185955806560374784
1185955806916812801
1185955806921015297
1185955807449505792
1185955807709581312
1185955807713746951
1185955807873175554
1185955808233873415
1185955808611307520
1185955808741384193
1185955808745529345
1185955808783355904
1185955808984604673
1185955809009786882
1185955809232076801
1185955809328451584
1185955809366335489
1185955809420664832
1185955809748029442
1185955809882193920
1185955810251132929
1185955810293288970
1185955810779783168
1185955811035627520
1185955811203469313
1185955811224408064
1185955811287355397
1185955811379613696
1185955811463483393
1185955811509469184
1185955811849310208
1185955811954221057
1185955811991916548
1185955812428136449
1185955812637724672
1185955812650487809
1185955813682307074
1185955813724168192
1185955813791322112
1185955814093312000
1185955814462427137
1185955814521135105
1185955814588190721
1185955814751821824
1185955814764240896
1185955814919544832
1185955815284338689
1185955815288725504
1185955815838097408
1185955816165335040
1185955816245006337
1185955816433684481
1185955816538546181
1185955816702017541
1185955816878280705
1185955816899272705
1185955817499123714
1185955817671069702
1185955817675116544
1185955817717153792
1185955817805234176
1185955817863962629
1185955818019016705
1185955818145042435
1185955818182729729
1185955818258214913
1185955818501484544
1185955818732183552
1185955818866380800
1185955818966896641
1185955818992218112
1185955819017375744
1185955819067793408
1185955819331960832
1185955819424305157
1185955819441049600
1185955819654959104
1185955820036509697
1185955820254707712
1185955820397350915
1185955820581859329
1185955820690968577
1185955820883849216
1185955821164748800
1185955821336834049
1185955822376898566
1185955822582587393
1185955822930673664
1185955823006212096
1185955823509479426
1185955823509479427
1185955823513681921
1185955823865995267
1185955823903760385
1185955824503529472
1185955824520302592
1185955824776044551
1185955824784551937
1185955824914587653
1185955825140895744
1185955825543794690
1185955825577316352
1185955825682128896
1185955825778601984
1185955826093215745
1185955826269392896
1185955826311122944
1185955826365849600
1185955826525016064
1185955826537783298
1185955826835439616
1185955826856427527
1185955827225513984
1185955827800248320
1185955827909152768
1185955827946905600
1185955828047794185
1185955828135878665
1185955828341362688
1185955828437803009
1185955828953538560
1185955829079523329
1185955829729677317
1185955829830356993
1185955829935161344
1185955829956128768
1185955830560104448
1185955830681739265
1185955830920863749
1185955831134740480
1185955831193448448
1185955831612755973
1185955831625506816
1185955831713587204
1185955831843569672
1185955831919075329
1185955832086708224
1185955832204124160
1185955832258686977
1185955832325906433
1185955832489336832
1185955832699195392
1185955833559109638
1185955833890459648
1185955834020487170
1185955834062352384
1185955834070736899
1185955834167267332
1185955834175508480
1185955834360221699
1185955835022848002
1185955835110920192
1185955835127750656
1185955835190665216
1185955835303940096
1185955835568181249
1185955835899461632
1185955836163739654
