1185962379332521984
1185962379340931072
1185962380968288258
1185962381798772736
1185962382180241408
1185962382197215232
1185962382243389441
1185962383157559296
1185962383161860096
1185962383275102209
1185962384034291713
1185962384466333697
1185962385309351937
1185962385753948165
1185962387217813504
1185962387582660609
1185962388392161285
1185962388794826754
1185962389407256576
1185962390854258689
1185962391294664705
1185962391483408386
1185962391508586497
1185962392171270145
1185962392490008577
1185962392603246594
1185962394427822081
1185962394608197633
1185962395849543680
1185962398496124928
1185962398819246082
1185962398852665344
1185962399360307200
1185962399460974592
1185962399536504833
1185962399750336513
1185962400094343169
1185962400245342209
1185962401285464064
1185962401398693888
1185962401587499009
1185962401977569283
1185962402015318019
1185962402258571265
1185962402304495616
1185962402774474753
1185962403017711616
1185962403462287360
1185962403588009984
1185962404326395904
1185962404770828289
1185962405723082752
1185962406066810880
1185962406188593152
1185962406188638212
1185962407094562816
1185962407497256960
1185962407555948546
1185962408147345415
1185962409531457536
1185962410106118144
1185962410861125632
1185962411137945601
1185962412232630273
1185962412681453569
1185962412777836545
1185962413159538689
1185962413268656128
1185962413817860096
1185962413830467584
1185962415923630080
1185962416301072386
1185962416422690816
1185962416695316481
1185962416804229121
1185962416817016832
1185962416854765568
1185962416884064257
1185962417227890688
1185962417429372930
1185962418066853888
1185962418301820931
1185962418654138368
1185962419761401856
1185962420755402754
1185962421141196800
1185962421267107840
1185962421757861888
1185962422378680320
1185962422596554752
1185962422701568000
1185962423125233673
1185962423527698433
1185962424085766144
1185962425113288704
1185962426992386049
1185962427508297728
1185962427785060352
1185962427805917186
1185962427982200832
1185962428225458181
1185962428561088513
1185962428741369857
1185962428967903232
1185962430020706306
1185962430163308546
1185962430423326721
1185962430570139650
1185962431039901699
1185962431333441537
1185962431656464385
1185962432138809346
1185962432256249856
1185962432302321665
1185962432923160576
1185962433506107395
1185962433573203970
1185962435133394944
1185962435171246081
1185962435359969280
1185962435712344068
1185962436052041730
1185962436601339904
1185962436656091136
1185962436878389250
1185962437524115456
1185962437712982028
1185962437717250055
1185962437876445184
1185962438979657729
1185962439172481024
1185962439290114051
1185962439394975744
1185962440242151427
1185962440283918336
1185962440544018433
1185962440942600198
1185962441236041729
1185962441542258688
1185962441840250887
1185962441886392321
1185962441953427462
1185962442301546497
1185962442628780032
1185962443710840832
1185962443874426881
1185962443954163712
1185962445212401665
1185962445724098561
1185962446093258752
1185962446571225093
1185962446906781696
1185962447020154881
1185962447401652224
1185962447439613952
1185962447607336960
1185962447976448006
1185962448039362560
1185962448488144898
1185962448492187648
1185962448689303554
1185962449108946944
1185962449264091139
1185962450027450375
1185962450077802496
1185962450245640192
1185962450459512833
1185962452334399493
1185962453294862336
1185962453311442950
1185962454460850176
1185962454607548416
1185962455085846529
1185962456381657088
1185962457082277889
1185962458462081024
1185962458730643456
1185962460483747841
1185962460978860032
1185962460982984705
1185962461423386625
1185962461696086020
1185962461830139908
1185962462002208768
1185962463356956673
1185962464363593730
1185962464464080896
1185962464476721152
1185962464531238912
1185962464619352064
1185962464720179201
1185962466154569731
1185962466313932800
1185962467152875521
1185962469912727553
1185962469983952897
1185962470206300166
1185962470424363016
1185962470604713992
1185962470667706368
1185962471166795776
1185962471766593536
1185962472328417280
1185962472613777410
1185962472769048577
1185962472961970176
1185962473704157184
1185962473834369026
1185962474731986944
1185962475226689536
1185962475675627525
1185962476631810049
1185962477185589252
1185962477206605826
1185962477265313793
1185962477449875457
1185962477722439680
1185962478066454528
1185962478490046464
1185962478695370753
1185962479450492928
1185962479735758848
1185962480641675265
1185962481300099072
1185962481329541121
1185962481463767040
1185962482579443718
1185962483451871232
1185962483795841025
1185962484374659074
1185962485305626625
1185962485574074373
1185962486253543424
1185962486568226816
1185962486605860864
1185962487268724736
1185962487268724737
1185962487302242304
1185962487793049600
1185962488376053760
1185962488623521793
1185962488837206017
1185962489202331648
1185962489944649730
1185962490129256448
1185962490833842177
1185962490963939330
1185962492159238146
1185962492515753989
1185962492608073731
1185962492792582151
1185962492968787970
1185962492998144000
1185962493086011392
1185962494193520641
1185962494239657985
1185962494604521473
1185962494680064000
1185962495338569729
1185962496018042881
1185962496441671680
1185962497175621640
1185962498220023809
1185962498798829570
1185962499205677058
1185962499604013056
1185962499956363264
1185962500837261313
1185962501243957250
1185962502565310465
1185962502879879170
1185962503081054208
1185962503131541507
1185962503559405571
1185962503643250689
1185962503773274112
1185962504406614018
1185962506856124418
1185962506864545792
1185962508860964864
1185962509393641473
1185962509456625671
1185962510194753536
1185962510584864772
1185962510987513856
1185962510991679489
1185962512564588544
1185962513910894592
1185962514003173376
1185962514418425859
1185962514569408514
1185962514573488129
1185962515252957184
1185962515844468737
1185962516578553857
1185962516939190273
1185962517253648390
1185962517425803268
1185962517572378624
1185962517660622848
1185962518046330882
1185962518176382976
1185962518298136576
1185962518394658817
1185962518528888835
1185962520802185216
1185962521460654083
1185962521661980672
1185962523381719041
1185962523968917507
1185962524203782149
1185962524597989377
1185962524958744577
1185962524983865345
1185962525084532737
1185962525369737216
1185962525864558592
1185962526858792961
1185962527328493568
1185962527567613957
1185962527882203136
1185962528205168640
1185962528221880322
1185962528972529664
1185962529656147968
1185962530168070145
1185962531132755968
1185962531317264384
1185962531447365632
1185962531518418944
1185962531686375430
1185962532042956806
1185962532105850881
1185962532927950849
1185962533280239616
1185962533590618112
1185962533666070529
1185962534140076032
1185962534257299456
1185962534827900928
1185962535347994626
1185962536220483585
1185962536753139715
1185962536899878912
1185962536920911879
1185962536958603264
1185962536992161793
1185962537000558592
1185962537034104835
1185962537076121601
1185962537742983169
1185962537977810950
1185962538380468224
1185962538527272960
1185962538682462211
1185962538728595456
1185962539118551040
1185962539357822976
1185962539756277761
1185962539777220608
1185962540062461952
1185962540137889792
1185962540284760064
1185962540607643651
1185962541685432320
1185962541807046656
1185962541920464899
1185962542130089984
1185962542675431424
1185962542797086720
1185962542985863168
1185962543728058369
1185962543875051520
1185962543958908928
1185962545254932480
1185962545275949058
1185962545296871427
1185962545481486343
1185962546135785475
1185962547184308224
1185962547511545858
1185962547578593288
1185962548379688960
1185962548442681344
1185962548719509504
1185962548740415488
1185962549134540800
1185962549491187712
1185962551336566784
1185962551743565825
1185962552746020864
1185962553060581377
1185962553161240576
1185962553177862144
1185962553257713665
1185962553391931393
1185962553446469633
1185962553798725634
1185962554012553219
1185962554113384448
1185962554251567104
1185962554687971329
1185962554822184961
1185962555145183239
1185962555392610304
1185962555405148160
1185962555413614592
1185962555514200065
1185962555891769345
1185962555937677312
1185962557019951104
1185962557204512768
1185962557401632771
1185962557737189383
1185962558429319169
1185962558911602688
1185962559700197377
1185962559893049344
1185962560111173633
1185962560224407553
1185962561813934080
1185962561885364225
1185962561918902280
1185962562111901696
1185962563156103168
1185962563445628928
1185962564192260096
1185962564322095104
1185962565077102593
1185962565110784005
1185962565731377153
1185962565953867777
1185962566960500736
1185962567354720256
1185962567618957312
1185962568009080832
1185962569132937216
1185962569229656064
1185962569338626055
1185962571259633664
1185962571309944832
1185962571326787584
1185962571402219520
1185962571465146369
1185962572052336642
1185962572551507969
1185962572614377473
1185962573260349440
1185962573587517442
1185962573654568960
1185962574178856960
1185962576510889985
1185962576661770241
1185962576741466112
1185962576980561920
1185962577194442752
1185962577324580865
1185962577974702080
1185962578918297600
1185962579333533696
1185962579434393600
1185962579983847427
1185962580151623680
1185962580294148097
1185962581271425024
1185962581372133376
1185962582265520128
1185962583645396992
1185962584077488128
1185962584140406785
1185962584572416000
1185962584601591808
1185962585650290693
1185962586761596928
1185962586782752768
1185962587055427584
1185962587349016577
1185962587567071232
1185962587734904832
1185962588875579392
1185962589232218113
1185962589404184576
1185962589437607936
1185962589630676992
1185962589672611842
1185962589672656896
1185962590230499329
1185962590251474944
1185962590524116992
1185962591140626434
1185962591857926144
1185962591945969665
1185962592142942208
1185962592751226880
1185962593237659648
1185962593359421440
1185962593472667648
1185962594311512066
1185962594412179457
1185962594659721222
1185962595066568704
1185962595569799170
1185962595796377600
1185962595863420929
1185962596949774336
1185962597046202368
1185962597167714304
1185962597633449985
1185962598010896384
1185962598589579264
1185962598916861955
1185962600049209344
1185962600086962177
1185962600196136960
1185962601446068226
1185962601886310401
1185962601907392512
1185962602339405825
1185962602637201414
1185962602712698881
1185962602830225414
1185962603144572931
1185962603492925441
1185962603501281280
1185962603870326784
1185962604008595457
1185962604063318016
1185962604558213122
1185962604889608192
1185962604973510661
1185962605015228416
1185962605204164611
1185962605283807232
1185962606437289994
1185962606454038529
1185962606567313408
1185962607510839296
1185962607540428802
1185962607842332679
1185962608035160064
1185962608072880129
1185962608806907904
1185962608895188995
1185962609520058371
1185962610472165376
1185962611264778242
1185962612900745217
1185962613017939969
1185962613672423424
1185962614834245633
1185962615136309248
1185962615199162369
1185962615199191040
1185962615224360960
1185962615266316293
1185962615538880519
1185962615736061955
1185962615748599808
1185962616084160514
1185962616360800257
1185962616390324225
1185962616608436224
1185962616935419905
1185962617338257409
1185962617602486272
1185962617648615425
1185962617971589120
1185962618135166976
1185962618256842752
1185962618256875520
1185962618328113154
1185962618894372872
1185962618986618881
1185962619162767360
1185962619557044226
1185962619569659905
1185962620001701888
1185962620056195073
1185962620098174977
1185962620458881024
1185962621805051911
1185962622610497537
1185962623118008322
1185962624326012928
1185962624976150535
1185962624988729345
1185962625416548363
1185962626632896512
1185962626645479424
1185962626783809536
1185962626829950976
1185962627383599105
1185962627417006080
1185962627748511745
1185962627844968455
1185962628075720704
1185962628146978816
1185962628868239360
1185962628931293184
1185962628968939520
1185962630147661827
1185962631116529664
1185962631942811652
1185962632173502466
1185962632777555968
1185962633037369345
1185962633398226944
1185962633620611072
1185962634249719808
1185962634740416514
1185962635235344385
1185962635327692801
1185962635868758016
1185962636082593797
1185962636132999172
1185962636887896064
1185962637286400001
1185962637462515714
1185962638238519296
1185962638322393088
1185962638582386689
1185962638586417153
1185962638678712320
1185962638704103425
1185962639719129088
1185962640264314881
1185962640285327360
1185962640868368384
1185962641333870599
1185962641975631872
1185962642126585858
1185962642390700032
1185962642424389632
1185962643066163200
1185962643204521986
1185962643716296704
1185962644152471553
1185962644504580098
1185962644659933187
1185962644743675904
1185962645549006848
1185962645800665089
1185962645876334598
1185962646186725377
1185962646975197184
1185962647579004929
1185962647809748992
1185962647914713095
1185962648040628224
1185962649021861888
1185962649026289666
1185962649642766336
1185962649940561920
1185962651534233601
1185962651903393793
1185962652109070340
1185962652431998981
1185962653623164929
1185962653677752322
1185962654046793729
1185962654680125441
1185962654806007808
1185962655078666240
1185962655518846976
1185962655548428288
1185962655980359680
1185962656441815040
1185962656697589760
1185962657184206849
1185962657377144833
1185962657888854018
1185962658220199938
1185962658425475079
1185962658979123200
1185962659210039299
1185962659323056129
1185962659449102336
1185962659570688007
1185962659570704386
1185962659599925248
1185962659822428162
1185962659889504256
1185962660812034048
1185962661177155587
1185962661823090688
1185962663479779329
1185962664557776896
1185962665492959232
1185962665933508608
1185962666285813761
1185962666860384256
1185962666998878211
1185962667133079554
1185962667384684544
1185962668072591361
1185962668407918593
1185962668588437504
1185962669183909888
1185962669217435648
1185962669334880256
1185962669398024199
1185962669871976449
1185962670412963841
1185962670601621504
1185962671163596800
1185962671939739649
1185962672430424064
1185962672828776448
1185962673013448704
1185962673126682625
1185962673177092097
1185962673319616515
1185962673470660608
1185962673474883585
1185962673487388673
1185962674351263744
1185962674565402624
1185962675618111489
1185962675857248257
1185962675911692288
1185962676305965056
1185962677044035585
1185962677790658561
1185962678294122496
1185962678461911043
1185962678520557568
1185962679229304832
1185962679246168064
1185962679422377984
1185962679858597889
1185962679942483969
1185962680135409664
1185962680286236672
1185962680302964736
1185962680420577280
1185962680592556033
1185962680663887875
1185962680990998528
1185962681158815744
1185962681406091264
1185962681699880961
1185962682018664448
1185962682052173830
1185962682349998081
1185962682568118273
1185962682970624000
1185962683075567616
1185962683213983752
1185962683973152773
1185962684249825282
1185962684593987590
1185962684807892992
1185962686141493251
1185962686158426118
1185962686397501440
1185962686422671361
1185962686426832896
1185962686514974725
1185962687144124416
1185962687496409088
1185962688045867008
1185962688314302464
1185962688335302656
1185962688385617921
1185962688729493504
1185962689220231169
1185962689744506887
1185962690063286272
1185962690398838784
1185962690407288834
1185962690902200320
1185962691665416192
1185962691963301891
1185962692424753152
1185962692735094784
1185962692907016192
1185962692919676935
1185962692965785602
1185962693133590528
1185962694907551744
1185962695687888898
1185962695704616961
1185962695872393216
1185962696358924288
1185962697084538882
1185962697252331520
1185962697323696128
1185962697373949954
1185962697541611520
1185962697743097858
1185962698086989827
1185962698250620929
1185962699089305600
1185962699215257601
1185962699697672192
1185962699752120324
1185962700335013888
1185962702000263168
1185962702088261632
1185962702436483072
1185962702532829184
1185962702650400769
1185962702654578689
1185962702897848325
1185962703761874944
1185962703820640258
1185962704118435841
1185962704240041989
1185962704533708808
1185962704802058240
1185962705141846016
1185962705297068033
1185962705712287744
1185962705729048585
1185962705959735297
1185962706148438017
1185962706316255234
1185962706647388162
1185962706937024512
1185962707335467012
1185962707553525765
1185962707729764353
1185962707771674624
1185962708132384770
1185962708220416001
1185962708262379521
1185962708287545345
1185962708358909953
1185962708421795841
1185962708610486274
1185962709755584512
1185962710288228352
1185962710518784001
1185962710518960128
1185962710766370816
1185962711072423937
1185962711320014848
1185962711412346880
1185962711852748800
1185962711928016896
1185962712561524736
1185962712724987904
1185962713257783297
1185962713266016256
1185962713614151681
1185962713740128256
1185962713836593154
1185962713979248641
1185962714172137473
1185962714222317569
1185962714914590721
1185962714922921984
1185962715220721666
1185962715262717954
1185962715317198850
1185962715489165312
1185962716902645760
1185962717070397440
1185962717141786624
1185962717452079104
1185962717850427392
1185962718173511680
1185962718857191426
1185962718907510784
1185962719540854784
1185962719754756097
1185962719977070592
1185962720048189442
1185962720077766656
1185962720237096960
1185962720396500993
1185962720463589380
1185962720581095424
1185962720916656128
1185962721201840128
1185962721231147008
1185962721373773825
1185962721570775041
1185962722082598914
1185962722917265410
1185962723630354434
1185962723785375744
1185962723798147073
1185962723949109249
1185962724049772549
1185962724179791872
1185962724234186753
1185962724561432577
1185962725995929602
1185962727094865920
1185962727249891328
1185962728076271618
1185962728411799552
1185962729892241408
1185962730479443968
1185962730592915457
1185962730693578753
1185962730924187649
1185962731213479936
1185962731821764609
1185962732803231744
1185962732840988672
1185962733306552324
1185962733767929857
1185962734179049473
1185962735093370881
1185962735286140928
1185962735806361601
1185962736154546178
1185962736829816834
1185962737152778240
1185962737488318465
1185962738633175040
1185962739136634880
1185962739426086912
1185962740164317186
1185962740235436032
1185962741573541889
1185962741833576450
1185962741913346048
1185962742118846466
1185962742164971521
1185962742374682625
1185962742890385413
1185962742970142721
1185962743582597120
1185962743825915904
1185962743851036674
1185962744182390790
1185962744224387072
1185962744396288000
1185962745293705216
1185962745365225472
1185962745889480704
1185962746090872833
1185962746208247809
1185962746388647936
1185962746640097280
1185962747114246146
1185962747734806528
1185962747969695744
1185962749748285440
1185962751623094272
1185962751631462402
1185962751744712704
1185962751937699842
1185962752059138048
1185962752285839360
1185962752965316609
1185962753250512900
1185962753632149512
1185962754047393792
1185962754450087936
1185962755091849222
1185962755121172483
1185962755158921217
1185962755305570305
1185962755506835456
1185962755708186624
1185962755972653056
1185962756123648006
1185962756236820482
1185962756316504064
1185962756454924293
1185962756614344704
1185962756807233536
1185962757708926978
1185962757729841152
1185962757960716294
1185962758464065539
1185962759294541824
1185962759483219969
1185962759546126338
1185962760489914368
1185962760535826433
1185962760947023874
1185962761412661255
1185962762276659201
1185962762591031296
1185962762830274560
1185962762872197120
1185962762981298177
1185962763316801537
1185962763694366721
1185962763715260419
1185962763811741698
1185962764931620864
1185962765317365761
1185962765514629121
1185962766378643456
1185962766659739648
1185962766776987648
1185962767745978371
1185962768169689088
1185962768240992258
1185962768446509057
1185962768521924609
1185962769943814146
1185962769977434113
1185962770333917184
1185962770363310080
1185962770392604673
1185962770958696448
1185962771000758286
1185962771944370176
1185962772225581057
1185962772367986688
1185962773668220928
1185962774117146625
1185962774133907456
1185962774783881216
1185962777116102656
1185962777568923648
1185962777963307008
1185962778047049728
1185962778223398912
1185962778483478528
1185962779272011776
1185962779955679234
1185962779985006592
1185962780584755206
1185962780865843200
1185962781222113280
1185962781498998784
1185962781943746562
1185962782396735489
1185962782455263232
1185962782488965122
1185962782992281605
1185962783210381313
1185962783210381322
1185962783373959168
1185962783592062978
1185962783994564608
1185962784552607745
1185962785156415488
1185962786901385222
1185962787127910400
1185962787211829254
1185962787392110592
1185962787954139137
1185962789950476288
1185962790382690304
1185962790432862213
1185962791544479746
1185962791976484864
1185962792433655809
1185962792551178240
1185962792601317378
1185962792681115652
1185962793771720705
1185962794459582465
1185962795336192005
1185962795420045312
1185962795671719941
1185962796003024897
1185962796372111360
1185962797156519938
1185962797265342469
1185962797269569536
1185962797903089664
1185962797982724107
1185962798595088384
1185962798901280779
1185962798934888448
1185962799584948224
1185962799706587136
1185962800046379010
1185962800507699202
1185962801073815557
1185962801694760962
1185962802160295936
1185962802634055680
1185962802676207618
1185962803020124162
1185962804035117056
1185962804861394945
1185962805041811456
1185962805800984578
1185962806908198912
1185962807642050560
1185962807919104000
1185962808715939841
1185962809303154694
1185962809458384896
1185962809508716545
1185962809915396096
1185962810007834624
1185962810204770311
1185962810347360256
1185962810368548864
1185962810884276225
1185962811253547009
1185962811341627392
1185962811559567360
1185962811681316864
1185962812344066048
1185962812780220422
1185962812855726081
1185962813518503940
1185962813656850432
1185962814541910018
1185962814948687872
1185962815078780929
1185962815334633473
1185962816001527808
1185962816450256903
1185962816525815809
1185962816743886849
1185962817020743682
1185962818413068288
1185962819633795074
1185962819986100224
1185962820623577098
1185962820682342402
1185962820703313920
1185962821382803456
1185962822423007232
1185962823274369024
1185962823316365313
1185962823442190337
1185962823681224704
1185962823870009344
1185962824159387648
1185962825375735808
1185962826600452097
1185962826738868225
1185962826910728192
1185962827149918208
1185962827187654656
1185962827552567297
1185962827946741760
1185962828169170947
1185962828198494208
1185962828269838336
1185962828399890432
1185962828475392000
1185962828668256257
1185962828764794880
1185962830111084544
1185962830534602752
1185962830593482752
1185962831012913153
1185962831063195654
1185962831809789954
1185962831847415808
1185962832053059587
1185962832942243841
1185962833445576704
1185962833898438656
1185962834502524928
1185962835056181248
1185962835085537281
1185962835345584133
1185962835681202179
1185962836117381120
1185962836549341185
1185962836675174400
1185962837161717760
1185962837249810434
1185962837497335808
1185962837908307974
1185962838281486336
1185962838805925889
1185962838843678720
1185962839577681920
1185962839812530176
1185962841037099008
1185962841196711936
1185962841398005760
1185962842140368897
1185962842614390784
1185962842861817858
1185962843058794497
1185962843968921601
1185962844313083904
1185962844740698121
1185962845130969095
1185962845349011457
1185962845931892736
1185962846137532417
1185962846267596800
1185962846628306944
1185962846976385025
1185962847991410689
1185962848431808514
1185962848712683526
1185962849081970689
1185962849321005056
1185962850000486400
1185962850168250374
1185962851078475776
1185962851111858176
1185962852433178625
1185962852613611520
1185962853154603008
1185962853360111617
1185962853561524226
1185962853624406016
1185962853859151873
1185962854245158912
1185962854370947072
1185962854396104706
1185962854849110022
1185962855516065796
1185962855830474752
1185962855906107393
1185962855968976898
1185962856308600833
1185962856807849984
1185962856820494336
1185962857017610242
1185962857378258944
1185962857478918144
1185962859018235904
1185962859437518849
1185962859441938434
1185962860406398976
1185962860746174464
1185962861027307521
1185962862331777024
1185962863535579137
1185962863665520643
1185962864043089920
1185962864084959232
1185962864114393088
1185962864126971905
1185962864219176962
1185962864722546701
1185962864902922240
1185962865708032000
1185962865934716930
1185962866236628992
1185962866307977218
1185962867033628672
1185962867146797060
1185962868468047872
1185962868799344646
1185962869038485504
1185962869164101632
1185962869353041922
1185962869701173249
1185962871303356417
1185962871479357440
1185962871617921024
1185962871785701377
1185962872213512194
1185962872477634560
1185962872561717250
1185962873366859776
1185962873387925504
1185962873580933125
1185962873643769857
1185962874453352455
1185962875057143808
1185962875212447745
1185962875707367424
1185962876105711621
1185962876156235776
1185962876449759233
1185962877502578688
1185962877691334661
1185962878110785542
1185962878895034373
1185962879469662209
1185962879645822976
1185962879926845440
1185962880522510336
1185962880614584320
1185962880920948739
1185962880958468096
1185962881466150913
1185962881847824386
1185962881898237954
1185962882049171456
1185962882145632256
1185962882518966273
