1185948287183937536
1185948288534700032
1185948290162053121
1185948290925449216
1185948291219017737
1185948291713904645
1185948291726491650
1185948294469636099
1185948294842847232
1185948295367200768
1185948295618686976
1185948295803236352
1185948297032130560
1185948297250426880
1185948299855040512
1185948300060446720
1185948300576460800
1185948301528621058
1185948302409424896
1185948303860649985
1185948303864680449
1185948305341276160
1185948305563385857
1185948305655783424
1185948306456879104
1185948306603528198
1185948307509645314
1185948307685810183
1185948309871091714
1185948310638596096
1185948310923816961
1185948311368425474
1185948311670276099
1185948311943073792
1185948311955660800
1185948311959801857
1185948311964008448
1185948312249274368
1185948312681082882
1185948314270949378
1185948314321276931
1185948314346442752
1185948315109728256
1185948315625508864
1185948316405645313
1185948316749746177
1185948316787494919
1185948317823488001
1185948318075162625
1185948318398058497
1185948318553268224
1185948318691708928
1185948318783946753
1185948321468174336
1185948321589776388
1185948321774473216
1185948322445459457
1185948324622491655
1185948325637435393
1185948325880717312
1185948326040100866
1185948326170189826
1185948326845394945
1185948326933553152
1185948328162316288
1185948329911431169
1185948330007891968
1185948330251210754
1185948331802935296
1185948332012773378
1185948332381949954
1185948332583280640
1185948333090598912
1185948333426135040
1185948333631782913
1185948333711470593
1185948334407716864
1185948334596481025
1185948335372324864
1185948337524170752
1185948337679286276
1185948339218587649
1185948339508056065
1185948339931619330
1185948339952635905
1185948341080854528
1185948341089243136
1185948341714214912
1185948341919764480
1185948341999411201
1185948342100090880
1185948342720909312
1185948343236644864
1185948343572283392
1185948344247640064
1185948345350660117
1185948345971494912
1185948346189529088
1185948346285989888
1185948346579636224
1185948347561140225
1185948348156698624
1185948349150707713
1185948349469470720
1185948349792477184
1185948350413193217
1185948351071686657
1185948351532978182
1185948351973482496
1185948352606810114
1185948353420390400
1185948353563123713
1185948354137808896
1185948354662076417
1185948354989252608
1185948355089833985
1185948358243995649
1185948362282921984
1185948364363436035
1185948365143429120
1185948365546295297
1185948365886054401
1185948366695473153
1185948366972301312
1185948367295303680
1185948368075395072
1185948368096432129
1185948368561954816
1185948371686694912
1185948372147953664
1185948372789878786
1185948373515489283
1185948374098468865
1185948374555615232
1185948374618562560
1185948374958329856
1185948375109308416
1185948376216539137
1185948376329805824
1185948376891871233
1185948377768497157
1185948378678644736
1185948378733170689
1185948379769135104
1185948381228752896
1185948381719515143
1185948382117945344
1185948382772240384
1185948383384686593
1185948383648866304
1185948384194113536
1185948386354225155
1185948386702184448
1185948387117584387
1185948389701308417
1185948389973942272
1185948390145908743
1185948390405881857
1185948390615597056
1185948390816911360
1185948390888226817
1185948391022292992
1185948391337017344
1185948391546720256
1185948391982936064
1185948392381435906
1185948393396420608
1185948393492942849
1185948394008784899
1185948394218577920
1185948394331742208
1185948394671476738
1185948395057373185
1185948396596662272
1185948398849052678
1185948399247470593
1185948399562055680
1185948399683719168
1185948399683751936
1185948399746588682
1185948399771762688
1185948399817887744
1185948399843119106
1185948399843135489
1185948400337989632
1185948402049265665
1185948403588648960
1185948405790642176
1185948407719960576
1185948407929671681
1185948411956224000
1185948412329582592
1185948412350480384
1185948413315166210
1185948413734600705
1185948414858665984
1185948415118794752
1185948415630499841
1185948416116961280
1185948416532201472
1185948417874378752
1185948418096672768
1185948418302193664
1185948418868469761
1185948420663631872
1185948421779156993
1185948424123944962
1185948424358764546
1185948425449361409
1185948425617072128
1185948427114467329
1185948427227672576
1185948428104323072
1185948428351655937
1185948431497465856
1185948432416018433
1185948432625786880
1185948432781004800
1185948433791836160
1185948434336862210
1185948435125547008
1185948435918282752
1185948436425826306
1185948439537954817
1185948439605075969
1185948441756737537
1185948442557898754
1185948442595606528
1185948443560370177
1185948443812028416
1185948444470468609
1185948444541833216
1185948445116379136
1185948447725236226
1185948448807256064
1185948449151291393
1185948449369444352
1185948449512054784
1185948449885376512
1185948450896171008
1185948450912907264
1185948452322045952
1185948452460605440
1185948454821851136
1185948457162420224
1185948457246351363
1185948459175567361
1185948460345909255
1185948460517855234
1185948460844908545
1185948461990141954
1185948462317109250
1185948463256739841
1185948463835439104
1185948465219678209
1185948465911730176
1185948466712842242
1185948468973580288
1185948469015568390
1185948469019570178
1185948469812432897
1185948472161255425
1185948472970809344
1185948473071472640
1185948474199683073
1185948474254118919
1185948475667566592
1185948476271742976
1185948476737110016
1185948477068664833
1185948477093752833
1185948477437575171
1185948478100377601
1185948478964424704
1185948480063377410
1185948480180817927
1185948480335990786
1185948481082609666
1185948482307158016
1185948484115017728
1185948484815507456
1185948484932984834
1185948485541158912
1185948485717237760
1185948485729824768
1185948485956145153
1185948486937673728
1185948487386615810
1185948487847960576
1185948488254795777
1185948488787513345
1185948488795856896
1185948490213548032
1185948490607796224
1185948490893025281
1185948492268736512
1185948493652869120
1185948495238385664
1185948495318007813
1185948495490015233
1185948495494205440
1185948495548694528
1185948495896821760
1185948496588881920
1185948496752500736
1185948497964486656
1185948498006630407
1185948498774151169
1185948500309229568
1185948500846174209
1185948500946759680
1185948501147938816
1185948501538201600
1185948501936611328
1185948502125432833
1185948502876196873
1185948503253671936
1185948503660347392
1185948504147087360
1185948504679763968
1185948505912700928
1185948506537644032
1185948507342983168
1185948507359739904
1185948508559302656
1185948508735582208
1185948509100498944
1185948509264109569
1185948509356351488
1185948510409105408
1185948512036573184
1185948512938274817
1185948513416503296
1185948514049769479
1185948514548883457
1185948515605909506
1185948515861696515
1185948515958083590
1185948516516093954
1185948516654305281
1185948517052960771
1185948517594025984
1185948518684545024
1185948523168260096
1185948523403075585
1185948525462523907
1185948526200721410
1185948527790346240
1185948527844679680
1185948527882575872
1185948530566811649
1185948530755555330
1185948531602931714
1185948532466995200
1185948532940902405
1185948533712535552
1185948534371168257
1185948534790656001
1185948537294479360
1185948538141851648
1185948538548772864
1185948538741673984
1185948540037713920
1185948540385873921
1185948543737040896
1185948543770615808
1185948544378777603
1185948544668229632
1185948544919916545
1185948545737723905
1185948545842585600
1185948545993658372
1185948547633602565
1185948547730083840
1185948548862566401
1185948549273530368
1185948549462347776
1185948550770954247
1185948551198756865
1185948552574439424
1185948554168328193
1185948554298310656
1185948554436718592
1185948554633908224
1185948556198154240
1185948557142089728
1185948558614290432
1185948559646085122
1185948560455589888
1185948560602390534
1185948560967323649
1185948561852260352
1185948562473009152
1185948562527588353
1185948563915841536
1185948565228662785
1185948566025572355
1185948566251962368
1185948568001155072
1185948568978362370
1185948569813028865
1185948571201343493
1185948571297816577
1185948571553685504
1185948571821957120
1185948572111343616
1185948572547780608
1185948575206903808
1185948575252926464
1185948576532312064
1185948576997875717
1185948577694175232
1185948578373689344
1185948578629505024
1185948579090837504
1185948579162136576
1185948579485011975
1185948579577417729
1185948580047142912
1185948580810575873
1185948582274371586
1185948583658512384
1185948583671029762
1185948583842865153
1185948584484753411
1185948585294204928
1185948586120486913
1185948588079140864
1185948589291384832
1185948591325700096
1185948592978251777
1185948593158606848
1185948593716387845
1185948594077085703
1185948594790158337
1185948595083792385
1185948595222011904
1185948595691970561
1185948595821920256
1185948597340332032
1185948597654900742
1185948597763883008
1185948598560792577
1185948599483547650
1185948600108552192
1185948600469278721
1185948600603467777
1185948602734120962
1185948602843193353
1185948602989985792
1185948603493142528
1185948603828752384
1185948606441885699
1185948607058448384
1185948607775727617
1185948608199364611
1185948608241295361
1185948608295849985
1185948608681693185
1185948608874631170
1185948609428230145
1185948609998741505
1185948610174869506
1185948610636242944
1185948611269611520
1185948611709980673
1185948613282844673
1185948613475799043
1185948613517762560
1185948613714821121
1185948614939594752
1185948616587988992
1185948616797671424
1185948616797675520
1185948616827068417
1185948616835375107
1185948616852234243
1185948616856408066
1185948617284169729
1185948618588426246
1185948619695886336
1185948619708534786
1185948619783974912
1185948620861792256
1185948621235195904
1185948621340119041
1185948622686478339
1185948622766170117
1185948622937944064
1185948623500124160
1185948624812855296
1185948625282584576
1185948625744158720
1185948625983213568
1185948625991602178
1185948627249913856
1185948627572801536
1185948627967057920
1185948628617170944
1185948628835323907
1185948631284813830
1185948632325017600
1185948632589185024
1185948632635363328
1185948633138466816
1185948633700675584
1185948634669563904
1185948635240026113
1185948635315482624
1185948635579764736
1185948635613335553
1185948635785318401
1185948635856560134
1185948636087279616
1185948636389224450
1185948637240520704
1185948637504950272
1185948637861425152
1185948638062743553
1185948638192771072
1185948638721146882
1185948640084279298
1185948640294117376
1185948643448115200
1185948643498643456
1185948643859324934
1185948644035452929
1185948644232572928
1185948644454928385
1185948645021179904
1185948645297999875
1185948645801242625
1185948646199578624
1185948646824693762
1185948647223185408
1185948650243002368
1185948650691796995
1185948653204074498
1185948653447454727
1185948653996916737
1185948654055518209
1185948654089261056
1185948655334891522
1185948655867445249
1185948656123465733
1185948657662738432
1185948658082209792
1185948658170245121
1185948658669367296
1185948659017568256
1185948659457888257
1185948660833632256
1185948661362184193
1185948661764755457
1185948662607896576
1185948662842691585
1185948662918086657
1185948664264581123
1185948664855961612
1185948665011003392
1185948665631989760
1185948665980051457
1185948666143629312
1185948666340806657
1185948666563121153
1185948669448724480
1185948670069559303
1185948672674222082
1185948672967745538
1185948673202704384
1185948673764741122
1185948674255446017
1185948675224363010
1185948675723485189
1185948676356792320
1185948676398747648
1185948677095022592
1185948678906884097
1185948679674515456
1185948679678631937
1185948679691210752
1185948679754190849
1185948679926145025
1185948680207114240
1185948680769159168
1185948680924336129
1185948683130552320
1185948683482914817
1185948684028203008
1185948684401270785
1185948684690886657
1185948684883763205
1185948686255296512
1185948686297243649
1185948686376980482
1185948690571284480
1185948691141709824
1185948691863080969
1185948691875663874
1185948691938660352
1185948691951173632
1185948691959631873
1185948691980533760
1185948692085465095
1185948692135792640
1185948692223709186
1185948692391563264
1185948692689408000
1185948693058510848
1185948693205270528
1185948693297541121
1185948693687685120
1185948694316584961
1185948694429999105
1185948694706823171
1185948695109357573
1185948695725891590
1185948696644653056
1185948697764302848
1185948698074910726
1185948700729737216
1185948702114025472
1185948703934291968
1185948704265723904
1185948704303222785
1185948705096192003
1185948706245435392
1185948706559922176
1185948708388724736
1185948708598362113
1185948709101719553
1185948709739257857
1185948710368362496
1185948710662000643
1185948711270133761
1185948711601479681
1185948713488977922
1185948713635766272
1185948713925140486
1185948714986328064
1185948715124695042
1185948715821027328
1185948716018130945
1185948717037342722
1185948717356064774
1185948718325010439
1185948718345752579
1185948718886838273
1185948719406956544
1185948719507804160
1185948720363397123
1185948720409595904
1185948720464089093
1185948721005170688
1185948721252634625
1185948722531913733
1185948722670329857
1185948723785936898
1185948724662550545
1185948725232963584
1185948725484625921
1185948725614657538
1185948726063521792
1185948727275642882
1185948727644708864
1185948727992897537
1185948728193998849
1185948729565691907
1185948730291314688
1185948732354940930
1185948733529317376
1185948736339562497
1185948736549216256
1185948737560031232
1185948737690095616
1185948737727877120
1185948738591682561
1185948739757858816
1185948741272035330
1185948741871775744
1185948742144233472
1185948742853132288
1185948744031916033
1185948744472301577
1185948745420042240
1185948746003238912
1185948746439413760
1185948746879832070
1185948747307503616
1185948747383148544
1185948748125478912
1185948748267941888
1185948748565897216
1185948748603678720
1185948749090082816
1185948749492817922
1185948749501292545
1185948750327570434
1185948750402994181
1185948750663049216
1185948750751174657
1185948751761948674
1185948752919568385
1185948754433716225
1185948754828025856
1185948754886701057
1185948755545116673
1185948755939545088
1185948757218738178
1185948757675958274
1185948758737149954
1185948758749732864
1185948761157189632
1185948761618599936
1185948761643597824
1185948761723494401
1185948761761239040
1185948762226806788
1185948762339860481
1185948763464110080
1185948764726579200
1185948765741604871
1185948766316220416
1185948767016628227
1185948767171665920
1185948768186851329
1185948768652296192
1185948770195800065
1185948770716008448
1185948772452458496
1185948774172123143
1185948774633558016
1185948775908626435
1185948775967346688
1185948776822910976
1185948776961335297
1185948777288519683
1185948777984733184
1185948778685026305
1185948779217915905
1185948780631187456
1185948780845322242
1185948783936446464
1185948784485904384
1185948784951316480
1185948785219948544
1185948785718915072
1185948785786138624
1185948786012622849
1185948786805366784
1185948788197863426
1185948788994662400
