1185968419683872768
1185968420107575296
1185968420145135616
1185968420254310400
1185968421038628866
1185968421093158912
1185968421541945345
1185968421588131843
1185968421642616832
1185968422078894080
1185968423953526785
1185968424305999872
1185968424427483136
1185968424641540097
1185968425308512263
1185968425346195458
1185968425945853952
1185968427317510144
1185968428189966336
1185968428542087168
1185968428714254339
1185968429049753600
1185968429632774144
1185968429670555649
1185968431436324865
1185968431549616128
1185968431583158276
1185968431595773957
1185968431641878530
1185968431667056640
1185968431801094144
1185968431926935552
1185968432661041154
1185968433319407617
1185968434015883266
1185968434275860482
1185968434523394048
1185968435341250560
1185968436343652353
1185968436561752064
1185968437308379141
1185968437769789445
1185968438356914182
1185968438566686720
1185968438654709762
1185968439275462657
1185968439615279105
1185968439770435586
1185968440542203904
1185968440722513921
1185968442287054848
1185968443079692288
1185968443159392257
1185968443280871424
1185968443788550144
1185968443809398784
1185968444031660032
1185968444602228737
1185968444958621696
1185968444971335680
1185968445378060288
1185968445726306310
1185968445738799104
1185968446124650496
1185968447341117440
1185968448066768897
1185968448632807424
1185968449232785409
1185968449572556800
1185968450646220800
1185968451107643392
1185968451111804930
1185968451258667008
1185968451871039488
1185968452143472641
1185968452898607104
1185968452948975617
1185968453125136386
1185968453531947015
1185968454131601409
1185968454190288897
1185968454387421184
1185968454576279555
1185968454722965504
1185968456564428800
1185968458099499008
1185968458237927429
1185968459856916482
1185968460167352321
1185968460607692802
1185968461274664960
1185968461509464064
1185968461673054210
1185968462541152256
1185968462709088256
1185968462730088454
1185968463589892096
1185968463849885696
1185968464218992646
1185968464298741765
1185968464604946432
1185968464613249025
1185968464688664577
1185968464793669634
1185968464940457984
1185968465296777217
1185968465464696832
1185968465775157249
1185968465934340096
1185968466177622016
1185968466286784512
1185968466291056640
1185968466483916802
1185968466920198145
1185968468241182722
1185968468799213569
1185968469822640130
1185968470133039105
1185968470476890120
1185968470782922752
1185968471823118336
1185968472162852866
1185968472678731776
1185968472993357824
1185968473442111488
1185968473459118082
1185968473463230465
1185968473505173505
1185968474151096322
1185968474327343104
1185968474444582912
1185968474973179908
1185968475203948546
1185968475384287232
1185968475648360449
1185968475740823553
1185968476516737024
1185968477107974144
1185968478294949888
1185968478714392577
1185968478961967104
1185968479314288640
1185968480996081665
1185968481021251585
1185968481956708352
1185968482061447169
1185968482376175616
1185968482808205312
1185968483009466370
1185968483298734082
1185968483403735041
1185968483680448512
1185968483751858176
1185968483957444609
1185968483978350596
1185968484351725568
1185968485098315777
1185968485303832576
1185968485945331714
1185968486767616001
1185968488285921280
1185968489313357825
1185968489552498688
1185968489976254464
1185968490160820229
1185968490286477312
1185968490387103744
1185968490425077761
1185968491171594247
1185968491578347520
1185968492438265858
1185968492815798275
1185968493117743104
1185968494514454528
1185968494799675392
1185968495248494595
1185968495336534017
1185968496062152704
1185968496133496834
1185968496527708161
1185968496586280960
1185968497026719749
1185968497425338368
1185968497790259200
1185968497836396545
1185968497911721985
1185968498679275521
1185968498754969603
1185968499543420928
1185968500248059904
1185968500579454976
1185968500898193409
1185968501699305472
1185968501699338241
1185968502051463168
1185968502215249921
1185968502697549826
1185968502911442944
1185968504228458498
1185968504433991680
1185968504496889860
1185968504631156736
1185968504673095680
1185968504912203776
1185968505520156672
1185968506405298177
1185968506480795648
1185968506816217089
1185968506904334337
1185968507026071561
1185968507797884929
1185968508053663745
1185968508296974336
1185968508452179969
1185968508628164609
1185968508783316992
1185968509823700993
1185968510029172736
1185968510457004033
1185968510771617793
1185968510872227842
1185968510972903426
1185968511086157825
1185968512315080709
1185968512629690369
1185968513632165888
1185968513782910976
1185968513862787074
1185968513917292544
1185968514131206145
1185968514483605510
1185968514575806465
1185968514605170694
1185968516912107520
1185968517067218944
1185968517079691264
1185968517134376961
1185968518321397760
1185968518749143047
1185968518933692419
1185968518963089415
1185968519550308352
1185968519617417218
1185968519625658368
1185968519739052037
1185968519818539008
1185968519864864769
1185968520288460800
1185968521236238336
1185968521542602759
1185968521806696450
1185968522159149057
1185968522872139776
1185968522997981185
1185968523052507137
1185968524109451266
1185968524851732480
1185968525048975362
1185968525086560256
1185968525225185280
1185968525967527936
1185968526353485825
1185968526525456390
1185968526890340353
1185968527120973824
1185968527611699207
1185968528412893190
1185968529004253185
1185968529079767040
1185968529662795777
1185968529704534016
1185968529826295809
1185968530019278848
1185968530027634690
1185968530438545410
1185968530673434624
1185968531831058432
1185968532200263681
1185968532854624258
1185968534301663233
1185968534402359296
1185968534796546051
1185968534901444608
1185968535161462784
1185968535589343232
1185968535811563520
1185968538156187648
1185968539204837376
1185968539586482178
1185968539641012224
1185968539888312321
1185968540572180480
1185968540618244103
1185968540693778432
1185968540861513729
1185968541276823552
1185968541297729536
1185968542736216064
1185968542790893568
1185968543080353792
1185968543092707328
1185968544091181056
1185968544388993025
1185968544489660417
1185968544741253122
1185968544892276737
1185968545827569664
1185968546318344194
1185968546548875264
1185968546691481601
1185968546955845633
1185968546997833733
1185968547169816577
1185968547488509954
1185968547731791873
1185968548214128642
1185968548214198274
1185968548977491968
1185968548981682177
1185968549069836288
1185968549363376128
1185968550529372160
1185968550772535297
1185968550881759232
1185968551477334022
1185968551896571905
1185968552043601922
1185968552488009728
1185968552592977920
1185968552924323841
1185968553339559936
1185968553737871360
1185968554195046400
1185968554602094592
1185968555487125505
1185968555751288832
1185968556673916929
1185968556699197441
1185968557559033856
1185968557714219008
1185968558087426048
1185968558607667202
1185968559110774785
1185968559215673344
1185968559790448641
1185968559836540934
1185968560109244416
1185968560486731779
1185968560549617664
1185968561048567808
1185968561195507712
1185968561367351296
1185968562017464321
1185968563330400256
1185968563544178688
1185968563544379392
1185968563603099650
1185968564311859201
1185968564936806405
1185968565331156992
1185968565356154880
1185968565993820160
1185968566371278849
1185968566471774208
1185968568229339137
1185968568237608960
1185968568866889729
1185968569244364800
1185968569915449344
1185968569957441536
1185968570884395008
1185968571052113921
1185968571429670914
1185968572318785536
1185968572713132032
1185968572729876484
1185968572838883335
1185968572864126976
1185968573136752645
1185968574051033089
1185968574483095554
1185968575204483078
1185968575338700802
1185968575418437632
1185968575669927936
1185968575783284736
1185968575900606464
1185968575997186049
1185968576735391745
1185968576894787585
1185968577301626880
1185968577553326080
1185968578035638274
1185968578094391307
1185968578320691202
1185968579184910338
1185968579537059841
1185968580304654336
1185968580959113217
1185968581260918784
1185968581399535618
1185968582045425669
1185968582615818243
1185968583337230337
1185968583475712002
1185968583689539590
1185968584289214464
1185968584562020352
1185968584801042433
1185968585451151361
1185968586864713728
1185968587699347456
1185968588022259713
1185968588420780032
1185968588437573632
1185968588961636352
1185968589410623490
1185968589951524864
1185968590874382336
1185968591281242118
1185968591352598528
1185968591553871873
1185968592140898304
1185968592141066246
1185968592698925058
1185968593596489733
1185968594523312130
1185968594926084097
1185968595647520768
1185968596310286338
1185968596498944001
1185968596549132288
1185968596591136768
1185968596708679680
1185968597212028928
1185968598118031362
1185968598679875584
1185968599124496384
1185968599527313411
1185968599615397888
1185968599728640000
1185968601917865984
1185968602085769216
1185968602194890752
1185968602282782720
1185968602471714818
1185968603343937536
1185968603369213959
1185968604145242113
1185968604195545095
1185968604199690245
1185968604413603847
1185968604619202565
1185968605072113664
1185968605172617217
1185968605751578624
1185968605868871680
1185968605877407744
1185968606011506688
1185968606087135232
1185968607169257474
1185968607186079746
1185968607567724546
1185968608117018624
1185968608717004800
1185968610071732225
1185968610289704960
1185968610889605127
1185968612353413121
1185968612370210817
1185968612420608002
1185968613418819589
1185968614165372935
1185968614492389376
1185968614807085061
1185968615754854401
1185968615771631621
1185968615889100800
1185968617298563073
1185968618191970311
1185968618506313728
1185968618569392133
1185968619316011008
1185968619370504192
1185968619932585984
1185968620087713793
1185968620934967297
1185968621002067969
1185968621002133505
1185968621203460097
1185968621580738561
1185968622075858944
1185968622189060096
1185968622939918337
1185968623413846016
1185968623652868097
1185968624487395328
1185968624554643457
1185968625418682368
1185968625464893441
1185968625993297920
1185968626320494592
1185968626412605440
1185968627125751808
1185968627167531008
1185968627343904769
1185968627612311553
1185968627713003520
1185968628061163521
1185968628421652480
1185968628501377025
1185968628979642375
1185968629126332421
1185968630040711169
1185968630921601024
1185968631009730560
1185968631827402752
1185968632221831168
1185968632653848576
1185968632653852672
1185968633085906944
1185968633190727686
1185968633241100289
1185968633245159424
1185968633417256961
1185968633660559360
1185968634977492992
1185968635233427456
1185968635564691462
1185968635795460098
1185968637263466496
1185968637779169281
1185968637783543808
1185968638089670657
1185968638551085057
1185968638781726720
1185968639381594112
1185968639821803520
1185968640870567936
1185968640882987008
1185968641243791361
1185968641554178048
1185968641680052235
1185968642221133824
1185968642502156289
1185968642669854725
1185968643567435778
1185968643756171264
1185968643902803968
1185968643961741312
1185968644066430976
1185968644670443520
1185968645211639811
1185968645949800450
1185968646243389440
1185968646629273603
1185968646826446849
1185968647262523403
1185968649007456256
1185968649263308805
1185968649271570433
1185968649632284673
1185968649787584513
1185968651050061826
1185968651549270016
1185968651637313541
1185968651666677763
1185968651700199424
1185968651901558788
1185968652841082881
1185968653025435648
1185968653558308873
1185968654099238912
1185968654933987336
1185968655042936832
1185968655064023040
1185968655311482886
1185968656041291778
1185968656284471296
1185968656292941824
1185968656691404800
1185968656892739584
1185968657341566981
1185968657639313408
1185968658654420993
1185968658742415361
1185968658922622976
1185968659484827649
1185968659824435200
1185968659841404928
1185968660155949057
1185968660646678535
1185968661061947392
1185968661259083778
1185968662068518912
1185968662496337923
1185968662685114370
1185968663343579136
1185968665159700481
1185968665218441221
1185968666489147393
1185968666581577728
1185968667042947078
1185968669815386112
1185968670012518401
1185968670456958976
1185968670570401793
1185968671174381569
1185968671191175169
1185968672529092608
1185968672671703040
1185968673195986945
1185968673384738817
1185968673757917185
1185968674236186625
1185968674395643904
1185968674450083844
1185968674655617025
1185968675490275335
1185968675767181312
1185968676220088322
1185968676345913346
1185968676434075648
1185968676526313479
1185968676681347073
1185968676811481089
1185968677008470017
1185968677834973184
1185968678363451392
1185968678413586433
1185968678761840642
1185968678812246017
1185968678849929221
1185968678875156484
1185968679067865093
1185968679478906881
1185968679655301125
1185968679999168514
1185968680003342336
1185968680410202113
1185968680678690818
1185968680854851584
1185968681827749889
1185968681865474048
1185968682079604736
1185968682440298502
1185968682578726913
1185968682809192448
1185968683237150722
1185968683971174400
1185968684138823680
1185968684671606784
1185968684881338369
1185968685846028288
1185968685888036869
1185968685904740352
1185968686521311237
1185968686630342656
1185968686726664193
1185968686798012416
1185968686902972416
1185968687351652353
1185968687498563585
1185968688639311872
1185968688899526659
1185968688920514561
1185968690052943879
1185968690178576384
1185968690183004160
1185968690430382085
1185968690816339968
1185968690895970304
1185968691055333377
1185968691676110849
1185968691726426113
1185968692099727360
1185968692535930881
1185968692988928001
1185968693496500230
1185968693563445248
1185968694100418561
1185968694607962119
1185968694813495297
1185968695992037383
1185968696491155456
1185968697011245056
1185968697611042817
1185968697824944128
1185968697908686848
1185968698001113088
1185968698340892672
1185968698953228289
1185968699100008449
1185968701633388545
1185968702363033601
1185968702694608896
1185968702698770432
1185968703487332352
1185968703902375936
1185968704011591680
1185968704527446019
1185968704569430018
1185968704695275521
1185968705169170433
1185968705215369216
1185968707211857921
1185968707329298433
1185968707538968576
1185968708671492099
1185968708734373891
1185968709560438785
1185968709904588800
1185968710034558976
1185968710370115584
1185968710512717826
1185968710776848384
1185968711141867526
1185968711334879234
1185968711750041601
1185968712190480389
1185968712681177088
1185968714891616257
1185968715789156352
1185968716057591808
1185968716368023556
1185968716565155840
1185968716661624833
1185968717479514113
1185968717521289216
1185968717865345024
1185968719241064448
1185968719761149953
1185968720251887616
1185968720507736064
1185968722818654208
1185968723368148992
1185968723481550849
1185968724668383232
1185968725058609153
1185968725226377219
1185968725876457478
1185968726463729664
1185968726518222854
1185968726543405056
1185968726555987968
1185968726568570881
1185968726694170626
1185968727440818176
1185968727449198593
1185968727528837121
1185968727797436421
1185968727935856646
1185968728191700999
1185968728652959745
1185968728665665536
1185968729160671238
1185968729164832769
1185968729173020672
1185968729286270976
1185968729361911809
1185968729785602049
1185968729814908928
1185968729894440960
1185968730788057089
1185968731022737408
1185968731807088640
1185968732209696768
1185968732562231296
1185968732587413505
1185968732667043840
1185968732776140800
1185968733413490688
1185968733761740800
1185968733782593537
1185968735934267392
1185968735946977282
1185968736055857153
1185968736336928768
1185968736739758080
1185968737939263490
1185968738182537216
1185968739965112320
1185968739973337088
1185968740468494336
1185968741022142464
1185968741189738496
1185968741626056705
1185968741944844289
1185968743010263040
1185968743597297665
1185968743731601409
1185968743983276032
1185968744155271168
1185968744239157249
1185968744511791104
1185968744813731840
1185968745027690496
1185968745174323200
1185968745254178816
1185968745677758465
1185968746000781312
1185968747342974979
1185968749066801152
1185968749175853056
1185968749586845696
1185968749808996352
1185968749981192194
1185968750014664709
1185968750090248192
1185968750937419777
1185968751415582720
1185968751956463616
1185968752879394816
1185968753047154688
1185968753193947137
1185968753328054273
1185968754267693056
1185968754754109440
1185968755446169600
1185968755538571265
1185968756960350208
1185968757241503744
1185968757451165699
1185968757556105216
1185968759078608899
1185968759217049600
1185968759351238657
1185968759854587904
1185968760173281282
1185968760332652554
1185968761163137024
1185968762257674240
1185968762299678720
1185968762492772354
1185968762501111808
1185968762547134465
1185968763335634944
1185968763461623808
1185968763532992512
1185968763889434625
1185968764250198017
1185968764409581568
1185968764539420673
1185968764589731840
1185968765453979651
1185968765831450625
1185968765873180672
1185968766011748358
1185968766154235904
1185968766661865472
1185968766825291776
1185968767119118339
1185968767584653312
1185968768016666627
1185968768679329793
1185968769090412544
1185968769094410240
1185968769543397377
1185968769606266881
1185968769690144768
1185968769690210304
1185968769891553285
1185968769908334600
1185968770310795264
1185968770428346377
1185968770726150149
1185968771661549568
1185968772542128128
1185968772814966784
1185968772936585216
1185968773003644928
1185968773188030464
1185968773838315520
1185968775486726145
1185968776031768576
1185968776132603905
1185968776682053632
1185968776954732544
1185968778401779713
1185968778825392130
1185968778854780930
1185968778942861313
1185968779781652481
1185968779873996802
1185968779882315777
1185968780192681984
1185968781702713346
1185968781748772865
1185968781891375108
1185968783594274816
1185968784336707584
1185968784382648320
1185968784672206848
1185968784856797184
1185968784919683073
1185968785087447040
1185968785796325377
1185968785850818560
1185968786433703936
1185968786798628864
1185968786983260166
1185968787217977344
1185968787536908288
1185968787939614720
1185968787964809222
1185968788275154946
1185968788975640577
1185968789223030786
1185968789227212806
1185968790174982144
1185968790640713728
1185968790787497986
1185968792121348109
1185968792138080258
1185968792418975745
1185968792603709441
1185968792880455682
1185968792914014209
1185968793442340865
1185968793505456129
1185968794293850112
1185968794314915841
1185968794520424448
1185968794566647810
1185968794579148801
1185968794977607683
1185968795002822658
1185968795158044672
1185968795455840256
1185968796412059649
1185968796764377090
1185968796772655104
1185968796953206785
1185968797804453890
1185968797846573057
1185968799427780609
1185968799721426945
1185968799989878784
1185968800694448131
1185968800749051909
1185968800887398402
1185968801092759552
1185968801906679815
1185968802296668162
1185968802686590976
1185968802745536512
1185968803315900416
1185968804108615682
1185968804125433857
1185968804435644417
1185968804939075585
1185968805270282242
1185968805283008512
1185968805513695232
1185968805706637316
1185968805731696640
1185968806201643008
1185968806268567552
1185968806432301057
1185968806625206273
1185968807057199109
1185968807065669635
1185968807069847553
1185968807828959232
1185968808030298113
1185968808076304384
1185968808403570690
1185968808466366464
1185968808550227969
1185968808948883456
1185968810421030912
1185968810655801345
1185968811272523782
1185968811364638720
1185968811448496128
1185968812434157571
1185968812757270533
1185968813298409472
1185968813432541185
1185968815244500992
1185968817396015104
1185968817790308352
1185968818193088512
1185968818629144576
1185968818683817984
1185968818935554054
1185968820118310913
1185968820571258882
1185968821946986499
1185968821967847425
1185968823574253568
1185968823964487681
1185968824186785800
1185968824341823488
1185968824677326848
1185968824702722048
1185968824731996162
1185968825659002881
1185968826007072769
1185968826153717760
1185968826220863488
1185968826938204161
1185968827546460160
1185968827563159553
1185968828074905602
1185968829039427589
1185968829391761408
1185968830486585344
1185968831333916674
1185968831623303175
1185968831627481094
1185968832302780416
1185968832432590855
1185968832600510464
1185968832751394823
1185968832973852673
1185968833833521153
1185968834051747841
1185968834278232071
1185968834487955456
1185968834647412737
1185968836090257408
1185968836467515397
1185968837071650817
1185968837646307328
1185968837663043589
1185968837834919936
1185968838615035905
1185968839034572800
1185968839365804034
1185968840066260993
1185968840758431745
1185968841144328192
1185968841320349696
1185968841396051968
1185968841571987456
1185968841819672576
1185968841962283009
1185968842226274304
1185968843178565632
1185968843187019784
1185968843325427718
1185968843912548353
1185968844206149632
1185968844227006464
1185968844520787968
1185968845330223104
1185968846580207621
1185968847787982849
1185968849092534272
1185968849277145089
1185968849402900480
1185968849432256512
1185968849989980160
1185968850141097985
1185968850657075202
1185968850841604096
1185968850912907264
1185968850975756288
1185968851004952576
1185968851806248960
1185968852166942720
1185968852443774983
1185968852993269760
1185968853794414592
1185968854306082819
1185968854469632002
1185968854658441216
1185968854901481473
1185968855472099331
1185968856117972997
1185968856365522944
1185968856399044608
1185968856889618432
1185968856990392320
1185968857002991616
1185968857435004928
1185968858047213568
1185968858600861696
1185968859020517380
1185968859380977665
1185968859712573442
1185968859888570370
1185968861159608321
1185968861243416577
1185968862161965058
1185968862946385920
1185968863181070336
1185968863516585984
1185968863520817152
1185968863847936000
1185968864200282112
1185968864737333250
1185968865165139971
1185968865215422470
1185968865727123456
1185968866213662721
1185968866964328448
1185968868600225794
1185968869510451205
1185968870349127680
1185968870969901056
1185968873155121154
1185968873692127235
1185968873885097984
1185968875017560065
1185968875449356288
1185968875487166464
1185968875789271040
1185968876141498368
1185968876221108226
1185968876346990592
1185968876405657600
1185968876720476160
1185968877437702145
1185968877534097408
1185968878066655238
1185968878209392640
1185968878519640064
1185968879383789570
1185968880843415552
1185968880935723014
1185968881426403328
1185968882432921601
1185968883850563584
1185968884563763208
1185968884790247427
1185968885482131456
1185968885532676096
1185968885708677121
1185968885901746177
1185968885931094016
1185968888162463744
1185968888263184384
1185968888732889088
1185968888888082432
1185968889416552448
1185968890112872448
1185968890439983110
1185968890628771844
1185968890733563904
1185968891312381952
1185968891492745217
1185968891916439552
1185968892428144641
1185968892746711041
1185968893841629185
1185968895846502401
1185968896307806214
1185968896622264320
1185968897146703872
1185968898128171008
1185968898891567104
1185968898971074561
1185968899159924736
1185968899168329728
1185968900883640321
1185968901374562305
1185968902179901440
1185968902309908480
1185968902695800833
1185968903685623809
1185968903811452928
1185968905770061825
1185968905942122497
1185968905988128768
1185968905996640257
1185968906164289536
1185968906718121984
1185968906726342656
1185968907779227648
1185968908316094465
1185968908479524866
1185968908962013184
1185968909289246722
1185968909800869890
1185968910639591424
1185968912866992129
1185968913227628546
1185968913311551488
1185968913906950144
1185968914049699841
1185968915123523584
1185968915337355266
1185968915937202177
1185968916444733447
1185968916503416833
1185968917346312192
1185968917593935872
1185968917765906434
1185968918692880390
1185968918902513664
1185968920445865984
1185968920664137728
1185968921431687177
1185968921821749248
1185968921926602753
