1185965902874976256
1185965902979829760
1185965903013384192
1185965903013392387
1185965903067922432
1185965903101485056
1185965903248277504
1185965903277690882
1185965904204460032
1185965904460431360
1185965904523337728
1185965904590528518
1185965904733048832
1185965904997371904
1185965905026699264
1185965905466949632
1185965905810997250
1185965906121449472
1185965907195117571
1185965907828531200
1185965908252078080
1185965909225148416
1185965910332444672
1185965911058124800
1185965911074922497
1185965911150194688
1185965913339813889
1185965914090561537
1185965914874728448
1185965915046907906
1185965915462164485
1185965915751493637
1185965916288421893
1185965916292632576
1185965917219512320
1185965917496369155
1185965917794111489
1185965917970325504
1185965918381334528
1185965918553362433
1185965919052288000
1185965919765446657
1185965920046338048
1185965920063279115
1185965921023586305
1185965921053093889
1185965921346605056
1185965922554650625
1185965922609008640
1185965923217412096
1185965923464695809
1185965923926204416
1185965924052013058
1185965924236398592
1185965924240769024
1185965924551184385
1185965924681048064
1185965924949647362
1185965925679423488
1185965925885009922
1185965926103027715
1185965926472175616
1185965927092887552
1185965927193628677
1185965927201816577
1185965927340412935
1185965927583703047
1185965928531423232
1185965928598638594
1185965928850362369
1185965929471062017
1185965929521438720
1185965929718538242
1185965930427441155
1185965930515439616
1185965930591014917
1185965930750369794
1185965930901315584
1185965931421470721
1185965931769614336
1185965932218404871
1185965932323246081
1185965932742676480
1185965933183062023
1185965933803819008
1185965934235787264
1185965934588002304
1185965935322116096
1185965935838015489
1185965936060309505
1185965936479748096
1185965936815366144
1185965937687695360
1185965938421555200
1185965938442752000
1185965938446868482
1185965939344281600
1185965939369611265
1185965939642241024
1185965940271276032
1185965940741234691
1185965940791488513
1185965940804116480
1185965940896391175
1185965941949128704
1185965942293041153
1185965942532124672
1185965942964129794
1185965944029569024
1185965944255868929
1185965944436224005
1185965944515919872
1185965944591573005
1185965944721543168
1185965945006764040
1185965945011032064
1185965945086500864
1185965945929523200
1185965946126688261
1185965946206216192
1185965946424315905
1185965946751651841
1185965946860646400
1185965947355619330
1185965947489832966
1185965947934265345
1185965948131512322
1185965948156760064
1185965948538408962
1185965948924088320
1185965949675065344
1185965949872152576
1185965950211969024
1185965950920806409
1185965950950133761
1185965951075962881
1185965951713304576
1185965951801446400
1185965952082546688
1185965952321478656
1185965952766230528
1185965953395372034
1185965953584107520
1185965953806487564
1185965953949020162
1185965954603327489
1185965954905321478
1185965955526078465
1185965955584872453
1185965956645847040
1185965957115719680
1185965957451264001
1185965957497290752
1185965957673439232
1185965957715550209
1185965957807656961
1185965958248226816
1185965958650880001
1185965959082840064
1185965959162421249
1185965959330185216
1185965959602827265
1185965960789921793
1185965961163104257
1185965961842778112
1185965962417397762
1185965962530611200
1185965962782113792
1185965962899677186
1185965963424010240
1185965963629469696
1185965963746926593
1185965964422209536
1185965964736761857
1185965965101666305
1185965965202411520
1185965965642735616
1185965965932191745
1185965966557089792
1185965966657839105
1185965966703890433
1185965966846353409
1185965966850740224
1185965967115018241
1185965967563726848
1185965967639076864
1185965968373288962
1185965968436027392
1185965968985595905
1185965969623175171
1185965969912385536
1185965970902470657
1185965970948362245
1185965971087024130
1185965972240265216
1185965972449972229
1185965972676464640
1185965972722601985
1185965972793856000
1185965972953452545
1185965972961800193
1185965973234421762
1185965974157221889
1185965974182342661
1185965975067414529
1185965975318999042
1185965976325677057
1185965976728133632
1185965977047093248
1185965977172758529
1185965977374117889
1185965978150166530
1185965978217308165
1185965978754207746
1185965978867437568
1185965978884149248
1185965978934489090
1185965978946899969
1185965979592998913
1185965980075335685
1185965980591124480
1185965980805226502
1185965981178519552
1185965982000373760
1185965982143131648
1185965983326003201
1185965984248713217
1185965985125277697
1185965985309888512
1185965985578143744
1185965986312269824
1185965986912112640
1185965986958192640
1185965987033731072
1185965987084062723
1185965987155320834
1185965988384256000
1185965988925313025
1185965989201973248
1185965989273448454
1185965989386735616
1185965989407744000
1185965989479010304
1185965989902635009
1185965989906829312
1185965990317875202
1185965991131521025
1185965991186046977
1185965991362211840
1185965991387377664
1185965991458721792
1185965991605559298
1185965991890522112
1185965991894888449
1185965992020709377
1185965992431755265
1185965992557645824
1185965992733659136
1185965992784125952
1185965993270693896
1185965993606205440
1185965993656492032
1185965994419707904
1185965994969317376
1185965996386983936
1185965996546375680
1185965996856602624
1185965997242626048
1185965997494358017
1185965999335641088
1185966000358998016
1185966000484823040
1185966000593879042
1185966000774242305
1185966001017495555
1185966001399222284
1185966003492134913
1185966003777425410
1185966003836063745
1185966004310020096
1185966004448321536
1185966004817543169
1185966004930781185
1185966004989509632
1185966005371199488
1185966006147129349
1185966006210043906
1185966006390398977
1185966007048966145
1185966007116075013
1185966007598419968
1185966007707492352
1185966008655331331
1185966008818896896
1185966008974135297
1185966009213079552
1185966009414508546
1185966009448108034
1185966010681188352
1185966010718937092
1185966011759153152
1185966011876548609
1185966011977060353
1185966012061159424
1185966012207894534
1185966012488916992
1185966012988121088
1185966013206204418
1185966013604601856
1185966015466934272
1185966016507121664
1185966017127833601
1185966017270484993
1185966017371095040
1185966017647988743
1185966017920589824
1185966018226724866
1185966019082444800
1185966020072280065
1185966020185542661
1185966020206452739
1185966022160977920
1185966022442008578
1185966022811099143
1185966022974738437
1185966023033229312
1185966023104761857
1185966023721279491
1185966024224624640
1185966024232964098
1185966024589332481
1185966024769888257
1185966024807604226
1185966026128646144
1185966027060006912
1185966027735207936
1185966027739402240
1185966028523757575
1185966028536385537
1185966030507728896
1185966031296176129
1185966032198033409
1185966032340619265
1185966032608989184
1185966033133326340
1185966033544400896
1185966033955426304
1185966035108843533
1185966035918295046
1185966036706889729
1185966036979474432
1185966037180788737
1185966037205950464
1185966037612802048
1185966037658980354
1185966038346850306
1185966038728564736
1185966038745112577
1185966038782902273
1185966038783086593
1185966038883561474
1185966039022080000
1185966039412215810
1185966039697219585
1185966041064759298
1185966041639378946
1185966041970675712
1185966041979076608
1185966042486431746
1185966042549575680
1185966042809622528
1185966043648483328
1185966043770040321
1185966043803598848
1185966043820384256
1185966043841343488
1185966044294324224
1185966044558573569
1185966044587921413
1185966044655038464
1185966045355499520
1185966045548466178
1185966045615546369
1185966046815100928
1185966046915809281
1185966046924230658
1185966047083384833
1185966047339433985
1185966047540715520
1185966047700115458
1185966048052416518
1185966048568315906
1185966048853614592
1185966048908120064
1185966049050660868
1185966049113456640
1185966049151373312
1185966049331691521
1185966049386225664
1185966050099240962
1185966050602602504
1185966050891853824
1185966050975866881
1185966051038679041
1185966051399483393
1185966051407908864
1185966053148516358
1185966053240791043
1185966053282611200
1185966053945462784
1185966054016602113
1185966054801063944
1185966055090507777
1185966055182622720
1185966055455363073
1185966055556046849
1185966056189374464
1185966056248004608
1185966056428507142
1185966056474599425
1185966056663240706
1185966056709545985
1185966056902287361
1185966057179234304
1185966057304940545
1185966057980383234
1185966058710147073
1185966058869411846
1185966059658067969
1185966060207595520
1185966060325036033
1185966060362747904
1185966060710686720
1185966061088333824
1185966061419745286
1185966061491015680
1185966062422155264
1185966062464126979
1185966064590569472
1185966065492414464
1185966065962098690
1185966065999925248
1185966066197041152
1185966066389962752
1185966066410934272
1185966066410967040
1185966066423488512
1185966066653990912
1185966066746433536
1185966067375595520
1185966067883134977
1185966067975241733
1185966068013195271
1185966068201934848
1185966068214439937
1185966068914966528
1185966069200117760
1185966069250478080
1185966069682462720
1185966070592688128
1185966071334998017
1185966072488431621
1185966072593293312
1185966073021026304
1185966073985851393
1185966074153656321
1185966074258427905
1185966074593984514
1185966074661085185
1185966075512573959
1185966075722321920
1185966075814522881
1185966076120698882
1185966077001588739
1185966077886418944
1185966078498869249
1185966078708633600
1185966079224549377
1185966079430090753
1185966079509590016
1185966079564107776
1185966080084365315
1185966080273125376
1185966080595906560
1185966080809938944
1185966081078370304
1185966081422352384
1185966081451741185
1185966081476907014
1185966081799786496
1185966082332467205
1185966082567356416
1185966082584129546
1185966083078905857
1185966083230130178
1185966083314012160
1185966083838238721
1185966086044319744
1185966086048628739
1185966086132502534
1185966086581305346
1185966086661066752
1185966086908469248
1185966087109787649
1185966087130603520
1185966087147524097
1185966088284184579
1185966088863006720
1185966088946933761
1185966089165037568
1185966089756430336
1185966090028896256
1185966090712682496
1185966091266338817
1185966091673231361
1185966091719315456
1185966091820032001
1185966092159606785
1185966092558184448
1185966092960878592
1185966093199904773
1185966093694832641
1185966093753565185
1185966093761941507
1185966094294626308
1185966094420344832
1185966094772649986
1185966096656019457
1185966096987447297
1185966097624915969
1185966097696210944
1185966098237272064
1185966098367340545
1185966098522488832
1185966098669330433
1185966098895790080
1185966099038212097
1185966099298258944
1185966099428458497
1185966099470282752
1185966100493885442
1185966101244645377
1185966101257162752
1185966101978439680
1185966103056527362
1185966103308263424
1185966103819886593
1185966104125960192
1185966104415559685
1185966104683794432
1185966104797204486
1185966105166254081
1185966105313120256
1185966105812185088
1185966105963257857
1185966106512633856
1185966106881777670
1185966107875840004
1185966108580466688
1185966108962164748
1185966109025095683
1185966109155102721
1185966109343698944
1185966109528383488
1185966109733933057
1185966110253993989
1185966110807592961
1185966110845407232
1185966111893983234
1185966112053157888
1185966112124612610
1185966112179130368
1185966112179138560
1185966112229543936
1185966112325935104
1185966112464240642
1185966112997019648
1185966113814802432
1185966113819156482
1185966113932369926
1185966114150502401
1185966114314051586
1185966114582466561
1185966115094237187
1185966115236843520
1185966115408793601
1185966115933081601
1185966115996028929
1185966116360736768
1185966116687900672
1185966116688072704
1185966116931358720
1185966117308772353
1185966118030270464
1185966118562947075
1185966118571249665
1185966118739042305
1185966119594553344
1185966120819294213
1185966121578651648
1185966121637339136
1185966121758924800
1185966121771524099
1185966122153197574
1185966122379759617
1185966122681733120
1185966123176599552
1185966123268952065
1185966123566718976
1185966123914858498
1185966124657238016
1185966125240279041
1185966125336727554
1185966125735120899
1185966126234251265
1185966126351765504
1185966126670307328
1185966127379337217
1185966127417040896
1185966127760977920
1185966128146857985
1185966128759296000
1185966128792780800
1185966129761701888
1185966129870770176
1185966129937817601
1185966130348937218
1185966130608984066
1185966130881585153
1185966131095441410
1185966131204513794
1185966132437626880
1185966132554895360
1185966132659924992
1185966132886462465
1185966132911583234
1185966132974407683
1185966133012246528
1185966133356236800
1185966133385584642
1185966133544927237
1185966133553303552
1185966133595295744
1185966133691727873
1185966133997903874
1185966134262226948
1185966134845202434
1185966135214141441
1185966135373635584
1185966135772155904
1185966135893725184
1185966136065740801
1185966136279683073
1185966137005236225
1185966137080602624
1185966137856552960
1185966138745901057
1185966138922061824
1185966139194560512
1185966139618349056
1185966140155191303
1185966140746616832
1185966142269153281
1185966142340435969
1185966143023923206
1185966143321841664
1185966143783264256
1185966144441729027
1185966144596824065
1185966144768876544
1185966144974393344
1185966145821696007
1185966145846874113
1185966146132021249
1185966146744389634
1185966147050577923
1185966147075792897
1185966147348422657
1185966147536998400
1185966147583111169
1185966147696332800
1185966147784577024
1185966147985989632
1185966148099203072
1185966148304678925
1185966148321529859
1185966148371845120
1185966148464103430
1185966148606668804
1185966148774486018
1185966148967436290
1185966149370077185
1185966149831446529
1185966151194628097
1185966151215583234
1185966151794331649
1185966152524025856
1185966152683544577
1185966152712937479
1185966153933512704
1185966154285756416
1185966154730430469
1185966155141439489
1185966155745370112
1185966156395487237
1185966156810784769
1185966156861054976
1185966157137883136
1185966158849155072
1185966158966640641
1185966159016927233
1185966160556130304
1185966161168683010
1185966161298644992
1185966161730658304
1185966161789411334
1185966162200399872
1185966162598694912
1185966162640855041
1185966162720354304
1185966162967969799
1185966163232251904
1185966163433361408
1185966163509043200
1185966163597103104
1185966163764961280
1185966163983065088
1185966164205133824
1185966165111296000
1185966165933383680
1185966166042447877
1185966166210220033
1185966166369427457
1185966166411501568
1185966166868742150
1185966167191502848
1185966167309062146
1185966167351009282
1185966167556546561
1185966167648698370
1185966168017911809
1185966169192165376
1185966169687298048
1185966169947283458
1185966170102517762
1185966171214012416
1185966171872518144
1185966172816236558
1185966173147541504
1185966173789114368
1185966173990486016
1185966174091300865
1185966174103752704
1185966174699438081
1185966175047606274
1185966176989597698
1185966177840971776
1185966177903874048
1185966178335887360
1185966178851790848
1185966178956693511
1185966179749421056
1185966179963330566
1185966180194017280
1185966180483424262
1185966180567138304
1185966180726722560
1185966181200453632
1185966182140002304
1185966182526005250
1185966182568005637
1185966182618275841
1185966182773469184
1185966182786064384
1185966183788564481
1185966183926779904
1185966184048615424
1185966184211988480
1185966184593797126
1185966184753221637
1185966186317713415
1185966186405584896
1185966187496312833
1185966187970207744
1185966188368666624
1185966188817539074
1185966189077585920
1185966189207609349
1185966189979279360
1185966190390398976
1185966190566526979
1185966190742474753
1185966191086571520
1185966191480885248
1185966191715573760
1185966191803658240
1185966192105623552
1185966192172961803
1185966192223281153
1185966192302919680
1185966192453922817
1185966193016000512
1185966193477337088
1185966193603219456
1185966193779396609
1185966194152673281
1185966194383306760
1185966194681139201
1185966195029282817
1185966195062607872
1185966195712892929
1185966195973017605
1185966196455366656
1185966196979404800
1185966197034102784
1185966197533298689
1185966197558390784
1185966197814087680
1185966197969285120
1185966197977866242
1185966198183387138
1185966199428878337
1185966199764668417
1185966200435761152
1185966200481820674
1185966201417228288
1185966201421348866
1185966201576534018
1185966201593323520
1185966201614286849
1185966201664671745
1185966201886986240
1185966202507661312
1185966202881019906
1185966203795197957
1185966203862487041
1185966204239929344
1185966204399357952
1185966204562878464
1185966205154349056
1185966205275922432
1185966205296926720
1185966205326315521
1185966205863112704
1185966206421012480
1185966206437810176
1185966207293362177
1185966207440056320
1185966208081977346
1185966208606191617
1185966208950132736
1185966208966750208
1185966209168113664
1185966209243566080
1185966209440911360
1185966210497814528
1185966211533811712
1185966212045516800
1185966212183777280
1185966212276084737
1185966212452438017
1185966213157003264
1185966213190602755
1185966214465622017
1185966214792830977
1185966215098970113
1185966215417610240
1185966216021757952
1185966216428564481
1185966217036738562
1185966217149874176
1185966218185830400
1185966219582754817
1185966219695984640
1185966220954230784
1185966221633740800
1185966221843488768
1185966222090887169
1185966222292205569
1185966222564904960
1185966222808178688
1185966222896193541
1185966222980112384
1185966223101698048
1185966223508434944
1185966223713898496
1185966224313856003
1185966224741675008
1185966224888475651
1185966225186349063
1185966225203126272
1185966225454718977
1185966225966424065
1185966226184507396
1185966226654318592
1185966227677728768
1185966229258952704
1185966230777356288
1185966230848638977
1185966230991265793
1185966231096119305
1185966231255302145
1185966231326806017
1185966233314844672
1185966234602483714
1185966234883506176
1185966235961430020
1185966236330364928
1185966236594823169
1185966236754235392
1185966237035257856
1185966237383385088
1185966238402535426
1185966239153295360
1185966239186857984
1185966239329538053
1185966240071741440
1185966240239628296
1185966240445145090
1185966240524840961
1185966240659054592
1185966240826871809
1185966241686491136
1185966242097778690
1185966242177286144
1185966242206801921
1185966242361942018
1185966242521329664
1185966243062284289
1185966243712516098
1185966244333314049
1185966244937097216
1185966245155356672
1185966246111543296
1185966246778400768
1185966248334544896
1185966248590479360
1185966248846413826
1185966250121256960
1185966250179956736
1185966250700263426
1185966251018993664
1185966253455921154
1185966253783076864
1185966254034685952
1185966254051323904
1185966254709972992
1185966255104299013
1185966256152821762
1185966256467402752
1185966256651767809
1185966258023518208
1185966258690363392
1185966258895884290
1185966259080445953
1185966259193765889
1185966259747377152
1185966259940286466
1185966260565282817
1185966260749770755
1185966260888231937
1185966261659820033
1185966261785616384
1185966262070984706
1185966262851117057
1185966263664873475
1185966264197570560
1185966264667299841
1185966265074102272
1185966265631989761
1185966265698926592
1185966265799606272
1185966265904427009
1185966266386964481
1185966267339022337
1185966268374863872
1185966269146775552
1185966270820294657
1185966272229629953
1185966272342827009
1185966272791613440
1185966273060114433
1185966274142265344
1185966274511343617
1185966274641313793
1185966275240980480
1185966275954167808
1185966276210053120
1185966276264386560
1185966276444901376
1185966276713308165
1185966277434593280
1185966277770108929
1185966278881746945
1185966279259316226
1185966279540252672
1185966280282648577
1185966281431932928
1185966282014887942
1185966282534838272
1185966283009024000
1185966283206123523
1185966283277385729
1185966283386322946
1185966284070117377
1185966285651357697
1185966285714272258
1185966285773004800
1185966285982720000
1185966286427361280
1185966286477635585
1185966288004407309
1185966288578834432
1185966289019441153
1185966290126692353
1185966291489710080
1185966291590492160
1185966291842228224
1185966292244795392
1185966293251428353
1185966294509731845
1185966294757191681
1185966295117914113
1185966296460136451
1185966296527245315
1185966296875356160
1185966297257070595
1185966297336684545
1185966297869213696
1185966297940709377
1185966298032771073
1185966298288640000
1185966299140231168
1185966300876533760
1185966301417746432
1185966302130855942
1185966302717853696
1185966302780891136
1185966302894186497
1185966302898335745
1185966304399974400
1185966304475275264
1185966304517382145
1185966305716965378
1185966306182549505
1185966307738640384
1185966307885363202
1185966309412085760
1185966309714124801
1185966310058016768
1185966310699741184
1185966310926245888
1185966311358287874
1185966312213880838
1185966312251523072
1185966312859865089
1185966313468039169
1185966313677737985
1185966314063454208
1185966316521512962
1185966317217746944
1185966317502787584
1185966317788114944
1185966318291341313
1185966318777970689
1185966319918673921
1185966320233472000
1185966320753479680
1185966321147748352
1185966321181347849
1185966321269297152
1185966322112294912
1185966322255044608
1185966323387502592
1185966323966337027
1185966324687740930
1185966324842926081
1185966325463519233
1185966325514027008
1185966325547405312
1185966325866188801
1185966326159986688
1185966326730362881
1185966326852046848
1185966327086882817
1185966327703527424
1185966328164732928
1185966328349384704
1185966328391389186
1185966328886321153
1185966328970174465
1185966329200726016
1185966329423187973
1185966331289423872
1185966332803575809
1185966333076348928
1185966333428674560
1185966334435299331
1185966334435381248
1185966334762348545
1185966335848792067
1185966336536731648
1185966336842842113
1185966337308418048
1185966338386186240
1185966338730270726
1185966339762073604
1185966339904692224
1185966341762748427
1185966341934764032
1185966341959880711
1185966342714773504
1185966344090505216
1185966344291917825
1185966345155776512
1185966345457811456
1185966345621508096
1185966345684443138
1185966346019971073
1185966347408330752
1185966347840348167
1185966347869655045
1185966348226174977
1185966348452552704
1185966349249593344
1185966349429989376
1185966349723549696
1185966350822510593
1185966350998523906
1185966351267094528
1185966351845920768
1185966352617619457
1185966352802209793
1185966352990912514
1185966353976627200
1185966354341552129
1185966354484137987
1185966354932944897
1185966357051068417
1185966357059395586
1185966357978009602
1185966359018119168
1185966359827636224
1185966359861170176
1185966360364498945
1185966360804974592
1185966360897015808
1185966361144635393
1185966362008674304
1185966362121752576
1185966362151272449
1185966362189090816
1185966362356862976
1185966362855968770
1185966363199836160
1185966363208306688
1185966363413753857
1185966363829035014
1185966363946434560
1185966364089049088
1185966364407795712
1185966364474904580
1185966366148321280
1185966367075438592
1185966367952003072
1185966368270757891
1185966368497098752
1185966368958451713
1185966368979505152
1185966369248104448
1185966369470328833
1185966370267246595
1185966370296483840
1185966370988670979
1185966371634438144
1185966372766961664
1185966373148733445
1185966373454794752
1185966374302158848
1185966374541234177
1185966374985916417
1185966375455641601
1185966376449691648
1185966376936230913
1185966376957005824
1185966377225609216
1185966378173509633
1185966378181902337
1185966379289198594
1185966380035837953
1185966380413116416
1185966380547481600
1185966380744613888
1185966382145556480
1185966382846042113
1185966383219269633
1185966383361867776
1185966383554842624
1185966384012021761
1185966384603435009
1185966385454825472
1185966385547096064
1185966386872508419
1185966387002515457
1185966388126638080
1185966388344770564
1185966389389074433
1185966389506531329
1185966389670092801
1185966389691060227
1185966389913255936
1185966389988859905
1185966390089568266
1185966390441861121
1185966391045701632
1185966391138115584
1185966392035729414
1185966392631316483
1185966393231101954
1185966393356890112
1185966393805737985
1185966394581618688
1185966394636193795
1185966395848298496
1185966395982528512
1185966396100009986
1185966396121014273
1185966396548603905
1185966397165395968
1185966397379239938
1185966397446328320
1185966399379763200
1185966399677706240
1185966400046800896
1185966400382423040
1185966400965361664
1185966401036660736
1185966401368051712
1185966401904726017
1185966402932563970
1185966403020419073
1185966405386166272
1185966405423980544
