1185965399298363392
1185965399529140224
1185965400040837120
1185965400204419072
1185965400456077313
1185965400623898624
1185965400845996032
1185965401261297665
1185965401391423492
1185965401433264129
1185965401651449856
1185965401726947329
1185965403232768002
1185965403383701509
1185965403450810374
1185965403979309057
1185965404000346112
1185965404298059776
1185965404616835073
1185965404625063936
1185965405128425472
1185965405183053824
1185965405183057925
1185965405321486336
1185965405602570240
1185965406009331713
1185965406080487424
1185965407162851330
1185965407322038273
1185965408991485952
1185965409071173632
1185965409083822080
1185965409285132292
1185965409410924544
1185965409477918720
1185965409507241984
1185965409603870720
1185965410094444544
1185965410342096896
1185965410379845632
1185965411059130368
1185965411700887552
1185965412342616064
1185965412439089152
1185965413911400450
1185965414855118849
1185965415127834624
1185965415517655041
1185965415572426752
1185965416440565760
1185965417245954049
1185965417602400256
1185965417824768000
1185965418927837184
1185965419053682694
1185965420261584897
1185965420337160194
1185965420722954240
1185965420962074624
1185965421125689349
1185965422035775488
1185965422488645633
1185965422589501457
1185965422836740096
1185965423117905920
1185965423205982208
1185965423780487174
1185965423956824064
1185965424384585729
1185965424426532865
1185965424825065472
1185965425252806656
1185965425563226112
1185965425600991233
1185965425705848832
1185965425902968833
1185965425982488576
1185965426242707456
1185965426322427905
1185965426569859072
1185965426603253760
1185965427056267264
1185965427115081729
1185965427358425089
1185965427618471938
1185965428008509440
1185965428637622272
1185965429073817602
1185965429300191233
1185965429648478208
1185965429950439426
1185965430151811074
1185965430856388616
1185965431091318787
1185965431129018371
1185965431737274368
1185965432425107456
1185965433368633344
1185965433880342530
1185965434459303936
1185965434954244096
1185965435352694784
1185965435482705922
1185965435868463104
1185965435877036038
1185965436954918921
1185965437000925185
1185965437437272064
1185965437663793158
1185965438129397766
1185965438301343744
1185965438360051713
1185965438372634626
1185965439098261504
1185965439152807936
1185965439467302912
1185965439773528069
1185965439857414144
1185965439924494337
1185965440066932736
1185965440113229824
1185965440494903298
1185965440549507074
1185965440562089984
1185965441325453313
1185965441358819328
1185965441480564738
1185965441593815042
1185965441627365376
1185965441702752256
1185965441782599685
1185965441967099904
1185965443074289665
1185965443330301952
1185965444118831104
1185965444487880704
1185965444731195392
1185965444961914880
1185965444966109184
1185965444991258624
1185965444999585793
1185965445662285824
1185965446236954624
1185965446371008514
1185965446408867842
1185965447105003520
1185965447495090176
1185965447646208006
1185965448002707456
1185965448699043840
1185965448707264512
1185965449294569472
1185965449336573952
1185965449420431362
1185965450750054400
1185965450896822273
1185965451198619648
1185965452045901824
1185965452092010496
1185965453493067776
1185965454021386241
1185965454562615301
1185965454805864448
1185965455028051968
1185965455799771136
1185965455812546563
1185965455967567872
1185965456252952577
1185965456601092097
1185965456735141888
1185965458299801601
1185965458618572805
1185965459121889280
1185965459843121152
1185965461902692357
1185965462724710405
1185965462875561984
1185965463018377216
1185965463127261184
1185965463349665799
1185965463630700544
1185965463764910081
1185965463991476225
1185965464062545922
1185965465073401856
1185965465170055168
1185965465379565568
1185965465895624712
1185965465920606208
1185965466180825095
1185965466227007491
1185965466260529152
1185965466667438081
1185965466734485505
1185965467158089729
1185965467216699393
1185965467812413442
1185965468043100160
1185965468101890049
1185965468579971072
1185965468797960192
1185965468873445376
1185965469255139328
1185965469779365889
1185965470589042690
1185965470660333568
1185965471109210115
1185965471289491458
1185965471465644032
1185965474070159360
1185965474581868545
1185965474821165056
1185965474821169152
1185965474900840448
1185965475143880704
1185965475869667328
1185965476037287936
1185965476188434433
1185965476943482882
1185965477329342465
1185965477589344261
1185965477807480833
1185965478021349376
1185965478528913408
1185965478868672513
1185965478998618118
1185965479527178240
1185965479795593216
1185965480198074368
1185965480550551553
1185965481791905792
1185965482899324928
1185965483025207296
1185965483239063554
1185965483297771520
1185965483549511683
1185965483968720896
1185965484350562305
1185965485210460160
1185965485256564736
1185965485294313472
1185965485386588161
1185965486758072321
1185965486850265088
1185965486875594752
1185965486959411200
1185965487185891335
1185965487559233536
1185965487727038467
1185965488255299585
1185965488310050816
1185965488821755904
1185965489383542786
1185965489433874433
1185965489639579659
1185965490214227968
1185965490646196225
1185965491233247232
1185965491392782342
1185965491837460480
1185965491870928897
1185965491900338176
1185965491963256834
1185965492105830400
1185965492214947841
1185965492391088129
1185965492655316997
1185965493120749568
1185965493292810240
1185965493359915008
1185965493456375811
1185965493468966914
1185965493645127682
1185965493766766592
1185965493926191106
1185965494240714752
1185965494261694464
1185965494286934016
1185965494765047812
1185965495129985029
1185965496077869057
1185965496321105920
1185965497206165506
1185965497398882305
1185965497717854210
1185965497722064897
1185965497927524353
1185965497948487681
1185965497956950017
1185965498053226497
1185965498149801984
1185965498615226369
1185965498808360960
1185965499345190913
1185965499491983360
1185965499605278724
1185965499718520834
1185965500024668160
1185965500045676547
1185965500246953984
1185965500376989699
1185965500540452865
1185965500582580224
1185965500624326657
1185965500695793665
1185965501345943554
1185965501530464257
1185965501970702336
1185965502134439939
1185965502222483456
1185965502482518017
1185965502524526594
1185965503606452224
1185965504017698817
1185965504130883584
1185965504202080261
1185965505632460800
1185965507029151744
1185965507125620742
1185965508274851842
1185965508291481600
1185965509004558336
1185965509235359744
1185965509772271616
1185965509801586694
1185965510258769920
1185965510917275653
1185965511018008579
1185965511101898752
1185965511202496513
1185965511311388672
1185965511412088832
1185965511496081408
1185965511659675648
1185965511798149122
1185965512200728576
1185965512485945345
1185965512540545024
1185965512582488065
1185965512670547968
1185965513102495745
1185965513505214464
1185965514012512257
1185965514478292992
1185965514646085632
1185965515023536134
1185965515031928834
1185965515082260481
1185965515187146752
1185965515832885248
1185965515908370433
1185965516051177473
1185965516105670656
1185965516109864961
1185965516294426624
1185965516432793601
1185965516806131714
1185965516835491840
1185965517334568960
1185965517380771841
1185965517468626951
1185965517884014592
1185965519003930625
1185965519356223488
1185965519498706950
1185965519691751424
1185965520241057792
1185965520455110656
1185965520945762305
1185965521109504001
1185965521159761921
1185965521554038791
1185965521684127744
1185965521700831232
1185965521788780544
1185965522279632899
1185965522338418689
1185965522426454018
1185965522594226176
1185965522795552769
1185965522921254912
1185965523256909826
1185965523386994688
1185965523819008000
1185965523915497475
1185965524808851456
1185965525077315585
1185965525165395969
1185965525999869959
1185965526104838144
1185965526251651072
1185965526377304064
1185965526830313472
1185965526880804870
1185965526989692928
1185965527287631877
1185965527505592320
1185965527799357441
1185965527866454016
1185965527891468288
1185965528042459136
1185965528189460481
1185965528315240448
1185965528449462273
1185965529091231744
1185965529175089152
1185965529258975232
1185965529275752448
1185965529678393344
1185965529837821952
1185965530139656192
1185965531553304576
1185965531653799941
1185965532505264128
1185965532547309574
1185965532589121537
1185965532866109440
1185965533004349440
1185965533931413504
1185965534266961920
1185965535537709056
1185965535604985857
1185965535885959169
1185965536506732544
1185965536586469377
1185965537605509120
1185965537844748288
1185965539199537158
1185965539228864512
1185965539409235974
1185965539765694465
1185965539782545408
1185965539790852103
1185965540424196096
1185965540734623744
1185965540839264256
1185965540839428096
1185965541812363264
1185965541875470336
1185965541950984192
1185965542055858176
1185965542198382592
1185965542370402304
1185965542730919936
1185965542731063296
1185965542802366469
1185965543486115840
1185965543892963328
1185965545096728581
1185965545734201344
1185965545935519744
1185965546023424000
1185965546040418304
1185965547005108225
1185965547843981312
1185965548091383809
1185965548246568960
1185965548808658946
1185965549177589760
1185965549219729408
1185965549676711937
1185965550083760128
1185965550695899136
1185965550704431104
1185965550750621696
1185965551463620608
1185965551560155137
1185965552973570054
1185965553099214848
1185965553321689088
1185965553841856512
1185965554068160512
1185965554760372225
1185965555272114177
1185965555708243969
1185965556467486722
1185965556786171904
1185965557025251328
1185965557985746945
1185965558468153347
1185965558778548224
1185965559340556289
1185965559956951040
1185965560141697024
1185965560376516608
1185965560405921793
1185965560431075328
1185965560494022669
1185965560946757632
1185965561219448833
1185965561890557953
1185965561978720256
1185965561991315457
1185965562058416133
1185965562150699014
1185965563270463488
1185965563341889536
1185965563694198784
1185965564260257792
1185965564285673473
1185965564398751744
1185965565711716357
1185965565938163714
1185965566214979585
1185965566659616768
1185965567397826561
1185965567615873024
1185965568177954818
1185965568727248897
1185965569708658688
1185965570010877952
1185965570631577600
1185965571596263425
1185965572242235392
1185965572401647617
1185965572665827329
1185965572972072960
1185965573815095296
1185965574003707904
1185965574154637313
1185965574196580352
1185965574477795328
1185965574649712641
1185965574695849989
1185965574888796160
1185965575463473152
1185965576314916864
1185965576642015235
1185965577006977025
1185965577174687744
1185965577489256449
1185965577711472641
1185965577824813057
1185965577883410433
1185965578349142018
1185965578579824640
1185965578864844801
1185965578982285312
1185965579099881474
1185965579364007938
1185965579749986304
1185965580488269824
1185965581222195200
1185965581884743680
1185965582442737664
1185965582899990529
1185965582920777729
1185965583071956992
1185965583147253764
1185965583659130883
1185965584342814723
1185965584413933569
1185965585710141443
1185965586372685826
1185965586549006336
1185965586607722496
1185965587052355584
1185965587429761024
1185965587945705472
1185965587979264000
1185965588088156160
1185965588981702656
1185965589329788933
1185965589833179136
1185965589942210561
1185965590164525057
1185965590218969088
1185965590239776768
1185965591091466241
1185965591246573569
1185965591359819776
1185965591842172935
1185965592542617607
1185965592618192901
1185965592798466049
1185965593180160000
1185965594266480640
1185965594463498240
1185965594899816448
1185965595847811072
1185965596590120965
1185965597172977664
1185965597676359680
1185965598892793856
1185965599077392385
1185965599173816323
1185965599400153093
1185965599991701504
1185965600591486982
1185965601115631616
1185965601757499400
1185965601757507587
1185965602336378880
1185965603150094336
1185965604412579840
1185965604810964992
1185965605280796673
1185965605486092288
1185965606169825280
1185965606249598976
1185965606312431616
1185965606484533249
1185965606643884034
1185965606790717443
1185965606950133760
1185965606966837251
1185965607499567106
1185965607600168962
1185965607835131904
1185965607969157120
1185965608447422466
1185965608753602560
1185965609286287366
1185965609630105600
1185965609638600705
1185965609777074176
1185965610267795459
1185965610351640576
1185965610532065281
1185965611366662145
1185965611450454016
1185965612658515970
1185965612742234113
1185965613606416386
1185965613728124929
1185965614055264257
1185965614311051271
1185965614470434818
1185965615296733185
1185965615305187329
1185965615334526986
1185965615426801669
1185965615988654080
1185965616106217475
1185965616718630919
1185965616999608320
1185965617775558656
1185965617800593409
1185965617863692289
1185965618417328143
1185965618580873216
1185965619121967106
1185965619356864513
1185965619457470466
1185965620334120961
1185965620615155715
1185965620736774144
1185965620858245120
1185965621168787456
1185965621588189184
1185965622271860737
1185965622875713537
1185965623056195585
1185965623182053377
1185965623442051072
1185965623639269381
1185965624192897024
1185965624335331328
1185965624402595847
1185965624499027968
1185965624763113472
1185965625161728004
1185965625207861249
1185965625354739713
1185965625790758912
1185965625941905408
1185965626445066240
1185965627648937985
1185965627950784512
1185965628278169612
1185965628320030720
1185965628768866304
1185965629557350401
1185965629758758914
1185965630488485888
1185965631423897608
1185965631625146368
1185965632820563968
1185965633030111233
1185965636092084225
1185965636587065344
1185965636704493568
1185965636821946368
1185965636863836160
1185965636868026374
1185965637555884032
1185965637635575808
1185965637941760001
1185965637987733504
1185965638344499201
1185965638814195712
1185965639233617921
1185965639971823616
1185965640005361664
1185965640248639490
1185965641712447489
1185965641825693702
1185965642400313346
1185965642471620609
1185965642517606400
1185965642622603270
1185965643545206785
1185965643641819137
1185965643822174209
1185965644291854336
1185965644333887488
1185965645172805632
1185965645193715713
1185965645403320320
1185965645680254978
1185965645718081536
1185965646087180288
1185965646435278851
1185965646485643264
1185965647227969537
1185965647806767104
1185965647823626243
1185965648834420738
1185965650243702784
1185965650268884997
1185965651552358400
1185965651619266560
1185965651799633920
1185965652143726592
1185965652248539136
1185965652403769344
1185965652734922752
1185965653485916160
1185965654542819328
1185965654618378240
1185965654760800257
1185965654878371840
1185965655121682432
1185965655419506693
1185965655708729344
1185965655960510469
1185965656040181762
1185965656358952961
1185965656396779526
1185965657168461828
1185965657596268545
1185965658103861251
1185965658288381953
1185965658309300225
1185965658309386242
1185965658988863489
1185965659072552960
1185965659286585344
1185965659332714496
1185965659345375233
1185965659391442944
1185965659856916481
1185965660301676544
1185965660716851200
1185965661467504641
1185965661501169664
1185965661601849344
1185965661710962690
1185965662268641280
1185965662566572037
1185965662637871104
1185965662730178563
1185965663099281410
1185965663124373504
1185965663241658368
1185965663589941249
1185965663795310592
1185965664072286213
1185965664227299328
1185965664462352384
1185965665234161664
1185965666043617280
1185965667087986688
1185965667490635782
1185965667532595201
1185965667800862720
1185965668056928256
1185965668413427712
1185965668887388163
1185965669034016769
1185965669034029057
1185965669105520640
1185965669113712643
1185965669625552903
1185965669667483649
1185965670233710592
1185965670753865728
1185965670774853639
1185965671684984833
1185965671915671553
1185965672016171008
1185965672091848704
1185965672238587905
1185965674281295872
1185965674436485126
1185965674876698624
1185965675900264448
1185965676051288064
1185965676319535106
1185965676428697602
1185965677527666693
1185965677716426752
1185965677938724865
1185965677968011266
1185965678160945152
1185965678165188609
1185965678404214784
1185965678488104961
1185965678496571393
1185965678500745218
1185965678500761603
1185965678735642624
1185965678752219136
1185965678823641088
1185965678894964737
1185965679180177409
1185965679368921090
1185965679507206144
1185965679524089856
1185965679863840769
1185965679909855232
1185965680056766464
1185965680702771201
1185965680929185792
1185965681285746693
1185965681512202241
1185965681780645889
1185965682003005441
1185965682460102657
1185965682669883394
1185965683076550656
1185965683106078720
1185965683269464065
1185965683508690944
1185965684141899776
1185965684146216960
1185965684246958080
1185965684393758721
1185965684439879680
1185965685412941825
1185965685450539008
1185965685849104386
1185965686000144384
1185965686042046464
1185965686499270657
1185965688130809858
1185965688319545345
1185965688361488392
1185965688416026630
1185965688453828608
1185965688839499777
1185965690429136896
1185965690529964033
1185965691368857601
1185965691595317254
1185965691893178369
1185965691930906625
1185965692291633154
1185965692803260417
1185965693050609664
1185965693084274688
1185965693449035778
1185965693461811202
1185965693658943488
1185965693730263043
1185965693897826305
1185965694158065665
1185965694334263297
1185965694820769792
1185965695076462592
1185965695089037312
1185965695416193024
1185965696070639617
1185965696297164800
1185965697014194177
1185965697819693056
1185965698532679681
1185965698872500231
1185965698901671936
1185965699249905665
1185965699870744578
1185965701036687367
1185965701485469696
1185965701930143746
1185965702068477953
1185965702177607681
1185965703930826759
1185965703989469185
1185965704618692611
1185965704757035008
1185965704903823367
1185965705423917057
1185965705453285378
1185965705482555393
1185965705625247744
1185965705990197249
1185965706166321153
1185965706363523072
1185965706665435136
1185965707068104704
1185965707152056331
1185965707282075648
1185965707844038657
1185965707982303232
1185965708024385537
1185965708133330944
1185965708749881344
1185965710876598273
1185965711430225921
1185965711643959297
1185965711837073408
1185965712076083201
1185965713854468096
1185965714483679233
1185965714693337088
1185965714710110209
1185965714877886470
1185965714890354688
1185965715360305153
1185965715599302657
1185965715708399621
1185965717574868992
1185965718002700288
1185965719319695362
1185965720145809409
1185965720590602240
1185965721425272833
1185965721890639872
1185965722045825025
1185965722331164674
1185965722956161030
1185965723711135744
1185965724281573384
1185965724340277250
1185965725418172421
1185965725472698368
1185965725787262978
1185965725963472896
1185965728488476678
1185965729520193541
1185965730849800192
1185965731176955905
1185965731227340800
1185965731554439168
1185965731634188290
1185965731885801473
1185965731923533825
1185965732007419905
1185965732192030721
1185965732821131265
1185965733022441473
1185965733131493376
1185965733345398784
1185965733647400960
1185965733710315520
1185965734167535618
1185965734461165568
1185965734939119616
1185965736155590658
1185965736377933824
1185965736587644929
1185965736679952387
1185965736885403648
1185965737011118081
1185965737162297346
1185965737170456576
1185965737434931202
1185965737489379331
1185965737585860615
1185965737824968705
1185965738512793602
1185965738659590144
1185965738705616896
1185965738793807872
1185965739313942530
1185965740907778048
1185965741004263425
1185965741171982338
1185965741801181185
1185965741813555200
1185965741968953345
1185965742191267840
1185965742551896065
1185965742749110273
1185965743193677825
1185965743504007168
1185965743516585984
1185965743797669889
1185965744065937408
1185965744087097344
1185965744426758144
1185965744942657538
1185965744955252736
1185965744959479811
1185965746083520524
1185965746171645952
1185965746335166464
1185965748533055490
1185965749036376064
1185965749053071361
1185965749946454016
1185965750000979970
1185965750017650688
1185965751074725888
1185965751905193984
1185965752228163585
1185965752437870593
1185965752488251397
1185965752655986691
1185965753520013313
1185965754455351297
1185965754505715714
1185965754841227264
1185965755935985669
1185965756695171073
1185965756816773125
1185965757215203329
1185965757860941825
1185965757995327490
1185965758347481089
1185965758955823105
1185965760100884482
1185965760264323074
1185965760440614912
1185965760851730432
1185965760876662787
1185965761136857088
1185965761430339584
1185965762286178307
1185965762919448576
1185965763477278722
1185965764026732545
1185965765431906304
1185965765972889607
1185965766539120640
1185965766602043393
1185965767025659904
1185965767357022209
1185965767470309376
1185965767780655115
1185965767906545667
1185965768380440578
1185965768653103106
1185965769210941442
1185965769378668544
1185965769466810368
1185965769525477376
1185965769642954752
1185965770729283584
1185965770905403392
1185965771287154688
1185965771496841216
1185965772482449409
1185965772717412355
1185965772813881347
1185965773744791553
1185965774051139592
1185965774088921088
1185965774193729537
1185965774793560065
1185965775053414401
1185965775061950465
1185965775376408576
1185965776064385025
1185965776433487878
1185965776437743616
1185965776458661888
1185965777851244545
1185965777956069380
1185965778182594560
1185965778350292993
1185965778761175040
1185965779658989575
1185965779856035840
1185965780212617217
1185965780317270016
1185965780703289344
1185965781609107456
1185965782263570432
1185965782406184962
1185965782800490499
1185965782913736704
1185965782985068544
1185965783022817280
1185965783140036608
1185965783249240065
1185965783416852480
1185965783589031936
1185965783622381568
1185965783677128705
1185965783945547776
1185965784155246592
1185965784838873088
1185965784855654400
1185965784956317696
1185965785258385413
1185965785929437185
1185965786051035138
1185965786264784896
1185965786466312194
1185965786466340865
1185965787439349760
1185965788399882240
1185965788475383809
1185965788651491329
1185965788840316929
1185965789100302336
1185965789678931968
1185965789951725568
1185965791251959809
1185965791310684160
1185965791415590912
1185965791478534145
1185965791696392192
1185965792078319621
1185965792224956416
1185965792334139393
1185965792585633793
1185965792694718464
1185965793365901313
1185965793470636032
1185965793852436485
1185965794535981056
1185965795223986177
1185965795471482883
1185965795664433152
1185965796356427783
1185965796373217281
1185965796872163328
1185965797006462978
1185965797149044736
1185965797639938049
1185965797774151682
1185965798017421312
1185965798369759232
1185965798453587968
1185965799258951682
1185965799330209794
1185965799594434561
1185965799611105280
1185965799745282048
1185965800017915904
1185965800798281735
1185965801448394754
1185965801481867266
1185965802098434050
1185965802597638145
1185965802874384385
1185965803050590210
1185965804103356417
1185965804392714240
1185965804505980933
1185965804736712704
1185965804816424960
1185965804862562305
1185965805231464448
1185965805424594946
1185965805680377856
1185965805898518529
1185965805982441479
1185965806187769856
1185965807102246912
1185965807144243201
1185965807299203072
1185965808058548225
1185965808616390658
1185965808826159105
1185965808842924032
1185965808964341760
1185965809346187264
1185965809451053059
1185965809757282306
1185965809841135618
1185965810826862595
1185965810994556928
1185965811166601216
1185965811724439555
1185965811850252290
1185965811867013120
1185965811875438593
1185965813288722432
1185965813335023616
1185965813574111232
1185965814035505153
1185965814551175168
1185965814555512834
1185965814916304897
1185965815742509057
1185965815822200832
1185965816086487043
1185965816501673985
1185965816581373952
1185965817344724993
1185965817659297794
1185965817793536000
1185965818179473409
1185965818552766466
1185965818733051904
1185965818921664513
1185965819689422848
1185965819714592773
1185965820377227264
1185965821010567169
1185965821228732417
1185965822046420993
1185965822319054848
1185965822612770817
1185965822700851203
1185965822960898048
1185965823049060354
1185965824730898432
1185965824856788994
1185965824932073472
1185965825208938496
1185965825372631040
1185965825762775040
1185965825867411457
1185965826282647552
1185965827335622657
1185965828103200768
1185965828975538177
1185965829373874176
1185965830259040257
1185965830577639425
1185965830841892869
1185965830909169669
1185965831559110657
1185965831815073793
1185965832721063937
1185965833098543107
1185965833320718336
1185965833383809025
1185965833505460226
1185965833593524224
1185965833765437440
1185965834365091841
1185965834499510272
1185965834591723521
1185965835086651392
1185965835090907141
1185965836231512065
1185965836420431873
1185965836428873728
1185965836437114880
1185965836810510337
1185965837162672129
1185965837271916545
1185965837276061698
1185965837674516480
1185965837980708867
1185965838223863809
1185965838362394624
1185965838718918657
1185965838827835392
1185965839071268864
1185965839247273984
1185965839691997184
1185965839692029963
1185965840023347201
1185965840803479553
1185965841612967937
1185965843403853824
1185965843961798662
1185965844251189248
1185965844880183297
1185965845027213312
1185965846742487040
1185965846805598208
1185965846834888709
1185965846969143296
1185965847136919552
1185965847191445504
1185965847912865792
1185965848525246464
1185965848789471232
1185965848793669637
1185965848965419009
1185965849628364804
1185965849997271040
1185965850190401538
1185965850525876225
1185965851004022790
1185965851104530432
1185965851792592896
1185965851981373445
1185965852090404865
1185965852174114817
1185965852526628870
1185965852731928576
1185965853155758081
1185965853273141248
1185965853344296960
1185965853365428224
1185965853566754821
1185965853805817857
1185965854141403138
1185965854258876416
1185965854325911553
1185965854430826497
1185965855361781760
1185965855659757568
1185965856213389319
1185965856221614080
1185965856787959809
1185965856876126210
1185965857467273217
1185965857710759937
1185965858427998209
1185965858558021633
1185965859145207808
1185965859430457346
1185965859556200449
1185965859795296259
1185965860009234432
1185965860600602629
1185965861561090048
1185965861674344450
1185965861972131840
1185965863113056262
1185965863314132992
1185965863351898113
1185965864463544321
1185965864488710144
1185965864530698240
1185965864744640513
1185965864765538304
1185965864857821184
1185965865075970049
1185965865323454464
1185965865667313666
1185965865872822272
1185965866405548032
1185965866841772032
1185965867370201090
1185965869505171457
1185965869626777605
1185965870062952451
1185965870704746496
1185965870713069569
1185965871094620161
1185965871258394626
1185965871627493376
1185965871975538688
1185965872130736129
1185965872508129280
1185965872914976769
1185965873493893120
1185965873498132481
1185965874215182336
1185965874911600640
1185965874928332803
1185965874936762369
1185965876048289794
1185965876492804096
1185965877193334784
1185965877902090240
1185965878552100865
1185965878820659200
1185965878866829313
1185965879164579840
1185965880452276226
1185965880460619776
1185965880859078657
1185965880926179329
1185965880938659840
1185965880989147138
1185965880997363712
1185965881291132929
1185965881488224256
1185965881756663809
1185965882176167937
1185965882180325376
1185965883174379520
1185965884411654151
1185965884441059328
1185965885699383299
1185965885783203840
1185965887473537026
1185965887553265666
1185965887712649216
1185965887918084096
1185965888085868555
1185965888194760704
1185965888534650881
1185965889017040896
1185965889788792833
1185965890216562693
1185965890237415424
1185965890241728513
1185965890334023680
1185965890849968132
1185965891038699525
1185965891441303553
1185965891655106562
1185965891713933313
1185965891739144194
1185965891856429056
1185965892527484928
1185965892942913537
1185965893093920769
1185965893488123905
1185965893542543360
1185965893727031296
1185965894230511618
1185965894633046017
1185965895631413253
1185965895845404674
1185965896570826753
1185965896726204416
1185965899339063302
1185965899360198656
1185965899867738112
1185965900857565184
1185965900912119808
1185965901750919168
1185965902371491841
1185965902384242689
