1185952313065857025
1185952313212452864
1185952313254514688
1185952313648832512
1185952313887858688
1185952314030473217
1185952314168762368
1185952314340847618
1185952314382868480
1185952314433196032
1185952314449891329
1185952314827390976
1185952314831491072
1185952314919510017
1185952315053920257
1185952315083251712
1185952315179560965
1185952315276169218
1185952315397885959
1185952315418779653
1185952315423035393
1185952315620114433
1185952315943071746
1185952316375097345
1185952316593192961
1185952316630949889
1185952317012692992
1185952317239115780
1185952317297909765
1185952317348220935
1185952317411069958
1185952317906051073
1185952318774304768
1185952319105622017
1185952319281729536
1185952319365615617
1185952319365697536
1185952319474716672
1185952319504039937
1185952319537586177
1185952320447766528
1185952320728829952
1185952320804327424
1185952320955265025
1185952321630560256
1185952321882247169
1185952322289094656
1185952322528010241
1185952322570113025
1185952322746310657
1185952323178237952
1185952323505405952
1185952323547422731
1185952323950010372
1185952324730212352
1185952324809834498
1185952324944060417
1185952325128589317
1185952325250277376
1185952325443043328
1185952325451386881
1185952325468348416
1185952325472415749
1185952325707259905
1185952325887762432
1185952325929705476
1185952327070633988
1185952327322259458
1185952327359971329
1185952327397720067
1185952327435509760
1185952327959597056
1185952328425377794
1185952328660197376
1185952328706412559
1185952328727199744
1185952329259839489
1185952329335525377
1185952329905983489
1185952330056749056
1185952330270887937
1185952330719617024
1185952331126444033
1185952331382177792
1185952331449491458
1185952331537485824
1185952331743072257
1185952332875325440
1185952333076803584
1185952333160730624
1185952333194235906
1185952333202677760
1185952333949071361
1185952334192533506
1185952334540656640
1185952334658129920
1185952334817349632
1185952335253688321
1185952335778013186
1185952336323190785
1185952336356659200
1185952336470073345
1185952336612614144
1185952336751005709
1185952336763637765
1185952336788803585
1185952336935575553
1185952336956579840
1185952337640116224
1185952337749303296
1185952337891692544
1185952338080681990
1185952338160304129
1185952338332262401
1185952338357276672
1185952338437165062
1185952338516807681
1185952338621718529
1185952338722410499
1185952338915123202
1185952339317968903
1185952339615797251
1185952339628310534
1185952340832129029
1185952340924391424
1185952341167628289
1185952341259931648
1185952341675016192
1185952341826162689
1185952342253944832
1185952342308466689
1185952342467698689
1185952342723551233
1185952342799196161
1185952343319142405
1185952343365423107
1185952343428423680
1185952343432613888
1185952343474475014
1185952344879620096
1185952345038962689
1185952345122754560
1185952345177415680
1185952345533927424
1185952345655517185
1185952347123519488
1185952347597541377
1185952347631042563
1185952347786305543
1185952347928829952
1185952348599922688
1185952348675465219
1185952348750929920
1185952348847214592
1185952348952301568
1185952349350612993
1185952350936145927
1185952351099801600
1185952351150051330
1185952352165122049
1185952352341245952
1185952352492081152
1185952352521670658
1185952353993793538
1185952354492977152
1185952354522320896
1185952354631208960
1185952354639724546
1185952354648121344
1185952355008811010
1185952355168198657
1185952355227000833
1185952355629572102
1185952355688341505
1185952355713474560
1185952355956809729
1185952357185515521
1185952357961687040
1185952358020370434
1185952358452355074
1185952358834081793
1185952358880202752
1185952359500914689
1185952359769346050
1185952360205602816
1185952360985702400
1185952361229012992
1185952361241464832
1185952361350619137
1185952361581305856
1185952361900072966
1185952362013302784
1185952362105462784
1185952362206236672
1185952362495729664
1185952362604781569
1185952362914971648
1185952363334504448
1185952363745427456
1185952364114698240
1185952364148207616
1185952364345384961
1185952364487823361
1185952364722823169
1185952364731273216
1185952365125537794
1185952365305839616
1185952365331079175
1185952365507051521
1185952365586763776
1185952365595287560
1185952365607829510
1185952366144774149
1185952366555811840
1185952366715179008
1185952366786269184
1185952366870310914
1185952366958469120
1185952367138750464
1185952367704989696
1185952368103428097
1185952368229339139
1185952369110073344
1185952369290416131
1185952369575632897
1185952369705512961
1185952370183852034
1185952370221559808
1185952370267697152
1185952370691207168
1185952371089838081
1185952371161124865
1185952371194695682
1185952371504906240
1185952371748360193
1185952372012380162
1185952372595548160
1185952372708773888
1185952372713017346
1185952372847267845
1185952373241536512
1185952373342195713
1185952373589585920
1185952373807730689
1185952373891649537
1185952373920927744
1185952374302609409
1185952374671794178
1185952374948368385
1185952375783247873
1185952376030744578
1185952376441769985
1185952376550768640
1185952376655499264
1185952376894697472
1185952377091674112
1185952378123620352
1185952378274476033
1185952379193176070
1185952379331629058
1185952379423940609
1185952379604291592
1185952379646173186
1185952380023500800
1185952381210710021
1185952381412020224
1185952381667704832
1185952381734834177
1185952382414479360
1185952382481514497
1185952382754185222
1185952383337021441
1185952383551049728
1185952383731417089
1185952384129949696
1185952384159244292
1185952385270599680
1185952385530769408
1185952385618923521
1185952385832759296
1185952385916526592
1185952386420002818
1185952386759692290
1185952387342704641
1185952387401306112
1185952387590000643
1185952387678130177
1185952387833270273
1185952387833499649
1185952387967717378
1185952388089298945
1185952388290617346
1185952388399730690
1185952389813153793
1185952389838311424
1185952390069084161
1185952390152933377
1185952390878547974
1185952391222517760
1185952391407063041
1185952392346517504
1185952392350588928
1185952392514129921
1185952392623329280
1185952392719880198
1185952392874987523
1185952392950484992
1185952393080516608
1185952393726439427
1185952394053505024
1185952394221248512
1185952394430971904
1185952394775093250
1185952395030880257
1185952396029116418
1185952396222107648
1185952396775776258
1185952398126342144
1185952398155681794
1185952398315053056
1185952398457671681
1185952398465994759
1185952398625382400
1185952399376224257
1185952399564759040
1185952399791480832
1185952400005390336
1185952400202522624
1185952400403816448
1185952400600780800
1185952400898695168
1185952400940634112
1185952400961691649
1185952401175515144
1185952401276260352
1185952401422987266
1185952401464930304
1185952401905389569
1185952401955573761
1185952402215788545
1185952402245111810
1185952402282831872
1185952402404306945
1185952402526130176
1185952402677125124
1185952403037790209
1185952403134267397
1185952403159506949
1185952403528585217
1185952403587321857
1185952403826319360
1185952404434509829
1185952404665229317
1185952404677758976
1185952404946202631
1185952405055258624
1185952405281804290
1185952405550182401
1185952405734772737
1185952405927710720
1185952407047626752
1185952407160791040
1185952407177461761
1185952408096165888
1185952408767209473
1185952409274765312
1185952409559937026
1185952410100912128
1185952410369478661
1185952410763759617
1185952410839085058
1185952410952503302
1185952411581587456
1185952411627724800
1185952411866808320
1185952411879444480
1185952411891961856
1185952411904630785
1185952411963154432
1185952412047048704
1185952412181417986
1185952412303024129
1185952412441423880
1185952412533710848
1185952412923768832
1185952413284556805
1185952413376745473
1185952413376765952
1185952413464829953
1185952413653581829
1185952414618308609
1185952414844764163
1185952415163568129
1185952415436034048
1185952415557849090
1185952415696052225
1185952415813640192
1185952415822073856
1185952415935270913
1185952416073703430
1185952416124014595
1185952416165847041
1185952416451219457
1185952416480616451
1185952416631533568
1185952417030066177
1185952417147437060
1185952417269059586
1185952417600475137
1185952417864671232
1185952418426695680
1185952418544181248
1185952418678358020
1185952418711793665
1185952418791645184
1185952419424997376
1185952419512930304
1185952419810889728
1185952419815014406
1185952419860992000
1185952419957673985
1185952420104409088
1185952420263673856
1185952420414795776
1185952420477784064
1185952420720971779
1185952420926500864
1185952420976721921
1185952421043769344
1185952421069152256
1185952421085880321
1185952421144608768
1185952421421469698
1185952421484339200
1185952422142849024
1185952422155476992
1185952422402940928
1185952422562271232
1185952422662946817
1185952422734245888
1185952423006916608
1185952423128551425
1185952423409606657
1185952423434690563
1185952423434698760
1185952423715758081
1185952423849988096
1185952423963222016
1185952424231657473
1185952424990793728
1185952425384919040
1185952425481592834
1185952425607196672
1185952425783578624
1185952425800286208
1185952425859076097
1185952425896796161
1185952426035220480
1185952426404319232
1185952426462855168
1185952426563555330
1185952426563723267
1185952426714685442
1185952426781749250
1185952427045990400
1185952427104722946
1185952427159121920
1185952427335393282
1185952427532439557
1185952427654156289
1185952427935195142
1185952427956232192
1185952427964542976
1185952428346216450
1185952428740567046
1185952428841033728
1185952428929228801
1185952429046665216
1185952429084479490
1185952429109645312
1185952429377933313
1185952429495537665
1185952429575213059
1185952429860368384
1185952429864472576
1185952430120415233
1185952430154014723
1185952430300618753
1185952430300815360
1185952430334369793
1185952430439174145
1185952430959288322
1185952431139540993
1185952431160643586
1185952431848468480
1185952431907266560
1185952432112590856
1185952432334999553
1185952432603455488
1185952432678825984
1185952432779661313
1185952433035513856
1185952433148706816
1185952433421389825
1185952433442295808
1185952433542979584
1185952433614266369
1185952433945694209
1185952434037968896
1185952434042093579
1185952434427793409
1185952434721611776
1185952434935349248
1185952434956451840
1185952435266904065
1185952435317161985
1185952435505913858
1185952435782717441
1185952435950489600
1185952436005097478
1185952436017487872
1185952436059623426
1185952436768387073
1185952436822798337
1185952436986494984
1185952437200404481
1185952437359656960
1185952437435281408
1185952437464485888
1185952437544333312
1185952437699534850
1185952437871562753
1185952437968031747
1185952438030913538
1185952438596931584
1185952438798315521
1185952439654080512
1185952439964487681
1185952440316841984
1185952440438448128
1185952440643936256
1185952440799023104
1185952441126260738
1185952441315053574
1185952441726111746
1185952441755324418
1185952441772265474
1185952441906466817
1185952442220982273
1185952442296557569
1185952442308947969
1185952442967609344
1185952442984357888
1185952443110215680
1185952443269599232
1185952443290587146
1185952443416354818
1185952443588370433
1185952443651244032
1185952443827273729
1185952443999195137
1185952444741836800
1185952445135896577
1185952445396127744
1185952445891039232
1185952446071431168
1185952446197194752
1185952446226538496
1185952446436253703
1185952446595551232
1185952446679523329
1185952446834728960
1185952446947975169
1185952446989983744
1185952447044423680
1185952448281743360
1185952448323698691
1185952448550068225
1185952449217093632
1185952449338593283
1185952449355403264
1185952449430900736
1185952449615613953
1185952449762381824
1185952449833644033
1185952450181775362
1185952450223726597
1185952450404065281
1185952450513199107
1185952450567643138
1185952450609664002
1185952450840150017
1185952451029065728
1185952451075153920
1185952451406417920
1185952451444109312
1185952451737915393
1185952451968585729
1185952452014694401
1185952452677386240
1185952452803252224
1185952453038096384
1185952453226831873
1185952453327572992
1185952453348515841
1185952453512089600
1185952453709176833
1185952453725954048
1185952453952491520
1185952454023811074
1185952454329982977
1185952454560636928
1185952454724046848
1185952455173005312
1185952455361781762
1185952455789559808
1185952456175423493
1185952456229953537
1185952456276135936
1185952456422895619
1185952456586326016
1185952457211314176
1185952457211428868
1185952457500835846
1185952457723142146
1185952457807060993
1185952457966391297
1185952457987428352
1185952458004140038
1185952458029199360
1185952458482372610
1185952458515910659
1185952458574618626
1185952458603945985
1185952458675294208
1185952458687832064
1185952458696249344
1185952458700447747
1185952458717171712
1185952458759118849
1185952458985656320
1185952459094540288
1185952459254128641
1185952459279228929
1185952459576889346
1185952459602219009
1185952459606368256
1185952459656699904
1185952459673481218
1185952459749036033
1185952459895857156
1185952460017295360
1185952460357148673
1185952460516532224
1185952460583686146
1185952460688506890
1185952460801822723
1185952460818522115
1185952460839571456
1185952460877127680
1185952461523210241
1185952461535809536
1185952462068432896
1185952462106181634
1185952462160744449
1185952462282395648
1185952462823292935
1185952462894710784
1185952462974394368
1185952462995410951
1185952463100301314
1185952463154765826
1185952463263633409
1185952463712477186
1185952463892996098
1185952464517943307
1185952464593309696
1185952464853291008
1185952464861663233
1185952464920596481
1185952465096728577
1185952465104994304
1185952465293893632
1185952465352626177
1185952465402945536
1185952465650360320
1185952466027843590
1185952466103361537
1185952466237579265
1185952466266923008
1185952466787078144
1185952466938073090
1185952467038756871
1185952467055333376
1185952467269406720
1185952467302912006
1185952467814625280
1185952468024213504
1185952468091453440
1185952468288409600
1185952468288581634
1185952468347179008
1185952468514951168
1185952468624166913
1185952468661870598
1185952468678729728
1185952468942934017
1185952468947165188
1185952469072973824
1185952469634965504
1185952469769244672
1185952469836132352
1185952469869912064
1185952470045986817
1185952470738100224
1185952470771666945
1185952470784188416
1185952470863876097
1185952470893301761
1185952470910066688
1185952470947848192
1185952471014891520
1185952471153348608
1185952471249805313
1185952471258222594
1185952471333642241
1185952471342026752
1185952471354613761
1185952471413383168
1185952471425912832
1185952471912452097
1185952471925100544
1185952472134754305
1185952472172564481
1185952472294146048
1185952472424161281
1185952472474542080
1185952472487092225
1185952472772284416
1185952473057497090
1185952473380343808
1185952473732845574
1185952473816752128
1185952473976053764
1185952474110316544
1185952474177380352
1185952474299015169
1185952474332573699
1185952474479431680
1185952474483642368
1185952474726834176
1185952474731077635
1185952474810781697
1185952474831691776
1185952474848468997
1185952474924011533
1185952475033014272
1185952475037257736
1185952475246972929
1185952475527950337
1185952475624423431
1185952475972546561
1185952476127809536
1185952476224053248
1185952476291309568
1185952476308082688
1185952476358275074
1185952476366868480
1185952476392054786
1185952476450742275
1185952476580569088
1185952476861784064
1185952476928847872
1185952477042167808
1185952477071466497
1185952477436416000
1185952477524287488
1185952477738426374
1185952477826486272
1185952477914382336
1185952478245855233
1185952478254252033
1185952478287650816
1185952478585655296
1185952478879256577
1185952478887645185
1185952479021817856
1185952479042834433
1185952479168651264
1185952479462207489
1185952479474847744
1185952479629979649
1185952479755849730
1185952479827185665
1185952479835541505
1185952479873159169
1185952480145924096
1185952480225574914
1185952480502468609
1185952480531832844
1185952480548573185
1185952481060311041
1185952481102225411
1185952481131536384
1185952481164972033
1185952481324482560
1185952481634914305
1185952481672650752
1185952481706172417
1185952481840435200
1185952482012340224
1185952482058309632
1185952482297561088
1185952482314219521
1185952482599538688
1185952482981224448
1185952483312582656
1185952483392311296
1185952483505557505
1185952483564228608
1185952483610374145
1185952484117897219
1185952484264763402
1185952484310835200
1185952484755464192
1185952485195669504
1185952485195894784
1185952485204267009
1185952485334228992
1185952485409726465
1185952485476843524
1185952485669781506
1185952486068293636
1185952486143811585
1185952486206726149
1185952486210883584
1185952486403780609
1185952486496059392
1185952486579933186
1185952486676254720
1185952486953238529
1185952487032774662
1185952487032999936
1185952487188193280
1185952487263653890
1185952487590760449
1185952487615991808
1185952487729238016
1185952487859195904
1185952488068964353
1185952488085606400
1185952488480006144
1185952488488177665
1185952488698142721
1185952488815579136
1185952489125875712
1185952489276878850
1185952489352388613
1185952489423671296
1185952489524387841
1185952489549508608
1185952489582940160
1185952489755033602
1185952489964630024
1185952490069643265
1185952490547830785
1185952491025915904
1185952491655061509
1185952491705393152
1185952491743170561
1185952491814490112
1185952491889942529
1185952491969495040
1185952492032577537
1185952492175147008
1185952492221325317
1185952492267421696
1185952492288380929
1185952492577640448
1185952492590374914
1185952492619780098
1185952492892213249
1185952493110362112
1185952493110546439
1185952493362171910
1185952494087819264
1185952494104408064
1185952494137905152
1185952494154899457
1185952494704386050
1185952495132012544
1185952495136333825
1185952495379603456
1185952495752794117
1185952495815790592
1185952495962673153
1185952495987777546
1185952496063258624
1185952496314830848
1185952496746934273
1185952496776171522
1185952496797310977
1185952496927285249
1185952496990195715
1185952497342566400
1185952498391113734
1185952498407890944
1185952498512728064
1185952498546176000
1185952498680586242
1185952499892658178
1185952499947261954
1185952500232400898
1185952500249174018
1185952500274417664
1185952500580417537
1185952500706402305
1185952501071253508
1185952501138370560
1185952501197090816
1185952501452988416
1185952501453021184
1185952501922717696
1185952502086340618
1185952502241325056
1185952502266630144
1185952502673477637
1185952502782537730
1185952502828564480
1185952503189377030
1185952503210397699
1185952503243759616
1185952503541555201
1185952503625670656
1185952503709388810
1185952503948632064
1185952503969521666
1185952504036679682
1185952504531435520
1185952504636424192
1185952504648847360
1185952504787488768
1185952504992927744
1185952505231855616
1185952505605361664
1185952505705848833
1185952505802317824
1185952506016346112
1185952506158997505
1185952506356080641
1185952506511265792
1185952506645368834
1185952506645483521
1185952506670669824
1185952507002064899
1185952507022831616
1185952507220123648
1185952507429871616
1185952507626950657
1185952507681488897
1185952507735896065
1185952507937378304
1185952507970887682
1185952507995906049
1185952508327411720
1185952508490985472
1185952508688130049
1185952508834963457
1185952508910419971
1185952508914614273
1185952509757706240
1185952509870907392
1185952510152007685
1185952510176944128
1185952510189690882
1185952510353248261
1185952510374240258
1185952510433026051
1185952510667907073
1185952510688858112
1185952510806233089
1185952510852227074
1185952511003451398
1185952511015997441
1185952511187914753
1185952511389323264
1185952511582244864
1185952511880056837
1185952512307859456
1185952512332972033
1185952512425299968
1185952512437866496
1185952512555270145
1185952512567853056
1185952512723050496
1185952512789995521
1185952512953724931
1185952513058639873
1185952513201184769
1185952513440276480
1185952513515761664
1185952513566089218
1185952513700323336
1185952513750683648
1185952513889112064
1185952513926815744
1185952513989775360
1185952514232987653
1185952514262343680
1185952514392449025
1185952514446782465
1185952514459471874
1185952514690158592
1185952514723794946
1185952514732167168
1185952514858012674
1185952514899873793
1185952515205914624
1185952515319353347
1185952515692650497
1185952515973513216
1185952515994636291
1185952516569096192
1185952516728639488
1185952516913221632
1185952516950953984
1185952517101887488
1185952517223538690
1185952517944987650
1185952518054076416
1185952518150479873
1185952518276308992
1185952518293069825
1185952518653825024
1185952518817374210
1185952518913875968
1185952518989176839
1185952519052255237
1185952519085797379
1185952519161139200
1185952519220072450
1185952519240982528
1185952519387844608
1185952519408631809
1185952519471718401
1185952519673040897
1185952519735910402
1185952519840845825
1185952519853359104
1185952520012591105
1185952520184782848
1185952520360710145
1185952520364941312
1185952520436363264
1185952520516050945
1185952520654540800
1185952520977281025
1185952521044594688
1185952521061392386
1185952521329807364
1185952521413648384
1185952521610772480
1185952521707229184
1185952521761775619
1185952521820372992
1185952521854033926
1185952521988329472
1185952522218983425
1185952522617442304
1185952522810216450
1185952522818768902
1185952522885836800
1185952522969796609
1185952523183628288
1185952523414323200
1185952523431088129
1185952523472887808
1185952523485700097
1185952523540160512
1185952523615645697
1185952523670212609
1185952523997204481
1185952524077010945
1185952524127350784
1185952524299313154
1185952524316172288
1185952524525883394
1185952525100503040
1185952525154967552
1185952525318606848
1185952525595430912
1185952525666660352
1185952525700292613
1185952525725229056
1185952525779755008
1185952525939200000
1185952526090289153
1185952526123917312
1185952526417498112
1185952527277330436
1185952527289896962
1185952527361155074
1185952527474278400
1185952527487029250
1185952527499628546
1185952527516426240
1185952527629594627
1185952528044875776
1185952528216809472
1185952528271171584
1185952528292294656
1185952528602517505
1185952528854409216
1185952529084891137
1185952529118646272
1185952529311555584
1185952529407975432
1185952529588338688
1185952529647050752
1185952529768767488
1185952529856827399
1185952529877737473
1185952530141978624
1185952530188115969
1185952530192326657
1185952530225872897
1185952530355949568
1185952530364325894
1185952530406236161
1185952530586583042
1185952530737651713
1185952531203215360
1185952531509338121
1185952531513520129
1185952531547086849
1185952531589074944
1185952531706531840
1185952531836473349
1185952531966349312
1185952531979079683
1185952532373426177
1185952532469878784
1185952532629245960
1185952532755091457
1185952533132521472
1185952533170282496
1185952533279334406
1185952533354819584
1185952533476532224
1185952533522632706
1185952533631635456
1185952533715587072
1185952533749141504
1185952534113869824
1185952534151794688
1185952534424371201
1185952534529228805
1185952534738944003
1185952534906769408
1185952535095447555
1185952535229558784
1185952535275810821
1185952535477022720
1185952535548485633
1185952535686909952
1185952535930118145
1185952536244699137
1185952536269856771
1185952536517324800
1185952536588705793
1185952536953610241
1185952537045655554
1185952537146515456
1185952537238740992
1185952537280729088
1185952537339465733
1185952537616310273
1185952537645637634
1185952537695936512
1185952537918218240
1185952538052452352
1185952538136178688
1185952538182537217
1185952538316673026
1185952538375458818
1185952538463334400
1185952538488643585
1185952538626945024
1185952538643881984
1185952538769539072
1185952539038093312
1185952539101028352
1185952539545485313
1185952539616989184
1185952539709186049
1185952539759562755
1185952539822481408
1185952539927351296
1185952540095111168
1185952540183220224
1185952540476743680
1185952541114281984
1185952541118476288
1185952541214773248
1185952541244346368
1185952541273706496
1185952541357592576
1185952541382717440
1185952541407887360
1185952541542096897
1185952541957341184
1185952541957341185
1185952542032875521
1185952542104137734
1185952542305345536
1185952542322126850
1185952542397648896
1185952542468890624
1185952542473146368
1185952542511026176
1185952542527766528
1185952542750056449
1185952542989193217
1185952543337340928
1185952543538585601
1185952543727325184
1185952543815487488
1185952543832190976
1185952543974641664
1185952544130027520
1185952544364859392
1185952544465571846
1185952544629149697
1185952544692019202
1185952544801087488
1185952544893423617
1185952544914399236
1185952544973053952
1185952545023430656
1185952545195397121
1185952545258311680
1185952545392361473
1185952545488826368
1185952545660948480
1185952545845530625
1185952545870667776
1185952546122272768
1185952546424348672
1185952546432507904
1185952546604621824
1185952546956836864
1185952547183517700
1185952547225374722
1185952547464450048
1185952547569315841
1185952547636428801
1185952547711963136
1185952547770638343
1185952547816783872
1185952548143947778
1185952548164751365
1185952548403974144
1185952548911505410
1185952548932464641
1185952549033185281
1185952549301559300
1185952549427437571
1185952549523918850
1185952549582626817
1185952549586817025
1185952549637181441
1185952549674856449
1185952549733621760
1185952549905584128
1185952549934960640
1185952549972697088
1185952550043959297
1185952550069133318
1185952550228582400
1185952550572515328
1185952550605901824
1185952550673113095
1185952550706700288
1185952550819958788
1185952551088394243
1185952551092535296
1185952551226748928
1185952551444742149
1185952551759470594
1185952551822417921
1185952551902035969
1185952551918698496
1185952551931437057
1185952552162119680
1185952552346701828
1185952552434720768
1185952552564805633
1185952552787030018
1185952552850022400
1185952552921247744
1185952552929714176
1185952552963190784
1185952553097297922
1185952553500135424
1185952553508327424
1185952553588142081
1185952553730744326
1185952554200502272
1185952554301018113
1185952554338918401
1185952554338922497
1185952554359775234
1185952554460602369
1185952554489761797
1185952554489909249
1185952554590576640
1185952554900963329
1185952554905149440
1185952554993229825
1185952555135725568
1185952555202945026
1185952555551088645
1185952555886661632
1185952555962191873
1185952556222242816
1185952556373159936
1185952556595462144
1185952556624859136
1185952556788281344
1185952557258162176
1185952557329518598
1185952557597908992
1185952557690171396
1185952557862133760
1185952557933330433
1185952558189334528
1185952558604607489
1185952558633889796
1185952558977650689
1185952558982029316
1185952559015649280
1185952559275696137
1185952559313424384
1185952559531462657
1185952559581794305
1185952559795716097
1185952559795785728
1185952559820873728
1185952559837564928
1185952560278102018
1185952560466878464
1185952560475234310
1185952560592687107
1185952560617791489
1185952560714153985
1185952560756211712
1185952560785563648
1185952560810774531
1185952560814985216
1185952560856866819
1185952560986939392
1185952561016328192
1185952561167134720
1185952561188294657
1185952561490251776
1185952561557397505
1185952561855107077
1185952562421338113
1185952562438135811
1185952562438197250
1185952562693980161
1185952562782134272
1185952562853400577
1185952562890993664
1185952563151151106
1185952563151159297
1185952563209949184
1185952563365076992
1185952563381833730
1185952563402698752
1185952563511738368
1185952563692093440
1185952563696455687
1185952563729973249
1185952563830706176
1185952563885162496
1185952564010831876
1185952564107460610
1185952564124274689
1185952564380131330
1185952564568875008
1185952564900032512
1185952564975689728
1185952564979875841
1185952564996644870
1185952565202243585
1185952565244153858
1185952565336391680
1185952565617233922
1185952565747421185
1185952565755809795
1185952565755891712
1185952565764247553
1185952565810401280
1185952565827125249
1185952566032515073
1185952566108184577
1185952566267580420
1185952566435299330
1185952566443696129
1185952566536015875
1185952566649217024
1185952566775107586
1185952567282548736
1185952567483715584
1185952567630499841
1185952567639052288
1185952568125673473
1185952568180203526
1185952568205303809
1185952568272400384
1185952568444252160
1185952568553459713
1185952568653934592
1185952568737853440
1185952568842883073
1185952568905818115
1185952569018990592
1185952569144819718
1185952569316671488
1185952569325211650
1185952569409114112
1185952569434300416
1185952569883070465
1185952570084352001
1185952570218614787
1185952570289852426
1185952570302353408
1185952570348638215
1185952570466033664
1185952570508009474
1185952570650447873
1185952570742845446
1185952570793172992
1185952570843566080
1185952571090976768
1185952571136983040
1185952571153739777
1185952571162267649
1185952571455881216
1185952571481088005
1185952571812438019
1185952572013776907
1185952572068098048
1185952572068290561
1185952572080738306
1185952572172951554
1185952572265390080
1185952572403834881
1185952572504494081
1185952572630192135
1185952572688998400
1185952572739325959
1185952572827406336
1185952572953153536
1185952573028741126
1185952573066567681
1185952573087465473
1185952573167230978
1185952573288779777
1185952573360091137
1185952573540450307
1185952573662085120
1185952573829865475
1185952573855014913
1185952573947334656
1185952574408708096
1185952574509215744
1185952574945611778
1185952575100801024
1185952575104978945
1185952575713099777
1185952575713169409
1185952575792779264
1185952575796994048
1185952575809609728
1185952576002351104
1185952576476336128
1185952576539369473
1185952576807886848
1185952577051090948
1185952577063505920
1185952577239867396
1185952577286004738
1185952577290002438
1185952577306976256
1185952577306976257
1185952577344675841
1185952577390858242
1185952577537658885
1185952577743138816
1185952577957052417
1185952578888257536
1185952578888261633
1185952578955304960
1185952579194195969
1185952579378995201
1185952579790016512
1185952579819393030
1185952579861254145
1185952580054274050
1185952580222050307
1185952580406599682
1185952580616310785
1185952580624470018
1185952580712697856
1185952580733718528
1185952581039865856
1185952581144793088
1185952581308297217
1185952581404770304
1185952581492924417
1185952581723590661
1185952582168203264
1185952582377918465
1185952582440804352
1185952582688280576
1185952582914715652
1185952582998593539
1185952583027965959
1185952583283691521
1185952583376162817
1185952583489347585
1185952583535468544
1185952583766200320
1185952583812182016
1185952583816400896
1185952583875211266
1185952583912955905
1185952584403582976
1185952584437305345
1185952584537911296
1185952584697122818
1185952584789573635
1185952584839892993
1185952584864894977
1185952585074610178
1185952585108381697
1185952585154473984
1185952585330679813
1185952585561362432
1185952585628426240
1185952585682956288
1185952585812971520
1185952585989214211
1185952586010152960
1185952586140209153
1185952586563837954
1185952586647687169
1185952586676998146
1185952587129872384
1185952587163590657
1185952587381538816
1185952587415277575
1185952587461382144
1185952587775971330
1185952587947958273
1185952588107255808
1185952588325249024
1185952588371517442
1185952588551872513
1185952588929425415
1185952588954587138
1185952589017300992
1185952589147463681
1185952589336186880
1185952589344575488
1185952589420122112
1185952589436854272
1185952589441130499
1185952589831122944
1185952589856116737
1185952589973774338
1185952589986390016
1185952590154076161
1185952590330257414
1185952590434992128
1185952590552600582
1185952590636470272
1185952590883897346
1185952590959464449
1185952590967820288
1185952591001325569
1185952591471095810
1185952591630479361
1185952591722795008
1185952591760580611
1185952591798329344
1185952591802523653
1185952591919878144
1185952592070926337
1185952592125480962
1185952592301572098
1185952592679100416
1185952592716800000
1185952593178054661
1185952593547321347
1185952593593323520
1185952593593425922
1185952593664716801
1185952593689886720
1185952593706487810
1185952593828339714
1185952593840877568
1185952593962516488
1185952593966534656
1185952594067259392
1185952594088333312
1185952594142945280
1185952594151333888
1185952594247716865
1185952594327490562
1185952594419687426
1185952594444869638
1185952594474262528
1185952594503467008
1185952594574954496
1185952594876944385
1185952595006885888
1185952595019554817
1185952595099209733
1185952595283566597
1185952595300487168
1185952595342516225
1185952595506020352
1185952595698954240
1185952595715743744
1185952596009410560
1185952596017762308
1185952596168761346
1185952596269391873
1185952596332179456
1185952596361658370
1185952596412026884
1185952596818878465
1185952596827262978
1185952597267509249
1185952597280264195
1185952597288505344
1185952597389148162
1185952597561298944
1185952597565267968
1185952597712232449
1185952597837893632
1185952597880004609
1185952598106558464
1185952598118920192
1185952598160920576
1185952598278451200
1185952598366535680
1185952598479781893
1185952598529990657
1185952598693728257
1185952598723059713
1185952598861332480
1185952598911868928
1185952599016640515
1185952599037661187
1185952599264108544
1185952599272505348
1185952599444353027
1185952599461322752
1185952599469461504
1185952599524155393
1185952599549317121
1185952599549337600
1185952599645851649
1185952599658450944
1185952600304340992
1185952600333717504
1185952600342048768
1185952600455286784
1185952600635498496
1185952600807661569
1185952600866213889
1185952600891576320
1185952601042571264
1185952601474584581
1185952601898209281
1185952602095341569
1185952602128900096
1185952602279895040
1185952602355355649
1185952602443436034
1185952602531516421
1185952602598584320
1185952602724405249
1185952602963492868
1185952602980265986
1185952603022090240
1185952603026481153
1185952603038990340
1185952603127070721
1185952603248758784
1185952603412336642
1185952603588284416
1185952603743674370
1185952603995115521
1185952603995287552
1185952604037222400
1185952604532162560
1185952604712570881
1185952604901261314
1185952605031337989
1185952605035515904
1185952605140344832
1185952605152927746
1185952605240995845
1185952605299761157
1185952605324877825
1185952605421223938
1185952605538795525
1185952605593395200
1185952605605892096
1185952605693976576
1185952605920325632
1185952605958266880
1185952606050574346
1185952606079729664
1185952606079741952
1185952606260289536
1185952606394503169
1185952606407086082
1185952606457384961
1185952606549622784
1185952606625173505
1185952606637756419
1185952606709080073
1185952606734209027
1185952606751019014
1185952606775959552
1185952606818066432
1185952607006838785
1185952607245914112
1185952607518498816
1185952607908585472
1185952607950393344
1185952608323854336
1185952608562761730
1185952608617291776
1185952608726507521
1185952608739049480
1185952608956993536
1185952608978116614
1185952609066258435
1185952609091358720
1185952609254985728
1185952609317933061
1185952609498214400
1185952609682837504
1185952609875693568
1185952609879785473
1185952609980563456
1185952609988837376
1185952610177687553
1185952610462908417
1185952610500653056
1185952610567606272
1185952610714636291
1185952610735611904
1185952611087683584
1185952611226271745
1185952611264073728
1185952611314360321
1185952611364724736
1185952611394113537
1185952611415011329
1185952611566002177
1185952611738030083
1185952611851231233
1185952611947536384
1185952612035825664
1185952612035842050
1185952612417490952
1185952612488749056
1185952612505530371
1185952612530581504
1185952612799209478
1185952613298253826
1185952613369561088
1185952613612900352
1185952613704982528
1185952614174908418
1185952614204280834
1185952614267183104
1185952614292316161
1185952614451515392
1185952614581723137
1185952614741135362
1185952614862786560
1185952614896361474
1185952615114399744
1185952615135399936
1185952615139557382
1185952615231832065
1185952615290376199
1185952615303188481
1185952615307399168
1185952615437176833
1185952615626137600
1185952616141991937
1185952616146231300
1185952616259506178
1185952616330735616
1185952616406061061
1185952616448057344
1185952616888578049
1185952616934756357
1185952617060556807
1185952617152823301
1185952617257750528
1185952617282846722
1185952617501020162
1185952617689763840
1185952617815560192
1185952617886703616
1185952617995931648
1185952618155106304
1185952618239217664
1185952618306244608
1185952618432155651
1185952618662842368
1185952618713157638
1185952618746699776
1185952618763304960
1185952618914426880
1185952619044507650
1185952619099033601
1185952619178668035
1185952619274981382
1185952619451150336
1185952619820388352
1185952619933655040
1185952620038545410
1185952620063666176
1185952620071907330
1185952620155830272
1185952620311019520
1185952620373917696
1185952620445237248
1185952620571254788
1185952620604559360
1185952620944461825
1185952621473030147
1185952621753966592
1185952621829468161
1185952621842108416
1185952621938511872
1185952621984735232
1185952622173446144
1185952622177640448
1185952622366330885
1185952622559162373
1185952622563516418
1185952622584320001
1185952622664130560
1185952622701961217
1185952622768840704
1185952622810931200
1185952622831980544
1185952622878117888
1185952622899093510
1185952623385632768
1185952623444353026
1185952623519784963
1185952623612121088
1185952623746338819
1185952623914049537
1185952623939244032
1185952624186740737
1185952624429932545
1185952624450981892
1185952624518008832
1185952624735948800
1185952624895545347
1185952624975273984
1185952625113620480
1185952625117675520
1185952625126232064
1185952625168138241
1185952625252024320
1185952625327575041
1185952625600147456
1185952625788764163
1185952625898020871
1185952626120318977
1185952626371944448
1185952626439004166
1185952626447441921
1185952626694938630
1185952626749399041
1185952626808147979
1185952626875293697
1185952626904633344
1185952626913042433
1185952626934009862
1185952627298729985
1185952627315613697
1185952627911266304
1185952627953192960
1185952628028641281
1185952628087382017
1185952628129386496
1185952628271767552
1185952628716556289
1185952628792090624
1185952628997386240
1185952629156962311
1185952629186334721
1185952629303758848
1185952629517623296
1185952629647642624
1185952629827887104
1185952629832212482
1185952629953744896
1185952629966270465
1185952630117240832
1185952630176190464
1185952630222114816
1185952630314545152
1185952630343901184
1185952630465540097
1185952630738227201
1185952630750797825
1185952630754959360
1185952630952091650
1185952631203618816
1185952631359004672
1185952631556055042
1185952631614783488
1185952631623213057
1185952631635742720
1185952631652519936
1185952632113975296
1185952632126529536
1185952632298508292
1185952632512352262
1185952632529010688
1185952632554381312
1185952632587915265
1185952632592125952
1185952632663355392
1185952632709533701
1185952632860561408
1185952632944283648
1185952633011560454
1185952633145696257
1185952633242181634
1185952633518997505
1185952633544155136
1185952633820979200
1185952634059948032
1185952634064326658
1185952634160795654
1185952634202677249
1185952634332680192
1185952634332688386
1185952634345328645
1185952634617905152
1185952634643107846
1185952634697465861
1185952634915696645
1185952634999640064
1185952635028770817
1185952635033128962
1185952635037343751
1185952635041529857
1185952635091685378
1185952635238731777
1185952635251253259
1185952635410702336
1185952635473428480
1185952635507138561
1185952635721080832
1185952635846873088
1185952636161417216
1185952636220121088
1185952636316598274
1185952636379508736
1185952636845150216
1185952637033865217
1185952637306449931
1185952637369438208
1185952637524430854
1185952637562359809
1185952637621067776
1185952637683949570
1185952637809762305
1185952637914669056
1185952638015291394
1185952638380195840
1185952638422024200
1185952638443098113
1185952638602534912
1185952638631923717
1185952638770266118
1185952638786924544
1185952639017738240
1185952639063904262
1185952639110078464
1185952639328145408
1185952639407837185
1185952639428767745
1185952639508471810
1185952639718215680
1185952639772712960
1185952639881625601
1185952639982489601
1185952640003387395
1185952640317849600
1185952640422830081
1185952640708034565
1185952640804544513
1185952640808738816
1185952641043574785
1185952641165266944
1185952641362169857
1185952641408307201
1185952641542582272
1185952641639043073
1185952641848893444
1185952641890836480
1185952641987366912
1185952642113179648
1185952642255769601
1185952642301857792
1185952642385809408
1185952642469642241
1185952642503249920
1185952642683625474
1185952642687631360
1185952642834554880
1185952642838794241
1185952642876559360
1185952643044130816
1185952643144966148
1185952643316879362
1185952643363102721
1185952643375452160
1185952643396464641
1185952643413356544
1185952643446906881
1185952643497283584
1185952643514064896
1185952643551825920
1185952643715358720
1185952643958620161
1185952644399013891
1185952644470231041
1185952644579364864
1185952644659060738
1185952644759801856
1185952644831109130
1185952644944150528
1185952645023965184
1185952645124644864
1185952645158199298
1185952645229531137
1185952645275684865
1185952645317648391
1185952645367906308
1185952645405691905
1185952645434892288
1185952645556645888
1185952645728686082
1185952645854318592
1185952645950951427
1185952645959340040
1185952645997125634
1185952646039068673
1185952646076567552
1185952646093520896
1185952646227775494
1185952646236123137
1185952646278107136
1185952646290690048
1185952646609412097
1185952646731046920
1185952646840160256
1185952646970122240
1185952647183884288
1185952647301521409
1185952647431499776
1185952647578374151
1185952647708315649
1185952647733481473
1185952647867781125
1185952647926280197
1185952647951634434
1185952648165515265
1185952648211697667
1185952648282935296
1185952648387846145
1185952648392036358
1185952648396263424
1185952648479961089
1185952648542994435
1185952648685449216
1185952648962330625
1185952648975003654
1185952649017024512
1185952649037930496
1185952649113427968
1185952649264402432
1185952649679650819
1185952649692307456
1185952649742561282
1185952649763606528
1185952649767727104
1185952649776005120
1185952649860042753
1185952649901940736
1185952650010996736
1185952650040229893
1185952650325581827
1185952650426060800
1185952650497409024
1185952650702938113
1185952650707132416
1185952650766049281
1185952651025866753
1185952651323809792
1185952651386740738
1185952651483107333
1185952651638267904
1185952651676024833
1185952651847991296
1185952651931979777
1185952651961393153
1185952651969810432
1185952651982360580
1185952652120641537
1185952652141715456
1185952652305326083
1185952652619894786
1185952652707979265
1185952652993150976
1185952653249003522
1185952653349666816
1185952653379026944
1185952653412655107
1185952653517475841
1185952653609754624
1185952653727039488
1185952653748166656
1185952653999837184
1185952654079545344
1185952654091939841
1185952654142398464
1185952654293426176
1185952654415089664
1185952654486323201
1185952654536495104
1185952654586982401
1185952654599417857
1185952654675062787
1185952654968668161
1185952655023194113
1185952655056744448
1185952655065137152
1185952655136280577
1185952655283314688
1185952655463636994
1185952655522156544
1185952655614644228
1185952655677497345
1185952655690158080
1185952655694274561
1185952655836897280
1185952655929171968
1185952655937593346
1185952656021426177
1185952656151535617
1185952656247816192
1185952656340197376
1185952656356970498
1185952656470269952
1185952656524754945
1185952656537378817
1185952656617082880
1185952656663220224
1185952656667430912
1185952656868511744
1185952657078390785
1185952657325735941
1185952657418133504
1185952657460154374
1185952657569013760
1185952657569173505
1185952657732714496
1185952658051534853
1185952658122780672
1185952658282156032
1185952658298937344
1185952658470899712
1185952658496069632
1185952658718375942
1185952658856632320
1185952659016171529
1185952659104321541
1185952659154591744
1185952659167240192
1185952659175608322
1185952659670536192
1185952659758555136
1185952659762794502
1185952659800514560
1185952660459065344
1185952660840689664
1185952661062877187
1185952661092425728
1185952661155090432
1185952661306142720
1185952661452947456
1185952661465714694
1185952661553733633
1185952661662625798
1185952661767708672
1185952661796986880
1185952661872562176
1185952662396772353
1185952662589710336
1185952662757478402
1185952662761693184
1185952662837219328
1185952662904287233
1185952663076311040
1185952663214743552
1185952663298564101
1185952663323709440
1185952663336296448
1185952663369895936
1185952663462203393
1185952663525044224
1185952663529242625
1185952663579414529
1185952663613198347
1185952663705403392
1185952663965327360
1185952664057720833
1185952664561029120
1185952664682713089
1185952664816889856
1185952664867074048
1185952664946794496
1185952664951148548
1185952665018228736
1185952665064394752
1185952665135648776
1185952665152438273
1185952665202761729
1185952665244749824
1185952665253093377
1185952665429303296
1185952665508823042
1185952665576054784
1185952665643016192
1185952665735319552
1185952665911447552
1185952665991168000
1185952666058481664
1185952666205216768
1185952666528075777
1185952666859593728
1185952666930814977
1185952666956058624
1185952667069288449
1185952667497123840
1185952667580932097
1185952667639730176
1185952667639734272
1185952667706839046
1185952667899715584
1185952667962490880
1185952668038156289
1185952668235247618
1185952668390440960
1185952668725858311
1185952668772196352
1185952668776357891
1185952668910526465
1185952668927311874
1185952668952477697
1185952669111934976
1185952669317255170
1185952669564887040
1185952669610827776
1185952669992656902
1185952670022094851
1185952670156242948
1185952670177284096
1185952670206451712
1185952670298886145
1185952670307246080
1185952670386982913
1185952670416277504
1185952670458224642
1185952670470885378
1185952670567276545
1185952670751903744
1185952670907011072
1185952671003545600
1185952671016075264
1185952671028695041
1185952671032844288
1185952671112613889
1185952671162912768
1185952671355805698
1185952671557132288
1185952671624245248
1185952671674458113
1185952672085692418
1185952672496717824
1185952672748171264
1185952672848867328
1185952673213960194
1185952673515868160
1185952674065387521
1185952674119901186
1185952674145017858
1185952674228981760
1185952674308673536
1185952674317045761
1185952674505732098
1185952674614611968
1185952674690338816
1185952674723840005
1185952674744807424
1185952674749075456
1185952674828767232
1185952674941935617
1185952674975539203
1185952675050876929
1185952675055067137
1185952675063631872
1185952675147472897
1185952675231338501
1185952675290066944
1185952675558506498
1185952675579322368
1185952675642384387
1185952675809988608
1185952675868938240
1185952675873071111
1185952676422602752
1185952676573396993
1185952676640690177
1185952677018120192
1185952677047525385
1185952677143990273
1185952677148200961
1185952677341138945
1185952677345288193
1185952677706043394
1185952678184148992
1185952678293065728
1185952678423252992
1185952678658166784
1185952678695841792
1185952678720892928
1185952678754607105
1185952678876241922
1185952678884462593
1185952679261954049
1185952679379558402
1185952679488622593
1185952679622668288
1185952679798829056
1185952679870259202
1185952679912099840
1185952679912202241
1185952679974952962
1185952680130367488
1185952680180510720
1185952680340004865
1185952680595771393
1185952680671244288
1185952680671363072
1185952680679804929
1185952680704909313
1185952680864141312
1185952680881147906
1185952681275412482
1185952681321476097
1185952681342443520
1185952681346654208
1185952681401167872
1185952681547972610
1185952681610874880
1185952681698844674
1185952681858392066
1185952682109890560
1185952682290352130
1185952682378485761
1185952682378485762
1185952682411991040
1185952682646749185
1185952682676121602
1185952682869215232
1185952682999193605
1185952683003273216
1185952683141844992
1185952683414437889
1185952683712221185
1185952683754164224
1185952683775188993
1185952683833909254
1185952683880005632
1185952683976544257
1185952684014223365
1185952684026798080
1185952684127469569
1185952684479787008
1185952684513193984
1185952684525998081
1185952684551081985
1185952685075435521
1185952685515661314
1185952685675053056
1185952685876535297
1185952685968769024
1185952685998116866
1185952686396411904
1185952686451167233
1185952686501314560
1185952686518231040
1185952686518263814
1185952686618955776
1185952686652440577
1185952686853836801
1185952686883180545
1185952687021613056
1185952687025774592
1185952687067676672
1185952687285772289
1185952687445217281
1185952687738839041
1185952687751421952
1185952687898021888
1185952687944359937
1185952688451641344
1185952688619556872
1185952689089171457
1185952689135308801
1185952689169010688
1185952689173270528
1185952689194196993
1185952689575911424
1185952689655558144
1185952689701584897
1185952690045640704
1185952690125398016
1185952690196471809
1185952690196664321
1185952690234372101
1185952690238418944
1185952690389565441
1185952690532163584
1185952690620293121
1185952690657873920
1185952690687361024
1185952690788065280
1185952690905501696
1185952690959978497
1185952690997735424
1185952691064836096
1185952691702435840
1185952691798843397
1185952691849256960
1185952691987632128
1185952692058972162
1185952692063092737
1185952692381900801
1185952692650135552
1185952692847480833
1185952692914536449
1185952692981518336
1185952692985913345
1185952693048741888
1185952693057183745
1185952693077987328
1185952693090705408
1185952693107462145
1185952693187219458
1185952693237403648
1185952693241683968
1185952693417922561
1185952693711491072
1185952693782810624
1185952693799542785
1185952693837127680
1185952693908426752
1185952693921206278
1185952693958758401
1185952694026027009
1185952694034255872
1185952694189453312
1185952694340472832
1185952694365839361
1185952695057821697
1185952695112421376
1185952695380856832
1185952695485468672
1185952695502475265
1185952695523217408
1185952695527628801
1185952695565389825
1185952695636631552
1185952695699550208
1185952695708016640
1185952695787503617
1185952695863005185
1185952695947014144
1185952696131637248
1185952696169369602
1185952696311996417
1185952696433557504
1185952696462987265
1185952696550989830
1185952697154883586
1185952697373118468
1185952697389895681
1185952697482170369
1185952697624731649
1185952697641385986
1185952697746247682
1185952698266509314
1185952698266542080
1185952698291675136
1185952698304253960
1185952698329391105
1185952698425843715
1185952698442452992
1185952698501390336
1185952698547474433
1185952698685894658
1185952698832752640
1185952699059060736
1185952699273093122
1185952699327696897
1185952699445104641
1185952699667353601
1185952699772129280
1185952699805814784
1185952699851956226
1185952699990319105
1185952700166529025
1185952700229455873
1185952700438958080
1185952700459970561
1185952700552351744
1185952700661456897
1185952700665679873
1185952700699009025
1185952700783087622
1185952700908871682
1185952701143752704
1185952701248606209
1185952701269458945
1185952701298946049
1185952701407883264
1185952701496135680
1185952701517127680
1185952701609152515
1185952701714182144
1185952701751943170
1185952701823307776
1185952701928087552
1185952701932175360
1185952701944909826
1185952701961646080
1185952702163050496
1185952702527954947
1185952702678917120
1185952702762635265
1185952703001718786
1185952703056351233
1185952703131869184
1185952703572107264
1185952703815602182
1185952703823798273
1185952703857467392
1185952703928655872
1185952703979180032
1185952704218173441
1185952704390144000
1185952704390205440
1185952704541184001
1185952704914427904
1185952704994185217
1185952705144967174
1185952705304547328
1185952705577177089
1185952705669423104
1185952706239909888
1185952706332184576
1185952706365706240
1185952706432651265
1185952706596364288
1185952706617319425
1185952706717999104
1185952706806145024
1185952706852245505
1185952707107901441
1185952707473039363
1185952707531567105
1185952707560931328
1185952707640733698
1185952707644923906
1185952707770761216
1185952707888189440
1185952707925987329
1185952707988873216
1185952708068593665
1185952708152512512
1185952708240596995
1185952708362227714
1185952708441845761
1185952708777431042
1185952708827762689
1185952708882292744
1185952708974567424
1185952709116981249
1185952709150564352
1185952709171699712
1185952709377179649
1185952709419159553
1185952709431705600
1185952709448519689
1185952709561737220
1185952709612097537
1185952709712793600
1185952709754703874
1185952709926502401
1185952710069309443
1185952710102618114
1185952710165782528
1185952710195138561
1185952710971084802
1185952711021346818
1185952711214354437
1185952711231131649
1185952711239503872
1185952711407210496
1185952711524716550
1185952711583371265
1185952711596003328
1185952711742767104
1185952712069963779
1185952712212537347
1185952712216764422
1185952712246153216
1185952712292261888
1185952712313245697
1185952712355127296
1185952712392957952
1185952712396902401
1185952712531304449
1185952712753631233
1185952712782942209
1185952712913031168
1185952713013547008
1185952713374351360
1185952713374392324
1185952713428930560
1185952713630257154
1185952713722474496
1185952713730772992
1185952713756033024
1185952714125168640
1185952714448084994
1185952714611679233
1185952714619965440
1185952714687012864
1185952714800414720
1185952714947285003
1185952715534458881
1185952715551186945
1185952715618357248
1185952715769294849
1185952715807035393
1185952715962105857
1185952716050370563
1185952716113272832
1185952716390129665
1185952716419485696
1185952716511731713
1185952716658528257
1185952716775800832
1185952717027586049
1185952717031780352
1185952717082157057
1185952717669392384
1185952717706952711
1185952717740527616
1185952717870526464
1185952717900058626
1185952718327865344
1185952718541787137
1185952718633996288
1185952718931845121
1185952718982189056
1185952719095267330
1185952719112228865
1185952719141519360
1185952719208624133
1185952719363809281
1185952719489687552
1185952719649067010
1185952719711981569
1185952719745540098
1185952720055721985
1185952720076718081
1185952720118865920
1185952720135622656
1185952720311570432
1185952720466989056
1185952720852803585
1185952720940883975
1185952721012174854
1185952721070936067
1185952721129656323
1185952721154781186
1185952721171554304
1185952721796505601
1185952722014466048
1185952722194972672
1185952722199048192
1185952722261950464
1185952722337652736
1185952722404679680
1185952722484367360
1185952722534707200
1185952722673176576
1185952722677309440
1185952723113562112
1185952723377819648
1185952723566333952
1185952724031963136
1185952724061425665
1185952724149555200
1185952724178931712
1185952724283731968
1185952724292194304
1185952724300550145
1185952724350918656
1185952724459892737
1185952724552245248
1185952724614967296
1185952724623380485
1185952724778651652
1185952724791300097
1185952724988227589
1185952725072302086
1185952725122666496
1185952725147586560
1185952725160251393
1185952725173002241
1185952725202169857
1185952725399429120
1185952725458018304
1185952725789478912
1185952725877456896
1185952725940473856
1185952726166986754
1185952726191992838
1185952726254907393
1185952726322237442
1185952726447996929
1185952726649364481
1185952726678528002
1185952726691110912
1185952726787731466
1185952727102156800
1185952727144325120
1185952727177797633
1185952727249117184
1185952727316099072
1185952727538511874
1185952727626665986
1185952727878242304
1185952728171925512
1185952728209657856
1185952728276561921
1185952728289304578
1185952728574545920
1185952728650059777
1185952728654192642
1185952728691957761
1185952728771641344
1185952728922513409
1185952729094676488
1185952729132347397
1185952729216278528
1185952729279148033
1185952729857814528
1185952730130649089
1185952730151620613
1185952730159947782
1185952730193518593
1185952730235490304
1185952730466209797
1185952730713595904
1185952730805874689
1185952730822696962
1185952730885578753
1185952731049029632
1185952731107864577
1185952731263111169
1185952731405733888
1185952731468566528
1185952731556655104
1185952731762253826
1185952731963580416
1185952731971895296
1185952732085129219
1185952732181602304
1185952732265533440
1185952732282327045
1185952732294864896
1185952732315824129
1185952732320096263
1185952732336791553
1185952732475285504
1185952732919816195
1185952732940767237
1185952733284720641
1185952733414789120
1185952733649690624
1185952733729300481
1185952733993586688
1185952734043955201
1185952734081703941
1185952734303916033
1185952734350106625
1185952734408671233
1185952734433939456
1185952734463307776
1185952734492667904
1185952734542843905
1185952734698074112
1185952734710812672
1185952734765309952
1185952735096528896
1185952735222550528
1185952735381917696
1185952735432232963
1185952735457435648
1185952735474024448
1185952735528665088
1185952735558078464
1185952735583227904
1185952735746822144
1185952735801335808
1185952735834734592
1185952735860084742
1185952735876833280
1185952736086507520
1185952736417849350
1185952736434479109
1185952736543756288
1185952736694734850
1185952736917016576
1185952736942198785
1185952737005113344
1185952737017487360
1185952737311125512
1185952737323675654
1185952737323896832
1185952737382424577
1185952737902694400
1185952737932054533
1185952737999147009
1185952738267598850
1185952738271776773
1185952738384982017
1185952738590498817
1185952738711982080
1185952738947014656
1185952739060146176
1185952739072729089
1185952739098058753
1185952739177553921
1185952739244888065
1185952739249065985
1185952739307802625
1185952739320197120
1185952739383218178
1185952739404238851
1185952739408388102
1185952739454373888
1185952739966226432
1185952740020764673
1185952740029038592
1185952740037541889
1185952740184334336
1185952740192718853
1185952740200960000
1185952740301819904
1185952740314439681
1185952740456816642
1185952740792586241
1185952740889022468
1185952740981301249
1185952741035827203
1185952741195177989
1185952741199355904
1185952741249687552
1185952741404938242
1185952741493018625
1185952741505372160
1185952741597859844
1185952741769789442
1185952741811806208
1185952741815812097
1185952741853675525
1185952741866254342
1185952741887283201
1185952741937569792
1185952742017138689
1185952742180827139
1185952742193405953
1185952742285688837
1185952742361059329
1185952742545723399
1185952742600302593
1185952742604451841
1185952742608474112
1185952742608556033
1185952742730326017
1185952742738714624
1185952742776418304
1185952742780653570
1185952742906515458
1185952742981939200
1185952743153983489
1185952743204114433
1185952743669817345
1185952743846043648
1185952743858606080
1185952743891931136
1185952743904677888
1185952743992643585
1185952744076726274
1185952744080719872
1185952744210948098
1185952744512917505
1185952744802340870
1185952744907116544
1185952744923901952
1185952745049722882
1185952745066549248
1185952745213382656
1185952745473359872
1185952745787928581
1185952745834106883
1185952746236715008
1185952746333229056
1185952746375188481
1185952746429652992
1185952746953936897
1185952746987511808
1185952746995961857
1185952747004317697
1185952747117514752
1185952747117600770
1185952747176235009
1185952747453079552
1185952747776040967
1185952747813822465
1185952747847323649
1185952748207923200
1185952748396826624
1185952748400975874
1185952748514230274
1185952748757536768
1185952748816064512
1185952748820488192
1185952748845465600
1185952749051109378
1185952749327831040
1185952749407612929
1185952749562859522
1185952749789368320
1185952749831233537
1185952749835423744
1185952749889970177
1185952750011650049
1185952750112329735
1185952750196027392
1185952750212960261
1185952750233886721
1185952750334427137
1185952750405935105
1185952750770806784
1185952750783389696
1185952750850531328
1185952751068631040
1185952751114543106
1185952751244763136
1185952751316099080
1185952751450279942
1185952751546765317
1185952751659950080
1185952751672541185
1185952751680937986
1185952751982788611
1185952752079462401
1185952752188432385
1185952752272207872
1185952752389648385
1185952752444289024
1185952752477843462
1185952752511475712
1185952752561803269
1185952752607879168
1185952752729505794
1185952752846815232
1185952752851132416
1185952753085898753
1185952753165750273
1185952753203470338
1185952753312509952
1185952753341718528
1185952753341943808
1185952753392279552
1185952753404657664
1185952753564168192
1185952753799106561
1185952753824210945
1185952753983672322
1185952754293850112
1185952754570858497
1185952754822516739
1185952754885365760
1185952755094917121
1185952755501981696
1185952755636232192
1185952755808116736
1185952755879268352
1185952755892047872
1185952756055584770
1185952756172910595
1185952756193849344
1185952756517036038
1185952756890263552
1185952756944850944
1185952756949016576
1185952756961402882
1185952756995149825
1185952757108359170
1185952757179486208
1185952757192237057
1185952757368475648
1185952757871710208
1185952757930483713
1185952757943078913
1185952758152736768
1185952758194737152
1185952758198947843
1185952758307971072
1185952758442139648
1185952758467350528
1185952758777536512
1185952758928760833
1185952758945505285
1185952759385935877
1185952759419412481
1185952759469625344
1185952759499108356
1185952759599816704
1185952759637368833
1185952759645986817
1185952759708815363
1185952759843082248
1185952760052801541
1185952760166080513
1185952760195211264
1185952760338046978
1185952760467869696
1185952760774168581
1185952760870703109
1185952760954609665
1185952761004855296
1185952761185230849
1185952761281699840
1185952761415909377
1185952761642442752
1185952761667575808
1185952762183475204
1185952762292514816
1185952762451972096
1185952762476949504
1185952762489688064
1185952762518855680
1185952762556633088
1185952762581962752
1185952762623864832
1185952762774851585
1185952762812686337
1185952762888163329
1185952762913148928
1185952763081035782
1185952763240472577
1185952763395629057
1185952763399815168
1185952763445948417
1185952763605377026
1185952763865423872
1185952763957645316
1185952763999670278
1185952764268077056
1185952764582678528
1185952764737835008
1185952764800708609
1185952764842541074
1185952764842561537
1185952764972752897
1185952765077385216
1185952765081722882
1185952765190852608
1185952765199224833
1185952765580722177
1185952765614477313
1185952765706555392
1185952765710864384
1185952765962530816
1185952766444933120
1185952766696574977
1185952766767841280
1185952767224926215
1185952767418028032
1185952767468285952
1185952767589933056
1185952767673659392
1185952767837376513
1185952767849959425
1185952767866654720
1185952767992614912
1185952768382533632
1185952768432979968
1185952768537907201
1185952768927780864
1185952769305387009
1185952769355603968
1185952769473167361
1185952769565515784
1185952769666113536
1185952769800392705
1185952769938731009
1185952769993314305
1185952770060378114
1185952770123325440
1185952770131742720
1185952770173685760
1185952770219823107
1185952770257539073
1185952770337202178
1185952770349817856
1185952770387599360
1185952770496630795
1185952770559565824
1185952770832195584
1185952770932629504
1185952770941227014
1185952771117322240
1185952771524255745
1185952771616526336
1185952771616530434
1185952771725561858
1185952771796803589
1185952771855540225
1185952771855585281
1185952772019146754
1185952772195262464
1185952772698574848
1185952772916731904
1185952772954431488
1185952773122088960
1185952773147430913
1185952773155807238
1185952773168402432
1185952773659152384
1185952773856256002
1185952773906616321
1185952773927399424
1185952774078513152
1185952774292492289
1185952774384689154
1185952774535700481
1185952774598643713
1185952774736900096
1185952774741057536
1185952774766366720
1185952774783229952
1185952774950752256
1185952774997057536
1185952775068368902
1185952775521202176
1185952775538139137
1185952775655563264
1185952775739498496
1185952775928270848
1185952776137957376
1185952776204910594
1185952776251011072
1185952776272175105
1185952776280522759
1185952776356089857
1185952776737742848
1185952777035345920
1185952777048117252
1185952777110994944
1185952777115066368
1185952777266008064
1185952777274646533
1185952777446379522
1185952777794543616
1185952778260287488
1185952778289590273
1185952778306359296
1185952778310406144
1185952778415423488
1185952778490802177
1185952778524483584
1185952778591580163
1185952778796982273
1185952778818129920
1185952778864214017
1185952778880876546
1185952778914598913
1185952779149312001
1185952779694678017
1185952779703111680
1185952779791147008
1185952779816226817
1185952779837345794
1185952779858145280
1185952779942141953
1185952779958919169
1185952780101410817
1185952780122578944
1185952780256563200
1185952780386738176
1185952780516810753
1185952780575526914
1185952780680384512
1185952780864905218
1185952781124935681
1185952781158322176
1185952781586386944
1185952781598892032
1185952781607342080
1185952781804474368
1185952782030794753
1185952782102290433
1185952782144200704
1185952782144233475
1185952782160928768
1185952782450397184
1185952782571966465
1185952782576046081
1185952782672527361
1185952782672715776
1185952782853066753
1185952783373090817
1185952783410847744
1185952783595261953
1185952783649906688
1185952783859535873
1185952783897260033
1185952783956135936
1185952784014872576
1185952784023203842
1185952784031596544
1185952784119717888
1185952784547491841
1185952784610484224
1185952784618684416
1185952784635576320
1185952784719450114
1185952784786579456
1185952784811773952
1185952784895623169
1185952784916586496
1185952784929169414
1185952785126305792
1185952785466085377
1185952785688338434
1185952786158108672
1185952786204237830
1185952786288132097
1185952786350927874
1185952786363621376
1185952786724413440
1185952786770550784
1185952786841788416
1185952787185709058
1185952787290644487
1185952787294588930
1185952787567468549
1185952787844124673
1185952787848409088
1185952787894587394
1185952787944873984
1185952788326412290
1185952788376948736
1185952788599189504
1185952788758568960
1185952788792131585
1185952788934746112
1185952788993335296
1185952789010243585
1185952789094006787
1185952789098389504
1185952789136117760
1185952789186301952
1185952789291290628
1185952789446496256
1185952789584863232
1185952789610029056
1185952789819772934
1185952789865926656
1185952789979193345
1185952789987549186
1185952790004293632
1185952790109184000
1185952790113222657
1185952790226624513
1185952790255788034
1185952790293684225
1185952790499287041
1185952790578974721
1185952790759297024
1185952790788612098
1185952790914445316
1185952791216447488
1185952791271018499
1185952791312900096
1185952791317110787
1185952791325532160
1185952791375896576
1185952791522623488
1185952791589572608
1185952791618998272
1185952791988060161
1185952792013348864
1185952792101306368
1185952792352968705
1185952792537718784
1185952792810274817
1185952793485611014
1185952793514786816
1185952793808519168
1185952793871429633
1185952794009845763
1185952794013945856
1185952794806804480
1185952794903232513
1185952795071000582
1185952795071078400
1185952795272318976
1185952795465322497
1185952795523833862
1185952795536564224
1185952795654066177
1185952795729502209
1185952795867803648
1185952796270616581
1185952796379701249
1185952796505452546
1185952796597579776
1185952796656447488
1185952796698468354
1185952796941672448
1185952797444820993
1185952797767995393
1185952797881184258
1185952797981888513
1185952798007070721
1185952798132899841
1185952798191407104
1185952798401155079
1185952798527119360
1185952798900441089
1185952798917251079
1185952799701422080
1185952799726563328
1185952799839997955
1185952799898689541
1185952800133435392
1185952800137797632
1185952800242425856
1185952800364269569
1185952800502665218
1185952800624259081
1185952800871735296
1185952800905289729
1185952800930488322
1185952800976592897
1185952801047957504
1185952801089867776
1185952801169399809
1185952801177985024
1185952801370755072
1185952801576439809
1185952801660252160
1185952801668685826
1185952801689485313
1185952801853063173
1185952802067140608
1185952802402656257
1185952802658553856
1185952802704691200
1185952802805354496
1185952802947948544
1185952803270746113
1185952803350597633
1185952803442905090
1185952803719536641
1185952803929444359
1185952804134883331
1185952804222849024
1185952804436893696
1185952804583686146
1185952804617228288
1185952804990525441
1185952805154111488
1185952805175136257
1185952805288337408
1185952805317681152
1185952805703561218
1185952805724577792
1185952805846011905
1185952805883801600
1185952805980389378
1185952806122819584
1185952806198493186
1185952806265671680
1185952806391418883
1185952806538272771
1185952806814879744
1185952806932537347
1185952807133663232
1185952807158988801
1185952807247065089
1185952807393939458
1185952807435886593
1185952807448465409
1185952807540518912
1185952807662313472
1185952807742070784
1185952808157229056
1185952808287264768
1185952808325042176
1185952808350015489
1185952808350244871
1185952808367017985
1185952808492847105
1185952808538951690
1185952808606097408
1185952808731848704
1185952808811532288
1185952808849289219
1185952808975110149
1185952809088409604
1185952809105215489
1185952809281380352
1185952809461735425
1185952809553813504
1185952809562312704
1185952809805664257
1185952810111852544
1185952810124349440
1185952810250182662
1185952810350923779
1185952810405421056
1185952810480885760
1185952810568806401
1185952810631860224
1185952811084898304
1185952811374338048
1185952811441426432
1185952811747565571
1185952811789508612
1185952812141809666
1185952812154478599
1185952812263448576
1185952812775157762
1185952813160923136
1185952813211377666
1185952813286907907
1185952813420969984
1185952813597237248
1185952813643452417
1185952813689516032
1185952813710561280
1185952813895041025
1185952814075404288
1185952814100561925
1185952814180241415
1185952814197100544
1185952814259986434
1185952814767509505
1185952814801006592
1185952814859771904
1185952815069519873
1185952815136555008
1185952815157567490
1185952815186923520
1185952815455322113
1185952815543402497
1185952815547637760
1185952815576825856
1185952815782465538
1185952815962824706
1185952816210337794
1185952816256421889
