1185945770102607873
1185945770433896448
1185945771004321799
1185945771679473664
1185945771889156096
1185945772476502016
1185945773457977349
1185945774103891968
1185945776519864320
1185945777631322115
1185945777748623361
1185945778449272833
1185945778671542272
1185945780269572099
1185945780873392128
1185945781796298752
1185945782031192066
1185945782098300930
1185945782358286336
1185945785474543617
1185945786800132098
1185945789169897473
1185945789840941056
1185945791338340353
1185945791862575105
1185945792319836160
1185945793254936577
1185945793842335744
1185945795083685888
1185945796262465536
1185945797189230592
1185945797730455553
1185945797919215616
1185945800288821248
1185945801421283328
1185945801777917953
1185945801807355906
1185945802646138881
1185945804013559808
1185945804344872960
1185945804537679873
1185945804537815040
1185945804961275906
1185945805003165697
1185945805036888070
1185945805347311621
1185945807478050822
1185945808044212229
1185945808228642816
1185945808878723072
1185945810636279808
1185945810648870914
1185945813337415685
1185945815442870273
1185945816378286081
1185945816587997184
1185945817296691201
1185945817384980480
1185945819465342978
1185945819754762240
1185945821382090752
1185945821478567936
1185945822359408641
1185945823382822912
1185945824364134401
1185945824431431682
1185945825488375809
1185945825630928901
1185945826205536256
1185945826691911680
1185945828986363905
1185945829124689921
1185945829376483331
1185945830173396993
1185945830383067137
1185945831133851648
1185945831431692290
1185945831792414726
1185945831926632448
1185945832287137799
1185945832367017985
1185945832429768705
1185945832564183041
1185945833168166913
1185945833977589760
1185945834669498370
1185945836343066624
1185945836737445889
1185945838146727943
1185945838532431872
1185945839094652929
1185945841644781568
1185945842231992320
1185945842303111169
1185945842349461510
1185945842643013633
1185945843788070913
1185945845247758337
1185945845285445633
1185945845319065601
1185945845344198663
1185945845360926720
1185945845486764032
1185945847198109696
1185945849358180352
1185945850037579776
1185945850310287361
1185945850754695168
1185945851484524545
1185945851488653312
1185945851950034944
1185945852818399233
1185945853577584641
1185945853921505281
1185945854072377344
1185945855569924098
1185945856563994624
1185945856794660865
1185945858480758785
1185945859487358982
1185945859558641664
1185945859810312192
1185945859839672320
1185945860003291136
1185945861060288517
1185945863014801410
1185945863023144962
1185945863350185984
1185945865602633730
1185945866961653762
1185945868324786176
1185945870245748739
1185945875425742849
1185945875719360512
1185945876222664706
1185945877317328901
1185945879288713216
1185945880425390080
1185945882451161088
1185945882937745408
1185945882983665665
1185945883046825985
1185945883730272256
1185945884980207621
1185945887282872320
1185945887840841729
1185945888268734464
1185945888742506498
1185945889342480384
1185945889401114624
1185945892324544519
1185945892714680323
1185945893503143936
1185945895004590081
1185945895629721600
1185945897143885826
1185945897898860545
1185945897982545920
1185945898427113472
1185945899618492421
1185945900834869248
1185945900960505857
1185945901451350016
1185945901786959877
1185945901832884228
1185945902273482752
1185945902512361472
1185945904093827072
1185945904739737603
1185945907763789824
1185945909366022145
1185945910108397576
1185945910309801984
1185945910867615750
1185945912402571265
1185945912448815106
1185945913317101568
1185945914495635456
1185945915783340032
1185945917070819329
1185945917872099334
1185945920287973378
1185945920833110018
1185945921038761985
1185945922632667136
1185945923395809280
1185945923672629250
1185945923731501056
1185945926075969536
1185945926273122304
1185945926394875905
1185945932912910337
1185945933311164417
1185945933760081920
1185945933814620160
1185945935014236161
1185945936255705092
1185945942278713344
1185945943582990336
1185945944388452353
1185945944782757888
1185945944833044481
1185945945445490688
1185945945869094913
1185945946305241090
1185945946506575878
1185945946594656257
1185945948100481024
1185945948515528705
1185945948716965888
1185945951032135680
1185945952386998273
1185945955490660352
1185945955830583296
1185945956178649088
1185945956698734592
1185945956795273219
1185945958867070978
1185945959391551488
1185945960108756993
1185945962717552642
1185945962776272896
1185945964781150208
1185945966203080704
1185945966957998081
1185945967587217408
1185945967901761537
1185945969147498498
1185945969604616192
1185945970539978753
1185945971227791360
1185945972284776453
1185945973689741312
1185945974117670912
1185945974415474688
1185945974969110534
1185945975338258432
1185945975648587776
1185945975661174785
1185945975665430529
1185945975732486145
1185945976244232193
1185945980300083202
1185945981961019392
1185945983924035585
1185945984775475206
1185945985031258114
1185945986071445507
1185945986599927808
1185945987501699073
1185945989498200065
1185945989791789057
1185945990601302016
1185945991985401856
1185945992891424769
1185945995315679233
1185945995772694529
1185945996657938432
1185945996926304256
1185945997190537218
1185945998847332352
1185945999191302145
1185946000168493062
1185946000566968320
1185946001217146880
1185946002437689346
1185946002777206784
1185946003276521472
1185946003335270400
1185946004043911168
1185946004136321024
1185946005088489473
1185946005411377154
1185946005440565249
1185946006040526849
1185946008867495936
1185946009500819456
1185946009551028227
1185946010566172672
1185946011572662273
1185946011719610369
1185946012042584074
1185946012352995331
1185946014915710976
1185946017218342913
1185946018073825280
1185946018308907011
1185946019877609474
1185946020859072513
1185946021202759681
1185946021941133312
1185946022226194432
1185946022339665923
1185946022771642368
1185946022972813312
1185946023182688262
1185946024940113920
1185946026034642945
1185946026110324736
1185946026609381378
1185946027242639362
1185946028178137089
1185946028836560897
1185946029398614017
1185946032384958465
1185946033064480769
1185946034293358594
1185946035224481801
1185946036193259520
1185946038529658883
1185946042086449152
1185946044388929536
1185946045324451844
1185946045634797568
1185946046905683968
1185946047111032834
1185946047501275136
1185946048021164032
1185946048092524544
1185946050680512518
1185946051431325696
1185946051649429504
1185946052593102848
1185946052660215808
1185946053620707331
1185946054069379072
1185946054899965953
1185946055600459776
1185946056460255232
1185946057747894272
1185946057957617665
1185946058574180353
1185946059098345472
1185946060037881856
1185946060872716289
1185946060944007171
1185946063045320704
1185946063104069632
1185946063191986176
1185946063221317633
1185946063317995520
1185946063632588800
1185946064064581633
1185946064425062401
1185946065280864256
1185946067046670337
1185946067378016257
1185946068497899522
1185946068514672643
1185946068967665664
1185946069512982528
1185946071006089218
1185946071677243392
1185946071769473025
1185946072717250563
1185946075351244800
1185946075749855232
1185946075913281536
1185946076315914241
1185946077708668928
1185946077763178497
1185946078576893953
1185946079294054400
1185946079763861504
1185946080229367820
1185946081353502720
1185946081974276096
1185946082737565697
1185946083236540416
1185946084465614848
1185946085543600130
1185946085770043393
1185946087493980162
1185946088043352070
1185946088840278016
1185946089620475919
1185946090190733313
1185946091465760773
1185946093428838401
1185946093604880387
1185946093651136512
1185946093764468736
1185946094552797184
1185946095068864512
1185946095949680640
1185946096020983809
1185946096025133057
1185946096926908418
1185946097807577088
1185946099804266497
1185946101230329858
1185946101247021056
1185946102064996356
1185946102400454657
1185946102429896705
1185946102555504640
1185946102664781834
1185946102677327874
1185946103281324038
1185946104761860101
1185946106569482240
1185946106729029633
1185946108373037056
1185946109589544963
1185946109836959745
1185946110759710720
1185946113486053376
1185946113662164992
1185946114408747010
1185946114979172353
1185946116744994816
1185946117382574080
1185946118527619072
1185946118565310467
1185946118846210049
1185946118942871552
1185946119223668736
1185946119794241536
1185946121081966597
1185946121644003329
1185946121698529284
1185946122264678400
1185946122315063297
1185946122331791360
1185946124932304896
1185946127754883072
1185946128556138498
1185946129046765569
1185946130351149058
1185946130766536704
1185946131211182080
1185946131357933568
1185946132272336896
1185946133207703552
1185946133677400064
1185946135837450240
1185946136953049089
1185946138261610496
1185946138379198465
1185946138731515906
1185946140442644480
1185946140622983168
1185946140858036224
1185946141084520449
1185946141491367938
1185946141592080385
1185946143949250560
1185946143995371521
1185946144624517125
1185946145949913096
1185946146683969542
1185946147002601472
1185946148147728385
1185946148294447104
1185946148378464256
1185946149003448322
1185946149909348355
1185946152086233089
1185946152283168770
1185946155450060800
1185946155513008128
1185946155655618561
1185946156536340486
1185946156544745472
1185946157744316416
1185946159136825345
1185946159447203840
1185946161032712192
1185946161607258114
1185946165042470914
1185946165361217543
1185946165487034371
1185946165596114946
1185946166015475713
1185946166053105664
1185946166606909441
1185946167357693953
1185946168523677696
1185946168812916742
1185946170968788993
1185946171854020608
1185946172676026374
1185946176719409155
1185946179093315588
1185946179533557760
1185946180464701441
1185946181039468545
1185946181752496129
1185946182763372546
1185946182813716485
1185946183807787010
1185946184248188928
1185946184684392449
1185946186022154245
1185946186580148224
1185946186773159937
1185946187209334790
1185946187486126092
1185946189700706304
1185946191877554177
1185946192770809856
1185946194586951685
1185946196323340288
1185946197342773249
1185946197397327883
1185946197963476992
1185946199196651521
1185946199574089729
1185946200572399617
1185946201457217536
1185946202065506306
1185946203516739584
1185946203936186368
1185946204305149953
1185946205152522240
1185946205345452033
1185946207690067971
1185946207866236928
1185946208424083456
1185946208948367362
1185946209531416576
1185946210651258880
1185946211779563520
1185946213763420161
1185946214031908864
1185946214879191042
1185946215269240834
1185946215516520450
1185946215625551872
1185946215646560257
1185946215848001536
1185946216632209408
1185946216724680704
1185946217454460928
1185946217458683904
1185946217487843328
1185946218083553280
1185946219031363585
1185946219958288384
1185946221283700737
1185946221803986945
1185946222001053696
1185946222152114177
1185946222269476866
1185946222777028608
1185946223414513670
1185946223813038083
1185946224244989954
1185946224354050050
1185946224618139649
1185946226187030528
1185946227948568576
1185946230519746561
1185946231270465537
1185946231471779840
1185946232340000768
1185946233434759168
1185946233736704002
1185946234965524480
1185946235196317696
1185946235447857152
1185946236613988352
1185946236949581824
1185946237549404160
1185946238321070080
1185946238530850816
1185946238916747265
1185946239302397955
1185946240476831744
1185946241693290497
1185946242087604224
1185946243580735488
1185946243958235138
1185946244486778880
1185946247888330753
1185946247967977475
1185946250413256704
1185946250471981056
1185946253890379780
1185946254271926272
1185946256222240768
1185946256952188928
1185946257656893441
1185946257975660546
1185946258780889088
1185946259917561857
1185946260030840832
1185946260194369542
1185946260731289601
1185946261146554368
1185946262035677184
1185946262153105411
1185946265055617030
1185946265147699201
1185946265177264129
1185946265768595457
1185946266615898112
1185946266666225672
1185946267664506881
1185946268884860928
1185946269111537664
1185946271066087424
1185946272311603201
1185946272571822082
1185946272747937795
1185946272819232770
