1185962883634683904
1185962883940794370
1185962884850798592
1185962884855140352
1185962885043949568
1185962885354156032
1185962885903781889
1185962886277062656
1185962886449029122
1185962886767828993
1185962886927138816
1185962886969135107
1185962887162011648
1185962887241703424
1185962887304634369
1185962887430463489
1185962887451463683
1185962889762562048
1185962890446147585
1185962891587084288
1185962891725459457
1185962891796779009
1185962892899676160
1185962893625442305
1185962895089291270
1185962896368525313
1185962896796336130
1185962896817307649
1185962896938938374
1185962897333276673
1185962897538613249
1185962897777840128
1185962897920417792
1185962898033692673
1185962898230857728
1185962898243362816
1185962898545348608
1185962899027714048
1185962899350675456
1185962899577233408
1185962899786862592
1185962899984060416
1185962900319436800
1185962900470542337
1185962900554469376
1185962901179437056
1185962901393330178
1185962902034890756
1185962902689325056
1185962903373058050
1185962903465320448
1185962903595372544
1185962904237072384
1185962904555868160
1185962904866230273
1185962905025552390
1185962907206467584
1185962908896956416
1185962909802913794
1185962910587277314
1185962911673520128
1185962912868945924
1185962913091194881
1185962913225494529
1185962913267363840
1185962913275604993
1185962913485545472
1185962914211127296
1185962915184152576
1185962915301593090
1185962915746197504
1185962916215959552
1185962916312506368
1185962916601892865
1185962917134385158
1185962917465706496
1185962918321577988
1185962919693049857
1185962919747604481
1185962919793778688
1185962919957151744
1185962920011878400
1185962920825503746
1185962921580355584
1185962922394169345
1185962923333693440
1185962924059365376
1185962924684337152
1185962925376360449
1185962926345261062
1185962926403997699
1185962926479417344
1185962927267995649
1185962927481860102
1185962927607701506
1185962927611879424
1185962927695769601
1185962927901364225
1185962928014446592
1185962928144556033
1185962928392024065
1185962928643682304
1185962928748613634
1185962930480783365
1185962930560557060
1185962931751702533
1185962931797856256
1185962932523458571
1185962933391679496
1185962933798539266
1185962933806866433
1185962934184361984
1185962934553534470
1185962935836987393
1185962935861956608
1185962936214253568
1185962936696803328
1185962936818372608
1185962936872984576
1185962937141387264
1185962937367912448
1185962938324131841
1185962939498586114
1185962939636965381
1185962940123402241
1185962941214015488
1185962941587304448
1185962941826379781
1185962941868318722
1185962941918732289
1185962941943861250
1185962941969027073
1185962941989961728
1185962942031974400
1185962942082232320
1185962942522630149
1185962942585589761
1185962942992400384
1185962943004831744
1185962943252455424
1185962943571251201
1185962944590483456
1185962944867246082
1185962947031588864
1185962947039944704
1185962947941560321
1185962947966722048
1185962948277047296
1185962948382117890
1185962949401370625
1185962949527162880
1185962949799809024
1185962950168854529
1185962950881939458
1185962950932258817
1185962951280336897
1185962951808827393
1185962951901110273
1185962952270106624
1185962953155268608
1185962953616642054
1185962953788530688
1185962954807754753
1185962955000688640
1185962955415969800
1185962955613102081
1185962955898118144
1185962957336973312
1185962957374709761
1185962957521293312
1185962957580226562
1185962957798367232
1185962958041563139
1185962958226165760
1185962958230347776
1185962958251319297
1185962958318260229
1185962958767218692
1185962958851059712
1185962959538970624
1185962959606112262
1185962959698305024
1185962959895445505
1185962961116028930
1185962961493516288
1185962961816309760
1185962961820516353
1185962962445570056
1185962962982445057
1185962963041247232
1185962963171205120
1185962963204751360
1185962964081401859
1185962965700415489
1185962966442823680
1185962967315177474
1185962967503912961
1185962969047470080
1185962969177509896
1185962970288939009
1185962970620276742
1185962971668762625
1185962972000194560
1185962973254291456
1185962974944645123
1185962976475570176
1185962976567844864
1185962976702017537
1185962977339555840
1185962977893212165
1185962978916622338
1185962979201835008
1185962979201867777
1185962980137230336
1185962980195885056
1185962980481126400
1185962982376796160
1185962982452449285
1185962982653808642
1185962983484280832
1185962984570408960
1185962984633323520
1185962986185183232
1185962986269073409
1185962986579677184
1185962987644952583
1185962988630663170
1185962989008179204
1185962989897355269
1185962990454968320
1185962991793012737
1185962992053227521
1185962992330035200
1185962992740880389
1185962992988352512
1185962993126756353
1185962994506911745
1185962994926309376
1185962995010195456
1185962996029362176
1185962996885004290
1185962997791035399
1185962997803618304
1185962997866323968
1185962997883080704
1185962998025850885
1185962998764052480
1185963000231952384
1185963000794177537
1185963000995336192
1185963001062539264
1185963001171587075
1185963002048200704
1185963002388013056
1185963003096784897
1185963003834847232
1185963003893690374
1185963004409581568
1185963004514459649
1185963004585750528
1185963005667872768
1185963007555330054
1185963008213819392
1185963008348053505
1185963008725573632
1185963009404858369
1185963009627308034
1185963010386477057
1185963010591997952
1185963010763960325
1185963011044982784
1185963011888091138
1185963012169097223
1185963012320038918
1185963012500443138
1185963012789694464
1185963012802220032
1185963013817323522
1185963014178168835
1185963014396301315
1185963014987476992
1185963015818108928
1185963016027852801
1185963016065409024
1185963016329691136
1185963016522784768
1185963017302880257
1185963017772642304
1185963017911050241
1185963017936068608
1185963018372431876
1185963019655962624
1185963020788424714
1185963020943577090
1185963021052628993
1185963021308436482
1185963021639618561
1185963022147379200
1185963023267176448
1185963023816478720
1185963024370274304
1185963024479391746
1185963024726679553
1185963026345627648
1185963026891059200
1185963028539424770
1185963029130895360
1185963029319553025
1185963029969506305
1185963032347734016
1185963032373092352
1185963032796696577
1185963033295753216
1185963033434025984
1185963033492934657
1185963033664937986
1185963033975238656
1185963035514376193
1185963035606818816
1185963036097568769
1185963036336644098
1185963036689010688
1185963036726583297
1185963037070647298
1185963037334872066
1185963037792112641
1185963037846638592
1185963038442213378
1185963038710607873
1185963038731452416
1185963039432073216
1185963039717281793
1185963039717318656
1185963040103157761
1185963040912662529
1185963041021521922
1185963041105596418
1185963041285763072
1185963041462075393
1185963041827053568
1185963042489688070
1185963042741334016
1185963043316027392
1185963043349585920
1185963044167307264
1185963044687486977
1185963044733702146
1185963044960002048
1185963045878677504
1185963046281383936
1185963046503616512
1185963046805614593
1185963046977581056
1185963047539490816
1185963048273694720
1185963048936361985
1185963050089766912
1185963050773426176
1185963052094484480
1185963052514066434
1185963052711206912
1185963053591887874
1185963053759774726
1185963054548344835
1185963054695174151
1185963054745427968
1185963055135506432
1185963055617691648
1185963056364433409
1185963057102458880
1185963057752748033
1185963058163793921
1185963058591686658
1185963059132715009
1185963059489234945
1185963059979927552
1185963060483231748
1185963061259177986
1185963061452115969
1185963061464698880
1185963061703778310
1185963061850456064
1185963062089658371
1185963062467223552
1185963062538522624
1185963064673406976
1185963064727920641
1185963065097052160
1185963065323511809
1185963065382260741
1185963065482895360
1185963066258796544
1185963067135418369
1185963067173154818
1185963067433197568
1185963067634601984
1185963068548927488
1185963068767035393
1185963068842483712
1185963069370961920
1185963069907853319
1185963070121824257
1185963070922903564
1185963070973272064
1185963072084758528
1185963072835457034
1185963073313656832
1185963074475495427
1185963074714423296
1185963074852917248
1185963074995605504
1185963075557613569
1185963076064927745
1185963077092564992
1185963077247873026
1185963077470228480
1185963077919002624
1185963079298879491
1185963079298961415
1185963079630241793
1185963080406183936
1185963080649465858
1185963080812941312
1185963081374920704
1185963081739984896
1185963081794342914
1185963083711295489
1185963083778400256
1185963083820343297
1185963084357263361
1185963084575367168
1185963086408224776
1185963086622187520
1185963086869483521
1185963086882185216
1185963086932533248
1185963087578456066
1185963087670775808
1185963088190816259
1185963088257912834
1185963088631214080
1185963088962641923
1185963089000353797
1185963089419755520
1185963090095067137
1185963090950742018
1185963091600859137
1185963091793731590
1185963095480590336
1185963095518261258
1185963095975481346
1185963096118087682
1185963096713633794
1185963097321639936
1185963097539760128
1185963098060050432
1185963098164879360
1185963098772930560
1185963098957594624
1185963099196723200
1185963099884527617
1185963100182384642
1185963100219965440
1185963100224274433
1185963100551417861
1185963100836683776
1185963101084102657
1185963101499351041
1185963101717442561
1185963102157889536
1185963103449563136
1185963104154337288
1185963104267583488
1185963104456368128
1185963104946900992
1185963105106268160
1185963105462960129
1185963105706270720
1185963106511577088
1185963106863849474
1185963107031666694
1185963107455250432
1185963107904053249
1185963108172304385
1185963109485293569
1185963110122901505
1185963110164783105
1185963111259488258
1185963111330844673
1185963111519412226
1185963112266117120
1185963112425410560
1185963112643661825
1185963112903729157
1185963113155305472
1185963114229129217
1185963115084681220
1185963115244077056
1185963115361554432
1185963116095561729
1185963116108091394
1185963116124921857
1185963116162621441
1185963116284260352
1185963116540186629
1185963116825337856
1185963116900864012
1185963117655875586
1185963117722980352
1185963118394040320
1185963118721150976
1185963119031541761
1185963122030346240
1185963122537844736
1185963123041329153
1185963123062247424
1185963123913744384
1185963124333207552
1185963125218201601
1185963125406875650
1185963126727925760
1185963127277543428
1185963127336292355
1185963127386578945
1185963127499841538
1185963127709548546
1185963127806087168
1185963127839641600
1185963128246300672
1185963128292556801
1185963128309334016
1185963128875556864
1185963129055989760
1185963129219567616
1185963129618010114
1185963130171604993
1185963130343419904
1185963130859540487
1185963130893099010
1185963131157106689
1185963131387994115
1185963131631214598
1185963131715162114
1185963131933249537
1185963132465958912
1185963132868382720
1185963133497696257
1185963135431335937
1185963135838097408
1185963136156782592
1185963136299474944
1185963137507512320
1185963137562021889
1185963138484596737
1185963138900021249
1185963139386363904
1185963139780808704
1185963139856158720
1185963140485394432
1185963140518858757
1185963141122985984
1185963141332471809
1185963141445931010
1185963141613666305
1185963141743566848
1185963143341719553
1185963143597453312
1185963143945691137
1185963144767782915
1185963145086558210
1185963145455689728
1185963145791062017
1185963146328104960
1185963146382598145
1185963146751680512
1185963147070361600
1185963147108257792
1185963147175387136
1185963147502505984
1185963147989078017
1185963148404252674
1185963148731285504
1185963148844654592
1185963148974657536
1185963149658333187
1185963150128103424
1185963150262394881
1185963150652444672
1185963150736277506
1185963151017181184
1185963151038304256
1185963151147315200
1185963151436713985
1185963151835238402
1185963152019574786
1185963152397291521
1185963152632098821
1185963153055801344
1185963153290596352
1185963155320725509
1185963155505070080
1185963155937120261
1185963155983347718
1185963156193062912
1185963157153570818
1185963157656887296
1185963157669502981
1185963158172622848
1185963158524981248
1185963158810189824
1185963159062044672
1185963159372345345
1185963160366452738
1185963160500654080
1185963160588738561
1185963160727146497
1185963160857120770
1185963160869703682
1185963161922555906
1185963162702663680
1185963162908221440
1185963164049039364
1185963164246167558
1185963164275482626
1185963164325814272
1185963164556582912
1185963164879540225
1185963165055623170
1185963165504290816
1185963166120861697
1185963166183936001
1185963166188146688
1185963166225829890
1185963167228317699
1185963167702237184
1185963167853228032
1185963167945494560
1185963168943792130
1185963169040220160
1185963169895845889
1185963170403442695
1185963171028320256
1185963171212877825
1185963171309326343
1185963171615399936
1185963172206993408
1185963172357754880
1185963172420870144
1185963174023053312
1185963174102593537
1185963174119514112
1185963174962585600
1185963175004512256
1185963175134617600
1185963175784656899
1185963175927263233
1185963176120274944
1185963176413814784
1185963177118449665
1185963177642745856
1185963178808750080
1185963179630661632
1185963179672788993
1185963179832217601
1185963179844747264
1185963180100468736
1185963180293545985
1185963180696260615
1185963180788535298
1185963181086253058
1185963181719674880
1185963181732237312
1185963183279755264
1185963183837564928
1185963183892320257
1185963184685043712
1185963184731152387
1185963185184092163
1185963185255440385
1185963185267982342
1185963187398684672
1185963187423850497
1185963187440631811
1185963187495198726
1185963187507814400
1185963187541364737
1185963187755241472
1185963188598247424
1185963188745097217
1185963189093228549
1185963189223198726
1185963189868982272
1185963190028558336
1185963190070534144
1185963190468915200
1185963190498320386
1185963190716256256
1185963191630778368
1185963192650010624
1185963192851337216
1185963192868048896
1185963193023246336
1185963193794994176
1185963193962655745
1185963194722017280
1185963194818289664
1185963195485315074
1185963195585843200
1185963195799916544
1185963195825053696
1185963195984302082
1185963196739227648
1185963196810694656
1185963197163081730
1185963197930573824
1185963198048022528
1185963198337470467
1185963199134359556
1185963199922950144
1185963200400908289
1185963201281835010
1185963201533485062
1185963201663516674
1185963202208772096
1185963203374833665
1185963204029095937
1185963204712775680
1185963204750512128
1185963204867956737
1185963205161619458
1185963205451010048
1185963205820145665
1185963205996285952
1185963206046564353
1185963207573139456
1185963207959175169
1185963208626102272
1185963208680587264
1185963209024344064
1185963209276231686
1185963210370891776
1185963210601578496
1185963210962296832
1185963211297828869
1185963211654356993
1185963211658579974
1185963213478912000
1185963214615564288
1185963214711988225
1185963215009865728
1185963215332806658
1185963215362183168
1185963215592837122
1185963215844458497
1185963215907426304
1185963216050016256
1185963216230408193
1185963216616284165
1185963217484484610
1185963217987653632
1185963217992015873
1185963218969288704
1185963219308945408
1185963219464138752
1185963220013637634
1185963220122640384
1185963220839751680
1185963221427146754
1185963221703888898
1185963222383374337
1185963223083823105
1185963223381663744
1185963224182804481
1185963224572801024
1185963224753045510
1185963225168392195
1185963225457795073
1185963225495621634
1185963225537486849
1185963225613029376
1185963226028224519
1185963226296664065
1185963226313433089
1185963226388934658
1185963226690916354
1185963227332710403
1185963227718406144
1185963227819044864
1185963228716830720
1185963229203316737
1185963229606006785
1185963229660487680
1185963229798793217
1185963231040417794
1185963231363379200
1185963231678025730
1185963232198103044
1185963232290148352
1185963232332275714
1185963232936300544
1185963233263398913
1185963234987139072
1185963235427549184
1185963235561881602
1185963236266532865
1185963236581097473
1185963236946075649
1185963237092794368
1185963237336072203
1185963237713633281
1185963238778966017
1185963239005413376
1185963239961706496
1185963240452476929
1185963241337511937
1185963242234904577
1185963242344058881
1185963242629292038
1185963242885005312
1185963242973286400
1185963243392688130
1185963243400884224
1185963243627520001
1185963243765927936
1185963243828908032
1185963243904393220
1185963244567089157
1185963245066227713
1185963245598838784
1185963248320991232
1185963248819957761
1185963249025470465
1185963249457647616
1185963249511981056
1185963249839280129
1185963250162241541
1185963250510372864
1185963250967552000
1185963251110158337
1185963251198091265
1185963251525390343
1185963252016209920
1185963252238315525
1185963252276170752
1185963252284645376
1185963252913725442
1185963253337182208
1185963253496713216
1185963253559713792
1185963253865730048
1185963254046248962
1185963254452912129
1185963254843138049
1185963254864068609
1185963255191216129
1185963255229046785
1185963255480672256
1185963255845609474
1185963257418452992
1185963257435172867
1185963257493897217
1185963257636573188
1185963259406508033
1185963259419152384
1185963259599511555
1185963259679125505
1185963260211875845
1185963260652244993
1185963261075869698
1185963261100998656
1185963261390405632
1185963261650296832
1185963262564687872
1185963263533535233
1185963264225792003
1185963264682975235
1185963264812994560
1185963264859082752
1185963265064603650
1185963265156931587
1185963265471459329
1185963265815470082
1185963265949687819
1185963265966465024
1185963266851397633
1185963266914373632
1185963266989809664
1185963269820964864
1185963269992914944
1185963270106222594
1185963270223650817
1185963271230251009
1185963271477760005
1185963271481769986
1185963271804850177
1185963272303984641
1185963272496975872
1185963274078162945
1185963274673754115
1185963275042738181
1185963275307147271
1185963275684593665
1185963275785310208
1185963275822845953
1185963275973992449
1185963276326322176
1185963276397633537
1185963276904980480
1185963277068713985
1185963278461095936
1185963279002288130
1185963279673245696
1185963280440807424
1185963280591921158
1185963280726032385
1185963281267097600
1185963281523073025
1185963282039037957
1185963282563289094
1185963282609397760
1185963282861039616
1185963283238379521
1185963283288862723
1185963283427315713
1185963283494424576
1185963283494461441
1185963284161277952
1185963284383580167
1185963284475928576
1185963285230678016
1185963285868371968
1185963286111686657
1185963287147696131
1185963288410107905
1185963288900837376
1185963289496317952
1185963289781719040
1185963289815277569
1185963290314334210
1185963290570186754
1185963291232866304
1185963291249696770
1185963291593580544
1185963291941711873
1185963292046454789
1185963292600213507
1185963292768067584
1185963293430730753
1185963294407962624
1185963295011934208
1185963295330766848
1185963296358391808
1185963297281064963
1185963297654411265
1185963297742438400
1185963297771806721
1185963298128306182
1185963298203885569
1185963298832781313
1185963299030130688
1185963299143159808
1185963300519055361
1185963300590219264
1185963300900589570
1185963300909137926
1185963301403934721
1185963301441855488
1185963301617844224
1185963301634826240
1185963301882290176
1185963303123800066
1185963303383777282
1185963304247803906
1185963304763703296
1185963305178927106
1185963305271054336
1185963305333952513
1185963305497550848
1185963305992634368
1185963306315440128
1185963306512797698
1185963306567245824
1185963306911182848
1185963307733151745
1185963307750055942
1185963307758505987
1185963308240777217
1185963308341485568
1185963308354068482
1185963308794503169
1185963309067055104
1185963309079683072
1185963309570220035
1185963309599789061
1185963309708787712
1185963309843075073
1185963310002270208
1185963310656700417
1185963310664974337
1185963310782525442
1185963311847890946
1185963312682536962
1185963312812625921
1185963312888111104
1185963313110360065
1185963313496240130
1185963313815048192
1185963314154790913
1185963314171514890
1185963314695888897
1185963314817298434
1185963314838474752
1185963314897211393
1185963315362582528
1185963315501113344
1185963316210028545
1185963316243501056
1185963317946269697
1185963318458097666
1185963318588203009
1185963319070359552
1185963319540109313
1185963319741599744
1185963320005672961
1185963320429481985
1185963321066999815
1185963321666756608
1185963321897431040
1185963322127945733
1185963322404986880
1185963322509840385
1185963322832650240
1185963322887286785
1185963322962796549
1185963323835277317
1185963323944251405
1185963323961106432
1185963323986272257
1185963324435030016
1185963324460023808
1185963325651410945
1185963325781368837
1185963325848469510
1185963326221836288
1185963326653775873
1185963327194689536
1185963327706587137
1185963327849058305
1185963327991758848
1185963328046284800
1185963328067080192
1185963328071335937
1185963328352346112
1185963328377540609
1185963328482566145
1185963328943902721
1185963329912791040
1185963332282540038
1185963333033381888
1185963333347893248
1185963333540691968
1185963333687676928
1185963334065184774
1185963334341943296
1185963334555918338
1185963335117877248
1185963335239512064
1185963335277334528
1185963335310807041
1185963335344365573
1185963335554125824
1185963335629594624
1185963336292339719
1185963336392949760
1185963336497647616
1185963336770490368
1185963336996982784
1185963337093267456
1185963337265352704
1185963337420435457
1185963337441521665
1185963337793855488
1185963337936330752
1185963338032910336
1185963338129391622
1185963338313949184
1185963339106488320
1185963339228286983
1185963339270148096
1185963339383488513
1185963339505131521
1185963339714834433
1185963340394315776
1185963340457299968
1185963340482387968
1185963340926816256
1185963341044338688
1185963341522636802
1185963341849735168
1185963341916835846
1185963342185283587
1185963342231474178
1185963342340345856
1185963342625509376
1185963342734790661
1185963343091322880
1185963343733022721
1185963345154695173
1185963345335111681
1185963345624653826
1185963345829978113
1185963345851142144
1185963345989525509
1185963346597744645
1185963346790502400
1185963347075883008
1185963347780526090
1185963347944050688
1185963348183146496
1185963348250071041
1185963348678139911
1185963348749422592
1185963349504335872
1185963349541998597
1185963350280196096
1185963350343200768
1185963350930448385
1185963350972420097
1185963351089864705
1185963351253405696
1185963351517646849
1185963351668604929
1185963351756738560
1185963352134225921
1185963352989847552
1185963353098862594
1185963353459613696
1185963353757421568
1185963354076188674
1185963354482970624
1185963354482978816
1185963354550145026
1185963354994728962
1185963355049250817
1185963355066060800
1185963355816595456
1185963356458491904
1185963357553086464
1185963359704899585
1185963359834791936
1185963359973322753
1185963360233447425
1185963360371785728
1185963360409587712
1185963360430501890
1185963360623452160
1185963362376663040
1185963363676893185
1185963363702059008
1185963363765030912
1185963364146528256
1185963364637462528
1185963365765730304
1185963366025760768
1185963366050754562
1185963366226939905
1185963366566764546
1185963366642307074
1185963366814306304
1185963367103696897
1185963367137075203
1185963367397089280
1185963367753830407
1185963368030453760
1185963368336822272
1185963368567508992
1185963368982765571
1185963369293062144
1185963369351778305
1185963369431523328
1185963369431535620
1185963369762840580
1185963369909473280
1185963370052276224
1185963370278723587
1185963371465625601
1185963371495120896
1185963371537031168
1185963371973107713
1185963372514295811
1185963372589789186
1185963373109760000
1185963373529358336
1185963373546090496
1185963373789401090
1185963373814571009
1185963374061993987
1185963374137368576
1185963374271778816
1185963374724747264
1185963375152500736
1185963375190331396
1185963375324520448
1185963375420948485
1185963375462899717
1185963375660032000
1185963375844614145
1185963376117256192
1185963376222134273
1185963376263827457
1185963376972836864
1185963377220296704
1185963377304039424
1185963377685872640
1185963377794920448
1185963378239520771
1185963378944233472
1185963379007119362
1185963379254616064
1185963379585740800
1185963379866963968
1185963380206637057
1185963380399628291
1185963380521046017
1185963380806504448
1185963380865036293
1185963381469130752
1185963381641170944
1185963381842497537
1185963382433820674
1185963382521810944
1185963383155298310
1185963383524384769
1185963383746490368
1185963384006676483
1185963384065478656
1185963384812064768
1185963384874790913
1185963385638178818
1185963385856430080
1185963385860395010
1185963385906548736
