1185950302287159296
1185950303201513475
1185950305525088257
1185950305776816131
1185950307110604801
1185950308939292672
1185950310017064960
1185950311351029760
1185950311917076480
1185950312621903872
1185950313469153281
1185950313666220034
1185950316132474881
1185950316442914816
1185950316551983104
1185950316736454656
1185950317227204614
1185950317348818946
1185950317680222208
1185950318154129408
1185950318623940610
1185950319072698369
1185950319294980099
1185950319752036352
1185950321547382784
1185950322105012226
1185950322109366272
1185950322373599238
1185950322914713600
1185950324017782785
1185950325238370305
1185950325926236161
1185950325955534849
1185950326358192129
1185950327616372736
1185950328182759426
1185950328824483840
1185950329671770112
1185950330560884736
1185950330602872834
1185950330636455936
1185950331026362368
1185950332255227904
1185950332641316865
1185950332737720320
1185950332922155008
1185950333153009664
1185950333316546560
1185950334566490112
1185950334977564672
1185950335195590657
1185950335896084480
1185950336852340736
1185950337053495296
1185950339419299840
1185950340023308289
1185950340870529027
1185950342439157761
1185950342535622658
1185950342648946689
1185950342783078401
1185950342980210689
1185950343617765376
1185950343642923008
1185950343655575552
1185950343726796810
1185950343735205889
1185950343756161025
1185950344129449984
1185950344414674949
1185950346000130048
1185950346541182976
1185950346788642817
1185950346998435840
1185950347090526208
1185950348642570241
1185950348806111232
1185950348898373632
1185950349988958209
1185950350257393665
1185950350584401920
1185950350802599936
1185950351096201222
1185950351167504384
1185950352341983232
1185950352991875072
1185950353474371585
1185950353809952769
1185950353839312902
1185950354493595649
1185950355089002501
1185950355957223424
1185950356544655361
1185950358079758339
1185950358637551616
1185950358734065664
1185950359241547778
1185950360030109701
1185950360441184257
1185950360852144129
1185950361435168769
1185950361611395073
1185950362370527232
1185950362504695808
1185950362701881346
1185950363284836352
1185950363800621057
1185950364354240512
1185950365520453632
1185950365860225025
1185950367663587328
1185950367697137664
1185950368041013248
1185950368045453313
1185950368460443648
1185950368565530627
1185950369052069891
1185950369345605632
1185950369416826882
1185950370201255939
1185950370620567552
1185950370817892353
1185950370872414216
1185950371539275776
1185950371656548354
1185950372487225344
1185950373137117184
1185950373451710464
1185950373548351493
1185950373648973824
1185950374013919232
1185950374387212289
1185950374705762304
1185950375737737218
1185950375754584069
1185950375771287552
1185950375813083136
1185950375880351744
1185950376366870528
1185950376685723649
1185950377046237184
1185950378069811201
1185950378115907586
1185950378157719553
1185950378338050048
1185950378409385985
1185950379122614274
1185950379416137728
1185950380741615616
1185950380821274631
1185950381039374336
1185950382775648258
1185950383816007680
1185950384428331010
1185950384679874560
1185950384948498433
1185950385862860800
1185950386722627584
1185950388274565123
1185950388639457281
1185950388970635264
1185950389729943554
1185950391080497153
1185950392049422336
1185950392250560513
1185950392678572034
1185950393076981760
1185950394712612864
1185950394905550848
1185950394922475520
1185950395002249218
1185950395526516737
1185950396243730434
1185950396520587271
1185950397221015552
1185950397409775618
1185950397812355075
1185950398110191616
1185950398286356480
1185950398865125377
1185950398982578184
1185950399129243648
1185950399980867584
1185950400391680003
1185950401327255554
1185950401645953024
1185950402044411909
1185950402090536961
1185950402342047744
1185950402405113856
1185950402593902592
1185950402606518274
1185950402686210049
1185950403109773312
1185950403218817024
1185950403285966848
1185950403336310789
1185950403655016456
1185950403659272194
1185950404435234819
1185950404686811136
1185950404766515200
1185950404900769792
1185950405479587840
1185950406645616642
1185950406750490624
1185950407064993792
1185950407291478016
1185950407924813825
1185950408172359686
1185950409862590464
1185950409896185859
1185950410311385088
1185950410357563392
1185950410474868736
1185950410697314309
1185950411301232640
1185950413226332160
1185950413595373569
1185950413771739137
1185950413897555969
1185950414090338304
1185950414128209922
1185950414170140672
1185950414526713858
1185950415080382464
1185950416145698816
1185950416179060736
1185950417215205380
1185950417311719425
1185950417731162114
1185950419215732736
1185950419987714050
1185950420608454656
1185950420759404546
1185950421254197254
1185950421422104577
1185950421904478210
1185950421979975681
1185950422244171776
1185950422307102720
1185950423297003521
1185950423481540608
1185950423515041793
1185950423624159232
1185950423821279232
1185950424005824513
1185950424156782594
1185950425251532800
1185950425809375232
1185950425872293889
1185950426304335873
1185950426442678272
1185950426870493186
1185950427688439808
1185950427868585984
1185950428170600450
1185950428216909825
1185950428346740736
1185950428791488512
1185950429022162947
1185950429512962048
1185950429626191873
1185950430548807680
1185950430590832654
1185950431308062720
1185950431358251009
1185950431614263297
1185950431803006976
1185950431907864584
1185950432109027328
1185950432625074179
1185950432927109120
1185950433266810880
1185950433426231296
1185950433728225281
1185950433761615872
1185950434210529281
1185950434562891776
1185950434923409409
1185950435091214336
1185950435753938944
1185950435791777794
1185950435942817792
1185950435980398592
1185950436240568321
1185950436379058176
1185950436823572485
1185950436861382656
1185950437205299203
1185950437255634946
1185950437280833537
1185950437482094592
1185950437742133248
1185950437813432320
1185950438056693760
1185950438094491648
1185950439025577984
1185950439042359301
1185950439109468160
1185950439860101120
1185950439906234369
1185950439998709760
1185950440728547332
1185950440728551426
1185950441097650182
1185950441550430209
1185950442003394560
1185950442121060359
1185950442225844227
1185950442620178433
1185950442863419393
1185950442964115456
1185950443161169920
1185950443177959427
1185950443416932352
1185950443698040837
1185950444683546625
1185950445023436800
1185950445140959232
1185950445203869696
1185950445275176960
1185950445652627457
1185950446122422272
1185950446210256897
1185950446567018498
1185950446713589761
1185950447154151424
1185950447737159683
1185950448097878018
1185950448487993344
1185950448550850560
1185950448718450689
1185950448810889216
1185950448924016640
1185950448940978176
1185950449377124352
1185950449704341506
1185950450094399488
1185950451088461827
1185950451394646017
1185950451566559235
1185950451658870784
1185950452468404224
1185950452615172097
1185950452661346306
1185950453705662466
1185950454137511937
1185950454167101441
1185950454708101125
1185950454712356865
1185950454880096258
1185950455001694209
1185950455375060992
1185950455421116416
1185950455521669122
1185950455916044289
1185950456067043328
1185950456587149312
1185950456918564866
1185950456998182915
1185950457107243008
1185950457287663616
1185950457459597312
1185950457509793793
1185950457971257345
1185950458025656320
1185950458139070471
1185950458419875840
1185950458449399809
1185950459531616263
1185950459845955584
1185950459946647552
1185950460068298752
1185950460462673921
1185950461297385472
1185950461695627264
1185950462148829186
1185950462454812674
1185950462920581120
1185950462920609792
1185950463352549376
1185950463927050240
1185950464271142912
1185950464849993729
1185950464900128768
1185950465525190656
1185950466682904577
1185950466921943040
1185950467248930817
1185950467588648963
1185950467836252160
1185950467890843648
1185950468167610369
1185950468725297152
1185950468910075906
1185950470004793349
1185950470465941504
1185950471715995649
1185950471879610375
1185950472575901698
1185950472991055873
1185950473355956224
1185950473888698371
1185950474681421824
1185950474723192832
1185950474748547072
1185950475230814208
1185950475377676291
1185950475889381379
1185950476371550208
1185950476380053504
1185950476652572672
1185950476715429889
1185950477583900672
1185950477768364032
1185950477864919040
1185950477869031428
1185950478133268481
1185950478510645248
1185950478724546561
1185950478850412544
1185950479014076426
1185950479089651712
1185950479446097920
1185950480280817665
1185950480691654657
1185950480985395202
1185950481199304709
1185950481958555653
1185950482310799360
1185950482822520837
1185950483086630912
1185950483099410432
1185950483166330880
1185950483913084928
1185950485280370688
1185950485343358976
1185950485557272578
1185950485855068161
1185950485985054721
1185950486098333696
1185950486207369218
1185950486333136896
1185950486660182016
1185950486857469953
1185950487171874816
1185950487327035393
1185950487616471043
1185950487738310657
1185950487784251392
1185950487864135680
1185950487989891077
1185950488203812865
1185950488346398726
1185950488543612931
1185950489265000448
1185950489269227521
1185950489864785920
1185950489906679809
1185950490292555776
1185950490703663104
1185950490829426689
1185950491106258946
1185950491727020032
1185950491731222534
1185950491852922881
1185950491919953921
1185950491936772097
1185950492012306433
1185950492410765313
1185950493987790848
1185950494264643584
1185950494709211141
1185950494801514498
1185950495086698501
1185950495107620864
1185950495233445889
1185950495581626369
1185950496001089537
1185950496038817792
1185950496198189056
1185950496936341504
1185950497141706752
1185950498580512769
1185950498584530945
1185950499067043840
1185950499079708672
1185950499104870402
1185950499201306625
1185950499549384706
1185950500052705285
1185950500245704707
1185950500664958977
1185950502674149377
1185950503068487680
1185950503122931712
1185950505962487809
1185950507493277697
1185950508315545603
1185950508420403201
1185950509410205696
1185950509624107014
1185950510316060673
1185950510374883328
1185950510672744458
1185950510765035520
1185950510853115905
1185950510978928643
1185950511528235008
1185950511540985857
1185950511612096513
1185950511830310913
1185950512069447682
1185950512203481089
1185950512291766274
1185950512312651777
1185950512556007427
1185950513076080641
1185950513168343042
1185950514040717312
1185950514673963008
1185950515600867329
1185950515852697601
1185950516335042560
1185950516708200449
1185950517127778304
1185950517270401024
1185950517274533892
1185950517693997057
1185950517958189056
1185950518105034754
1185950518318788609
1185950518545272833
1185950518784319488
1185950519006814211
1185950519124119552
1185950519325614086
1185950519690350592
1185950519828848642
1185950519832928256
1185950520298504192
1185950520428630017
1185950520999137280
1185950521414356993
1185950521988804611
1185950522420805632
1185950522609717249
1185950522655854598
1185950522743898112
1185950524270469122
1185950524278894593
1185950524325203968
1185950524379664386
1185950525168246786
1185950525700923392
1185950525726101506
1185950525788803072
1185950525927448576
1185950526116171777
1185950526913077248
1185950527064104960
1185950527424811009
1185950527689019392
1185950528410308608
1185950528569823232
1185950528741761029
1185950528842416129
1185950530025115649
1185950530381574144
1185950530499203072
1185950530541105153
1185950530612285440
1185950530977390593
1185950531744948232
1185950531770081282
1185950531824619522
1185950531904294913
1185950531912654849
1185950532185313285
1185950532441182208
1185950532600352769
1185950532919185413
1185950533036793857
1185950533129035777
1185950533355540481
1185950533363871750
1185950533510524928
1185950533581975552
1185950533858877440
1185950533867200513
1185950533951066113
1185950534299275264
1185950534496407552
1185950534559244288
1185950534617968640
1185950534823567365
1185950534890639360
1185950535020666880
1185950535305678848
1185950535368744961
1185950535444320256
1185950535549161473
1185950535620296704
1185950536190889984
1185950537478479872
1185950537595916288
1185950537843466247
1185950538455756800
1185950538787180545
1185950538908786688
1185950539089154049
1185950539344990208
1185950539521183752
1185950539848146944
1185950539936387080
1185950540011716609
1185950540104110080
1185950540288712705
1185950540485644288
1185950540603281409
1185950540762636289
1185950540905234432
1185950541093986307
1185950541316329473
1185950541920243717
1185950542222127104
1185950542419365888
1185950542574448640
1185950543090466816
1185950543195394054
1185950543442796544
1185950543946096649
1185950543988043777
1185950544051015680
1185950544181039106
1185950544579432449
1185950544717729792
1185950544990539776
1185950545258799104
1185950545741320200
1185950546055839745
1185950546315726848
1185950546542432256
1185950546647273473
1185950546714337280
1185950547158949889
1185950547171561472
1185950547251204097
1185950547251216385
1185950547834101761
1185950547872026624
1185950547922358272
1185950548018843649
1185950548102733827
1185950548194926593
1185950548341731328
1185950548769550339
1185950549641961472
1185950550321434625
1185950550329872386
1185950550564716549
1185950550610845697
1185950550627631104
1185950550774419456
1185950551248379904
1185950551319535618
1185950551382642693
1185950551781052416
1185950551940448257
1185950552921968640
1185950553177767946
1185950553270095879
1185950553790128128
1185950553966338049
1185950554050224129
1185950554150846465
1185950554754899968
1185950554993893377
1185950555040026628
1185950555228790784
1185950555572789253
1185950555769835520
1185950555790807040
1185950556046671872
1185950556210286592
1185950556629733385
1185950557036396544
1185950557569204224
1185950558785605634
1185950559188193280
1185950559536340994
1185950559737733122
1185950560211623938
1185950561461555200
1185950561503502336
1185950561520308224
1185950561688084480
1185950562052755457
1185950563084722177
1185950563126693891
1185950563487436800
1185950563499986945
1185950563617427457
1185950563894255617
1185950564611481601
1185950564946980865
1185950565064421377
1185950565081276417
1185950565089583105
1185950565286600705
1185950566528229377
1185950566645731329
1185950567983669249
1185950568088510464
1185950568319205377
1185950568906481665
1185950569078366208
1185950569116164096
1185950569355251713
1185950569690796032
1185950570206695431
1185950570403827712
1185950571154624512
1185950571251060738
1185950571871649792
1185950572110852101
1185950572375105547
1185950572580503552
1185950572702306306
1185950572731686914
1185950572857450498
1185950573885100032
1185950574207832066
1185950574321291266
1185950574388350976
1185950574740758529
1185950575264964609
1185950575495655426
1185950576057692160
1185950576137457666
1185950576363786241
1185950576691105793
1185950576938541056
1185950577659961344
1185950577769041920
1185950578121302016
1185950578213560321
1185950578284744707
1185950578616262657
1185950579169857536
1185950579308277760
1185950579606147073
1185950579912302594
1185950580436623361
1185950580595941376
1185950580616957952
1185950580621094912
1185950581166346246
1185950581577392128
1185950581598216193
1185950582034456577
1185950582701514752
1185950582818906112
1185950582936395777
1185950583922003970
1185950584488239109
1185950584723136512
1185950584735707137
1185950585029300229
1185950585062752258
1185950585260040192
1185950585389871105
1185950586245652481
1185950586572853249
1185950587520798722
1185950587545890816
1185950588372242432
1185950588804259841
1185950588829224960
1185950588883877888
1185950588909043712
1185950589991247883
1185950590041501696
1185950590297358336
1185950590511341573
1185950590750339076
1185950590796554241
1185950591056568320
1185950591073173506
1185950591576657921
1185950591736045574
1185950591811502081
1185950591832547330
1185950591945719808
1185950592151240705
1185950592809783296
1185950593040506881
1185950593883525120
1185950594089078784
1185950594089082881
1185950594244194305
1185950594252656641
1185950594277744640
1185950595263488000
1185950595276070913
1185950595364085760
1185950595443617793
1185950596152606721
1185950596299399168
1185950596655828992
1185950597293445120
1185950597926834177
1185950598006530048
1185950598014877696
1185950598358847493
1185950598530777088
1185950598836998144
1185950599298326528
1185950599306792961
1185950599424151552
1185950599512297474
1185950599755505670
1185950599893921793
1185950600091131904
1185950600292458497
1185950600384696323
1185950600393039875
1185950601265463298
1185950601370361857
1185950602095931392
1185950602112712705
1185950602196480000
1185950602473422848
1185950602687385600
1185950602892701698
1185950603597492224
1185950603945611268
1185950604318924801
1185950604344135688
1185950604566249474
1185950604767715328
1185950605145182210
1185950605459820544
1185950606625771521
1185950606734888961
1185950607095615490
1185950607246581760
1185950607355478016
1185950607439478784
1185950607636492289
1185950608114753539
1185950608169136128
1185950608496451584
1185950608953470977
1185950609100431360
1185950609414995969
1185950610174152704
1185950610182430720
1185950610270629890
1185950610887233537
1185950611310874625
1185950611612688385
1185950611709280256
1185950612090830848
1185950612455907328
1185950612527157248
1185950613215105024
1185950613277958145
1185950613462536192
1185950614129233920
1185950614410412032
1185950615018459137
1185950615274438659
1185950615408652288
1185950615555448832
1185950615882485760
1185950617442930689
1185950617640062976
1185950617774235649
1185950618046947328
1185950618172755968
1185950618193661952
1185950620051791873
1185950620060131330
1185950620064219136
1185950620110467074
1185950620387164165
1185950620433485824
1185950621016514560
1185950621247197184
1185950621326856197
1185950621880307712
1185950622241177603
1185950622417326080
1185950622497083392
1185950622748758018
1185950622752923656
1185950622757072898
1185950623075835905
1185950623205875714
1185950623247659015
1185950623360933889
1185950623415459840
1185950623608528897
1185950623704989697
1185950623721607168
1185950623960879104
1185950624078278661
1185950624103456770
1185950624107511809
1185950624174739458
1185950624199991296
1185950624439001089
1185950624824922124
1185950624908824576
1185950624967528448
1185950625072201728
1185950625227509760
1185950625349230594
1185950625596616705
1185950625856720896
1185950626104012800
1185950626406113280
1185950627853156352
1185950628025110528
1185950628054478849
1185950628322803712
1185950628620787712
1185950628813647873
1185950629262438400
1185950629375762434
1185950629862301698
1185950630306861057
1185950630579326976
1185950630948589569
1185950631200198657
1185950631363780614
1185950632550768640
1185950633339359234
1185950633611943941
1185950633649676290
1185950633943326721
1185950634048131073
1185950634245283846
1185950634375352321
1185950634652123136
1185950634681556995
1185950635088207873
1185950635126075393
1185950635176448001
1185950635444846592
1185950635629465600
1185950635658743809
1185950635994292226
1185950636124319746
1185950636141142016
1185950636581494784
1185950636594077696
1185950636870791169
1185950636971454465
1185950636971565059
1185950637206450177
1185950637340745728
1185950637428752385
1185950638297042944
1185950639018401800
1185950639337066497
1185950639743832065
1185950640012320773
1185950640578523136
1185950640670986241
1185950640998100994
1185950641052684288
1185950641161674752
1185950641312518145
1185950641631326208
1185950642390667266
1185950642516348928
1185950642520711168
1185950642738814977
1185950642965106688
1185950643166437376
1185950643934126085
1185950644017995777
1185950644018073601
1185950644114472962
1185950644332417025
1185950644454060032
1185950644785549319
1185950645087559682
1185950645263749121
1185950645368565760
1185950645985169408
1185950646165336064
1185950646421409794
1185950646882594816
1185950646899396608
1185950647142748163
1185950647394414592
1185950647876804610
1185950648480731137
1185950648967270400
1185950649000845315
1185950649197965312
1185950650137485312
1185950650296864768
1185950650573737985
1185950650628296711
1185950651290935305
1185950651471319046
1185950652603785222
1185950652804943873
1185950653170012160
1185950653832667137
1185950654109495298
1185950654138900481
1185950654369415168
1185950654969331712
1185950655044898816
1185950655141289987
1185950655896313857
1185950656072314880
1185950656324161536
1185950656567435264
1185950656881971200
1185950657762586624
1185950658081579014
1185950658165428227
1185950658404462592
1185950658433814529
1185950658480017411
1185950658496815104
1185950659130077185
1185950659419525120
1185950659536814081
1185950659662811136
1185950659771883521
1185950660199628800
1185950660489031681
1185950660589752320
1185950660698738688
1185950660707127303
1185950661550190592
1185950662649102336
1185950662900830208
1185950662976135168
1185950662988881920
1185950663341236224
1185950663433433088
1185950663437627392
1185950663554895872
1185950663722835968
1185950664037416961
1185950664159105024
1185950664377229312
1185950664666599424
1185950664838602754
1185950664976982018
1185950665065013249
1185950665228476416
1185950666256277506
1185950666289827840
1185950666373685248
1185950666390462464
1185950666528702464
1185950666583412736
1185950666864365568
1185950667220901888
1185950667405451264
1185950668886032391
1185950669007548416
1185950669141872640
1185950669183881219
1185950669313728512
1185950669653663745
1185950670056087553
1185950670119194624
1185950670387646465
1185950670433767425
1185950671071334400
1185950671272583174
1185950671390031872
1185950671532630019
1185950671956258817
1185950672421703680
1185950673592094720
1185950673864671233
1185950673898221568
1185950673931821057
1185950674200203264
1185950674242154496
1185950674556637186
1185950674678403072
1185950675005509633
1185950675018096641
1185950675584184320
1185950677471621120
1185950677954117634
1185950678289698816
1185950678444924928
1185950678696386561
1185950678851735552
1185950679136899073
1185950679195705344
1185950680198062083
1185950680244056065
1185950680290385921
1185950680399278082
1185950680411971585
1185950681213128705
1185950681812721665
1185950682085515270
1185950682450288640
1185950683008253954
1185950683046010882
1185950683612307457
1185950683956166657
1185950684065099777
1185950684635684864
1185950684778291202
1185950684841218050
1185950685050875905
1185950685273165826
1185950686263107586
1185950686363705344
1185950686489567232
1185950686913142784
1185950687089303554
1185950687189966850
1185950688184061953
1185950688402169856
1185950688423137282
1185950688532189184
1185950688767021060
1185950689169678336
1185950689282973696
1185950689601544192
1185950690147000320
1185950690411024385
1185950690423824384
1185950690608402439
1185950690859991042
1185950691036151808
1185950691141017601
1185950692533387264
1185950692588097540
1185950692713861120
1185950692952989697
1185950692957151232
1185950692978114560
1185950693783461889
1185950693816983553
1185950694202851335
1185950694299389958
1185950694336937984
1185950694341300226
1185950694991372290
1185950695134027776
1185950695461134336
1185950695477993473
1185950695679234048
1185950695909924864
1185950696342016002
1185950696828481538
1185950696958500865
1185950697046585346
1185950697113735169
1185950698246160387
1185950698627842048
1185950699705851906
1185950699831648256
1185950699881992194
1185950699961704451
1185950700078952448
1185950700293033985
1185950700338991104
1185950700380930048
1185950700435574784
1185950700582379521
1185950700943138816
1185950701056331776
1185950702067208192
1185950702318817282
1185950702838964226
1185950703505887233
1185950703572807686
1185950704231505921
1185950704285798400
1185950704327974913
1185950705003175939
1185950705040805889
1185950705187786759
1185950705896607744
1185950705926000640
1185950706643193856
1185950706748014593
1185950706907271172
1185950707221958659
1185950707372974080
1185950707666608128
1185950707805032449
1185950708128010243
1185950708442382336
1185950708962484224
1185950709063323650
1185950709222707201
1185950709281366018
1185950709587632130
1185950709688213510
1185950710921228288
1185950710980120585
1185950711378526209
1185950711445479424
1185950711567257600
1185950712087363585
1185950712569700352
1185950712632619008
1185950712645206016
1185950712829751307
1185950712938680320
1185950713362419712
1185950713526001665
1185950713567993857
1185950713807036417
1185950714356477953
1185950714406813696
1185950714817855488
1185950715518373889
1185950715870498816
1185950715900022785
1185950717304963072
1185950717556744192
1185950717619691520
1185950717821050880
1185950718169100288
1185950718269837315
1185950718299123715
1185950718693392384
1185950718907371520
1185950718915682305
1185950719070932994
1185950719217676289
1185950719934902279
1185950720224366593
1185950720572493826
1185950720790585346
1185950721222610946
1185950721234984960
1185950721621016577
1185950721662799872
1185950721746919424
1185950721805565954
1185950722342436864
1185950722506051584
1185950722694832128
1185950722929639431
1185950723370037249
1185950723378466818
1185950723705470977
1185950724414496770
1185950724628332552
1185950724657733633
1185950724750036992
1185950724821344256
1185950724951293954
1185950725106491392
1185950725165088768
1185950726041808898
1185950726272569350
1185950727627145218
1185950727878926336
1185950728008790017
1185950728503865345
1185950728709263360
1185950729183420417
1185950729267220480
1185950729267273729
1185950729367949312
1185950729414086656
1185950729481195520
1185950729615347712
1185950729791508481
1185950730236190720
1185950730504589312
1185950730810621953
1185950731234402306
1185950731775434753
1185950732031275009
1185950732081610752
1185950732345839616
1185950732375212032
1185950732446515200
1185950733004394496
1185950733352538115
1185950733549613056
1185950733901926400
1185950733994250242
1185950734103306240
1185950734338154497
1185950734954709002
1185950734975754241
1185950735713886209
1185950735986503686
1185950736011517952
1185950736556920833
1185950737030877184
1185950737056129024
1185950737521676288
1185950737890758662
1185950738133831681
1185950738469535744
1185950738733817856
1185950739274911744
1185950739631198208
1185950739736252416
1185950739924832257
1185950740680007681
1185950740780437504
1185950740910694408
1185950741221040128
1185950741334245379
1185950741539835910
1185950741560737792
1185950741569163267
1185950741590097921
1185950742655504386
1185950742760300545
1185950742798094339
1185950742974058496
1185950743183941632
1185950743192309760
1185950743574077440
1185950743746011138
1185950743766929408
1185950744035430401
1185950744282849281
1185950745323024386
1185950745704779778
1185950745989910528
1185950746438709248
1185950746447171587
1185950746484719616
1185950746547834880
1185950746614865920
1185950747315195904
1185950747424448513
1185950748204584966
1185950748674265089
1185950748980502530
1185950749018284032
1185950749253087232
1185950749307604993
1185950749315993601
1185950749618049030
1185950749659979776
1185950749735424001
1185950749764866049
1185950750121353219
1185950750171717635
1185950750276493313
1185950750997909507
1185950751455154177
1185950752008749056
1185950752709074945
1185950752717582337
1185950753095127040
1185950753673928709
1185950753774624771
1185950753803898880
1185950753967329282
1185950754089177093
1185950754336575488
1185950754483265536
1185950755058008064
1185950755141947392
1185950755167100928
1185950755800453120
1185950755833835520
1185950756026961921
1185950756249178112
1185950756421005312
1185950756467200000
1185950756702244865
1185950756794449920
1185950756907749376
1185950756957872128
1185950756970459136
1185950756970483713
1185950757452943362
1185950757507473409
1185950757645889537
1185950757692100609
1185950758002483200
1185950758304391169
1185950758379937792
1185950758602043398
1185950758723899398
1185950759260696576
1185950759323602944
1185950759344623617
1185950759768285187
1185950760124764160
1185950760200294400
1185950760456065024
1185950760468668416
1185950760623849473
1185950760971984897
1185950761114652673
1185950761127235584
1185950761299173376
1185950761512914944
1185950761622085632
1185950761685082112
1185950761714421760
1185950761718632448
1185950761773088768
1185950761894604800
1185950762096103425
1185950762251112450
1185950762431647744
1185950762830127114
1185950762930786306
1185950763052232705
1185950763282923522
1185950763283091456
1185950763568099328
1185950763585019904
1185950763996110848
1185950764142907394
1185950764163895296
1185950764478484480
1185950764503465990
1185950764755234817
1185950764864278529
1185950764973379584
1185950765044641792
1185950765065625601
1185950765103366150
1185950765115957249
1185950765258424320
1185950765355012098
1185950765757501440
1185950765782843392
1185950765824827392
1185950766097403906
1185950766575566848
1185950766634323968
1185950766663700480
1185950766735024128
1185950766797905920
1185950766814650368
1185950767116632065
1185950767909351424
1185950768529989632
1185950768752406528
1185950769239023618
1185950769415184391
1185950769616506880
1185950769658286082
1185950769662574592
1185950769700392960
1185950769914302464
1185950770186936328
1185950770539192322
1185950770581123073
1185950771646365696
1185950771742937089
1185950771742986242
1185950772086951936
1185950772237754369
1185950772527321089
1185950772535681025
1185950772661383168
1185950773571706880
1185950774657990656
1185950774733496320
1185950774825758721
1185950775144566784
1185950775681470464
1185950775744159744
1185950775920300032
1185950775975010305
1185950776037908481
1185950776574857216
1185950776830636035
1185950776948068352
1185950776998449154
1185950777178759177
1185950777308844034
1185950777329750016
1185950777573068800
1185950777694658561
1185950777795215362
1185950777958903808
1185950777971560454
1185950778323812352
1185950778328047617
1185950778520944645
1185950778743230466
1185950779041038337
1185950779288489984
1185950779326251008
1185950779473047553
1185950779519262722
1185950779682836480
1185950779720523780
1185950779787632640
1185950779833749504
1185950780483870720
1185950780563570688
1185950781083656200
1185950781138190342
1185950781461143552
1185950781486391298
1185950781662474241
1185950781746352133
1185950781847023619
1185950781935116288
1185950782190997504
1185950782262145024
1185950782321025024
1185950782337757187
1185950782375415809
1185950782954192897
1185950783046443008
1185950783126114305
1185950783138865152
1185950783226834945
1185950783512162304
1185950783541432321
1185950783554146305
1185950783621292032
1185950784086855681
1185950784170659840
1185950784409616385
1185950784703401985
1185950784967659520
1185950785516883969
1185950785714249736
1185950785802264576
1185950785860976641
1185950785978454016
1185950786074959873
1185950786389458944
1185950786464952326
1185950786477535233
1185950786515329025
1185950786661933056
1185950786737627137
1185950786771136512
1185950786993446912
1185950787320668161
1185950787391938560
1185950787693731840
1185950787848982529
1185950787949748226
1185950787983302656
1185950788046249988
1185950788176302080
1185950788553756672
1185950788557787138
1185950788620828673
1185950788625018884
1185950788641787905
1185950788683780099
1185950788700508161
1185950788708978689
1185950788776091649
1185950788805365760
1185950788935475200
1185950788989927426
1185950789082202114
1185950789161930752
1185950789384069121
1185950789560426497
1185950789656862723
1185950789677867010
1185950789702950912
1185950790021632001
1185950790030184455
1185950790176796674
1185950790181101581
1185950790193700866
1185950790416044033
1185950790466363394
1185950790713794560
1185950790718050306
1185950790764023808
1185950790843809792
1185950790898212864
1185950790915121153
1185950790998990848
1185950791099670529
1185950791233753089
1185950791271682055
1185950791732875264
1185950791967924226
1185950791984730112
1185950792051810306
1185950792177598465
1185950792446087169
1185950792823529473
1185950792831979520
1185950792873861120
1185950792886427649
1185950792957730821
1185950792970362880
1185950793083568128
1185950793427349504
1185950793754505216
1185950793859584000
1185950793918308353
1185950794207694848
1185950794257797122
1185950794320756737
1185950794471919616
1185950794497089537
1185950794635530240
1185950794681589762
1185950794794913793
1185950794983624706
1185950795503525888
1185950795545698307
1185950795566596099
1185950795927306243
1185950795977637889
1185950796048822272
1185950796212510720
1185950796334206978
1185950796363550721
1185950796447387649
1185950796505993217
1185950796535488514
1185950796585693184
1185950796632002560
1185950796833284098
1185950796917149697
1185950797051432961
1185950797118525441
1185950797361754112
1185950797378588674
1185950797416161280
1185950797562961921
1185950797596639232
1185950797600833536
1185950797667942401
1185950797734932485
1185950798045437955
1185950798049697794
1185950798074798080
1185950798078824454
1185950798175461376
1185950798506627073
1185950798662066189
1185950798884290561
1185950798930415616
1185950798959841280
1185950799056244738
1185950799102386178
1185950799182094340
1185950799186354178
1185950799559479297
1185950799580614657
1185950799656042497
1185950799735734273
1185950799760936960
1185950799983206401
1185950800004210689
1185950800092246023
1185950800113295361
1185950800297840641
1185950800473927680
1185950800494899201
1185950800826322945
1185950800851292160
1185950800851456000
1185950800998227974
1185950801140834304
1185950801212203009
1185950801308672000
1185950801421717504
1185950801560096769
1185950801589653509
1185950801694474240
1185950801744793601
1185950801816150017
1185950801853927424
1185950801866432515
1185950801983934466
1185950801996455936
1185950802059366400
1185950802080219137
1185950802218754054
1185950802264891397
1185950802386530304
1185950802449448960
1185950802461880320
1185950802499624960
1185950802503815168
1185950802516430854
1185950802541797376
1185950802625605635
1185950802801766405
1185950802977816577
