1185967915847344128
1185967915956363265
1185967916316950528
1185967916656648192
1185967916669427717
1185967917093085184
1185967917134991360
1185967917550186497
1185967917604757505
1185967917747322880
1185967917906776070
1185967919085297666
1185967919446052867
1185967919890685953
1185967919953518592
1185967920007921665
1185967920725151745
1185967920729513990
1185967920901320704
1185967920989519872
1185967921350221831
1185967921450889221
1185967921668984833
1185967921702543360
1185967921765466114
1185967921874518017
1185967921899753473
1185967922096656384
1185967922356903936
1185967922725806080
1185967923065774082
1185967923162210305
1185967923174637568
1185967923514482688
1185967923636195331
1185967923715665920
1185967923984134144
1185967924777013248
1185967924785360896
1185967926592978944
1185967926668599296
1185967926773460993
1185967927234723841
1185967927415246848
1185967927490686976
1185967927515865089
1185967927536865280
1185967927800938496
1185967928115712001
1185967928837058560
1185967928920985601
1185967929873043458
1185967930061680640
1185967930191646720
1185967930724487171
1185967930921631744
1185967930942611456
1185967931672453120
1185967932511309825
1185967932863582208
1185967933035401217
1185967933102678018
1185967933115244545
1185967933127905282
1185967933165592576
1185967933589053440
1185967933694136321
1185967933798924290
1185967933987540993
1185967934176403456
1185967934516142082
1185967934583140353
1185967935065444352
1185967935237640194
1185967935564595201
1185967936147607552
1185967936839700480
1185967936940494848
1185967937154441216
1185967937456394240
1185967937531740160
1185967937879863297
1185967937879982080
1185967937976451073
1185967938005803009
1185967938312032256
1185967938588827650
1185967938941136898
1185967939041812484
1185967939360415749
1185967940014923776
1185967940564377600
1185967940581101573
1185967941025779718
1185967941126258688
1185967941508050945
1185967941671673857
1185967942082662400
1185967942187585538
1185967942208372736
1185967943169007617
1185967943324241921
1185967943550681088
1185967943722721282
1185967943852666881
1185967943886217217
1185967943894462464
1185967944079040512
1185967944246804480
1185967944330821632
1185967945031143424
1185967945190723585
1185967945328947200
1185967945630941185
1185967945639325696
1185967945853202432
1185967945878573056
1185967947057119232
1185967947308785664
1185967948177051649
1185967948248371206
1185967948260954113
1185967948294492160
1185967948374122496
1185967948462206977
1185967948499841025
1185967948592234496
1185967948659384322
1185967948797829122
1185967949149945856
1185967949204611077
1185967949707919360
1185967950446153730
1185967950857043968
1185967950999613440
1185967951079362560
1185967951175979015
1185967951230521345
1185967952320978946
1185967953117962241
1185967953553973248
1185967953730248704
1185967954447482886
1185967954686627841
1185967954741080068
1185967954862542848
1185967954942291968
1185967955504521217
1185967956578177026
1185967956662063106
1185967956922003456
1185967957106745345
1185967957140295680
1185967957316235265
1185967958188642304
1185967958625062912
1185967958654361606
1185967958863933440
1185967959451287555
1185967959455490048
1185967959472132096
1185967959489028097
1185967960009138177
1185967960285962242
1185967960680218630
1185967960852238337
1185967961015635968
1185967961284198401
1185967961452007425
1185967961669951489
1185967961812549632
1185967962290900993
1185967962357932032
1185967962437668865
1185967962475229184
1185967962764828674
1185967962936750087
1185967963339255808
1185967963402194944
1185967963419099137
1185967963490402304
1185967963503054853
1185967963679141893
1185967963951767552
1185967964295716864
1185967964522045440
1185967964631289856
1185967965239480320
1185967965725974528
1185967966023815169
1185967966074134528
1185967966103527424
1185967966115942400
1185967966153654272
1185967966552244224
1185967966866886656
1185967967017848832
1185967967907057669
1185967969291132928
1185967969295167488
1185967969446301696
1185967970016579584
1185967970146754560
1185967970343968768
1185967970432049157
1185967970755010560
1185967971329597440
1185967971648376832
1185967972109705218
1185967972176801794
1185967972705341441
1185967972973604865
1185967973351084032
1185967973644881920
1185967974512857089
1185967974622076928
1185967975129632769
1185967975360282624
1185967976459198466
1185967976538918912
1185967977444732928
1185967977520193536
1185967978141114368
1185967978317090816
1185967978405416961
1185967978774515712
1185967978854174720
1185967979290189824
1185967979890200576
1185967980007571458
1185967980334735361
1185967980850470913
1185967981194555394
1185967981584510976
1185967981643190273
1185967981924356097
1185967982142345216
1185967982327074816
1185967982704545794
1185967982759108608
1185967982952009735
1185967983174266881
1185967984101220352
1185967984982089728
1185967985221083143
1185967985292386312
1185967985325936642
1185967985472589825
1185967985636364288
1185967986403872770
1185967987171442688
1185967987188219904
1185967987565703168
1185967987620286465
1185967987649581056
1185967987913715713
1185967988266156033
1185967988295516160
1185967988454940675
1185967988685426688
1185967988702208000
1185967988723204097
1185967988727529472
1185967988928851974
1185967989050564608
1185967989247528960
1185967989289406464
1185967990065586178
1185967990761590784
1185967991353204736
1185967991982153730
1185967992787460096
1185967992917639168
1185967993257369600
1185967993739763717
1185967994113052672
1185967994368864256
1185967994469605378
1185967995366993920
1185967996059168768
1185967996381958144
1185967996499451906
1185967996696576000
1185967996998574080
1185967997233573888
1185967997334110208
1185967997522825216
1185967997703327744
1185967998261170178
1185967998361853955
1185967998466543617
1185967999012016128
1185967999548706816
1185967999741620224
1185968000253513728
1185968000312041472
1185968000765222912
1185968001566294021
1185968001834573824
1185968001989799936
1185968002044321792
1185968002673598464
1185968003311198210
1185968003973705728
1185968004066091008
1185968004821073926
1185968004946898944
1185968004997308416
1185968005244698624
1185968005852942336
1185968006024720385
1185968006444322818
1185968007073415168
1185968007304138752
1185968007341846528
1185968007698374657
1185968008004558849
1185968009640382464
1185968009908633600
1185968010051358720
1185968010370011143
1185968010424717312
1185968010567311361
1185968011318046720
1185968012001599488
1185968012136009730
1185968012324532225
1185968012559634435
1185968013020938241
1185968013452820481
1185968013486329856
1185968013683634184
1185968014707089408
1185968014874689537
1185968014954512384
1185968015109701633
1185968015294320640
1185968015738834947
1185968015835201536
1185968016200208386
1185968016204283904
1185968016250589185
1185968016342900737
1185968016393039872
1185968016791605249
1185968016862769152
1185968017034764288
1185968017177493505
1185968017345273858
1185968017454354433
1185968017731194883
1185968017898987520
1185968018368516097
1185968018742005761
1185968018767007744
1185968019102556161
1185968019174019072
1185968019790618630
1185968020163715072
1185968020255961088
1185968020407115778
1185968021325500416
1185968021459918853
1185968021531029505
1185968023565414400
1185968023699705856
1185968023905226752
1185968023972339712
1185968023989035008
1185968024186249219
1185968024404271104
1185968024760832001
1185968024999870464
1185968025217847296
1185968025415147522
1185968025541009412
1185968026073452544
1185968026077630464
1185968026191126528
1185968026409209856
1185968026589552642
1185968026698440704
1185968026954489856
1185968027327746051
1185968027843682304
1185968028120506368
1185968028858626049
1185968029034860546
1185968029332627462
1185968029395496961
1185968029479227394
1185968029592457217
1185968029638844416
1185968029823361025
1185968029944950786
1185968029982609408
1185968030024638464
1185968030091751425
1185968030095949825
1185968030632873985
1185968031308095490
1185968031844982786
1185968031861628928
1185968032163815430
1185968032268587008
1185968032549670912
1185968032889393157
1185968033061318657
1185968033191387137
1185968033308782594
1185968033430298624
1185968033661104128
1185968033841532928
1185968033984143361
1185968034088914944
1185968034143461376
1185968034877493251
1185968035703742467
1185968035875700736
1185968036420960256
1185968036618084352
1185968036718764032
1185968037377257473
1185968037477793794
1185968037884825600
1185968037951750145
1185968038606229506
1185968038983553024
1185968039067635712
1185968039528783872
1185968039579258880
1185968039914868737
1185968040397160451
1185968040544014336
1185968040711770113
1185968041462513664
1185968041567277056
1185968041571635201
1185968041709969410
1185968041823096833
1185968041986793472
1185968042158755840
1185968042393489409
1185968042397716480
1185968043140108288
1185968044046196737
1185968044390019072
1185968045216456710
1185968045661085696
1185968045757468675
1185968045824585730
1185968046080479232
1185968046755721217
1185968046894022656
1185968047208595457
1185968047355502592
1185968047393132544
1185968047661682691
1185968047825342464
1185968048571703297
1185968048748027904
1185968049473622016
1185968049679142913
1185968050115432450
1185968050346090496
1185968050446712835
1185968050505338880
1185968051050684417
1185968051201728513
1185968051658936320
1185968051784564738
1185968052023615488
1185968052224983040
1185968052237529088
1185968052573233152
1185968052858474498
1185968052887838726
1185968053776982016
1185968054737354752
1185968054972375042
1185968055240843264
1185968055488303105
1185968055764971520
1185968056285192192
1185968057241559040
1185968057677684740
1185968057900027904
1185968057958703106
1185968058088620032
1185968058176856067
1185968058277384192
1185968058311086083
1185968058579312642
1185968058793218049
1185968059091210243
1185968059133104134
1185968059208687617
1185968059678261249
1185968060588548096
1185968060747919360
1185968060886409216
1185968061741854720
1185968062018682880
1185968062027227139
1185968062287114240
1185968062463385609
1185968063025270787
1185968063130275840
1185968063159529473
1185968063365013504
1185968063411380225
1185968063486627843
1185968063604121601
1185968063897882624
1185968065302978563
1185968066628214785
1185968067152666625
1185968067286843403
1185968067588874240
1185968067886669824
1185968067999944704
1185968068008304641
1185968068121518080
1185968068461285377
1185968068750528512
1185968069073502208
1185968069220290565
1185968069530832896
1185968070164131845
1185968071036542976
1185968071334232064
1185968072026476546
1185968072202444800
1185968072466817024
1185968073045676037
1185968073506873344
1185968074278821888
1185968074324893697
1185968075079913474
1185968075209875459
1185968075318808576
1185968075809677312
1185968076128505856
1185968076266856448
1185968076346527746
1185968076686348288
1185968077164482560
1185968077495660549
1185968077520941056
1185968077567070208
1185968078267539459
1185968078900908033
1185968078926045184
1185968079567753216
1185968079743832065
1185968080146571269
1185968080368930816
1185968080582656000
1185968080763015169
1185968080951758848
1185968081979338753
1185968082172416000
1185968082176675841
1185968082298294272
1185968082415738889
1185968083384578048
1185968083653091334
1185968083942412289
1185968083988549634
1185968084022185984
1185968084114378753
1185968084189962245
1185968084269654017
1185968085095927809
1185968085213167616
1185968085322338306
1185968085792153607
1185968085854912512
1185968086182088705
1185968086417063939
1185968086626770948
1185968087398531072
1185968087587266561
1185968087645872128
1185968087683739649
1185968087901900800
1185968088618942465
1185968088950423552
1185968089290043392
1185968090040983553
1185968090258931712
1185968090372173825
1185968090485538822
1185968090707677185
1185968091005624320
1185968091290841089
1185968091391504386
1185968093178126336
1185968093207633920
1185968093811691523
1185968094440767488
1185968094591770627
1185968094595801088
1185968095275487232
1185968095799795713
1185968095820701696
1185968096307077120
1185968096508555264
1185968096814739456
1185968096928026635
1185968097468940290
1185968097963855872
1185968098182156288
1185968098295402496
1185968098303758336
1185968098538598400
1185968098777718785
1185968098970615808
1185968099067080707
1185968099209539584
1185968099239120896
1185968099880620032
1185968100287451136
1185968100291813376
1185968100367392768
1185968100384169990
1185968100790792192
1185968101055066112
1185968101810167811
1185968102330245121
1185968102842032129
1185968102854381569
1185968103638949889
1185968103995215874
1185968104016240640
1185968105715048448
1185968105899614209
1185968106272776192
1185968106377601025
1185968107254435840
1185968107858333699
1185968107912712192
1185968108319600640
1185968109011787776
1185968109150199809
1185968109154291712
1185968109523521538
1185968109594796032
1185968110014291968
1185968111024893952
1185968111029280769
1185968111071178753
1185968111918440454
1185968112505643011
1185968113164025856
1185968113982083072
1185968113994457088
1185968114128703488
1185968114430828547
1185968114477010944
1185968114527330306
1185968114808295426
1185968114888007683
1185968115030646787
1185968116074975237
1185968116230176768
1185968116494458880
1185968116800602118
1185968117643726848
1185968117853409286
1185968117853446147
1185968118021152774
1185968118037798912
1185968118067154944
1185968119128436736
1185968119241678848
1185968119371751424
1185968119489019905
1185968119510118400
1185968119807991808
1185968120370008069
1185968120445444099
1185968120671985665
1185968121405984769
1185968122211250176
1185968123234672641
1185968123784105986
1185968123867992064
1185968124052594690
1185968124178419713
1185968124249677825
1185968124601880577
1185968125080002560
1185968125428338688
1185968125453438978
1185968126590099462
1185968126774726657
1185968127424770049
1185968127479123968
1185968128028577792
1185968128250925061
1185968128322424832
1185968128326434816
1185968128548835328
1185968128704032775
1185968129253531650
1185968129651986434
1185968129815564289
1185968130230800386
1185968130251804673
1185968130515972099
1185968130520223744
1185968130713104385
1185968130985611269
1185968131052900352
1185968131069509632
1185968131090587652
1185968131228856322
1185968131291746304
1185968131447099395
1185968131988164610
1185968131996438528
1185968132046934016
1185968132181110785
1185968132281847809
1185968132558442496
1185968132990464001
1185968133049409546
1185968133150035968
1185968133372170240
1185968133636608002
1185968133779025920
1185968133837934592
1185968134177656832
1185968134861156354
1185968134886289408
1185968134949392386
1185968135679041537
1185968135909924872
1185968136270467072
1185968136404774920
1185968136849444865
1185968137029738497
1185968137231048709
1185968137642151936
1185968137843478529
1185968138636189696
1185968138661158912
1185968138686361600
1185968140221648896
1185968140234231809
1185968140267577344
1185968140414533632
1185968140439769088
1185968140506808321
1185968140901060609
1185968141026893825
1185968141056106496
1185968141169577984
1185968141475540993
1185968141526061058
1185968141702225920
1185968141995859968
1185968142205554692
1185968143187042305
1185968143233011712
1185968143346233345
1185968143363166208
1185968143744688128
1185968143895801856
1185968144143257600
1185968144210370561
1185968144449441792
1185968144600449024
1185968144613085189
1185968144734707713
1185968145153978368
1185968145233862659
1185968145749532673
1185968145921650688
1185968146701676544
1185968147498700800
1185968147591028736
1185968147930800135
1185968147980943361
1185968148031258624
1185968148228395008
1185968148312399872
1185968148350164994
1185968148689948673
1185968148748607489
1185968149130285056
1185968149151092736
1185968149369442304
1185968149386186752
1185968149897924608
1185968149965033477
1185968150606729217
1185968150615080962
1185968150975639553
1185968151042899975
1185968151319724034
1185968151336538112
1185968151458144256
1185968152586403841
1185968152816939008
1185968153127337984
1185968153286844416
1185968153383362566
1185968153391583232
1185968153806987266
1185968153945202693
1185968154046021632
1185968154444324864
1185968154494656512
1185968154813579264
1185968154817642496
1185968154964643840
1185968154981421058
1185968155207917573
1185968155526610944
1185968156013027328
1185968156201902080
1185968156537307137
1185968156701069316
1185968156965130240
1185968157921599489
1185968158261284866
1185968158428909568
1185968158496059392
1185968158672379904
1185968159003557890
1185968159192301568
1185968159574151168
1185968159679041537
1185968159880175616
1185968160106614784
1185968160266018816
1185968160547041280
1185968161478213633
1185968161729986561
1185968161851621381
1185968162367401984
1185968163210649600
1185968164187889664
1185968164187901952
1185968164397572096
1185968164590501896
1185968164661653510
1185968166666756097
1185968166717009928
1185968166758998018
1185968167337811970
1185968168055037953
1185968168843513860
1185968168969424897
1185968169241862144
1185968169321558017
1185968169376243713
1185968169711742976
1185968170055720963
1185968170101825537
1185968170210877445
1185968170550677504
1185968171322396672
1185968171892838402
1185968172572332033
1185968172702273537
1185968172962340864
1185968173171896321
1185968173180489728
1185968173453074440
1185968173566152704
1185968173746708482
1185968173843177473
1185968173897658369
1185968174006702085
1185968174220492801
1185968175126667264
1185968176405864450
1185968176426815489
1185968176527527936
1185968177059991552
1185968178301734913
1185968178309976064
1185968178393956354
1185968178423369728
1185968178633039874
1185968178645499904
1185968178918236161
1185968178943397888
1185968179501076481
1185968180096851972
1185968180180553728
1185968180461744131
1185968180478402561
1185968180814123015
1185968181044629505
1185968181069963264
1185968181510397952
1185968181996916742
1185968182051213312
1185968182198243329
1185968182550360064
1185968182688763904
1185968182978330624
1185968183976644608
1185968183980769280
1185968184018571266
1185968184299421697
1185968184614117376
1185968184760905728
1185968184966504449
1185968185192996864
1185968185205547010
1185968186488811520
1185968186514169856
1185968186652389376
1185968187357069317
1185968187499778057
1185968188636332032
1185968188724371457
1185968189177507841
1185968189936529410
1185968190465200136
1185968190871879680
1185968191396175872
1185968191501230085
1185968191761244162
1185968192063041536
1185968192092545036
1185968192130297858
1185968192251924480
1185968193006981122
1185968193468108805
1185968193757691905
1185968193988366337
1185968194864869376
1185968195099709440
1185968195431063552
1185968195514978304
1185968195573878786
1185968195636563968
1185968195729088513
1185968195779338240
1185968195993079808
1185968196710473732
1185968196941045761
1185968197163315201
1185968197280903170
1185968198308503553
1185968198342103042
1185968198501457924
1185968198556045313
1185968198677479424
1185968199184945152
1185968200166658049
1185968200401469441
1185968200502005760
1185968201391321088
1185968202540605442
1185968202641215488
1185968203484352513
1185968204679729155
1185968205153689600
1185968205161996296
1185968205396893697
1185968205766053888
1185968206214770693
1185968206235787264
1185968206822989824
1185968206948847617
1185968207863209984
1185968208257454080
1185968208404271105
1185968208714579969
1185968208798347264
1185968209318428672
1185968209717088258
1185968210576846853
1185968211457724425
1185968211574935552
1185968211663183872
1185968211990372353
1185968212061622272
1185968212141367296
1185968212875210753
1185968212896309248
1185968212963397634
1185968213567262720
1185968213730873344
1185968213982502913
1185968214116917251
1185968214288715776
1185968214519496706
1185968214708293640
1185968215312228352
1185968215450685442
1185968215656226817
1185968216092352514
1185968216230621184
1185968216339865601
1185968216797073413
1185968217577021440
1185968218185371648
1185968218738974722
1185968218801729537
1185968219044995072
1185968219091341313
1185968219137310720
1185968219346964480
1185968219808522240
1185968220689387521
1185968221188440071
1185968221368672257
1185968221532217344
1185968221595361282
1185968221641248768
1185968222161518593
1185968222534717442
1185968223750983681
1185968224313270273
1185968224330010625
1185968224434831361
1185968225420566533
1185968225466470401
1185968225546375176
1185968225911132160
1185968225923801090
1185968225932103680
1185968227093889025
1185968227433644032
1185968227488321537
1185968227651858433
1185968227752513536
1185968228461203456
1185968228469751810
1185968228490760192
1185968228746567680
1185968229275099137
1185968229455421446
1185968230243995650
1185968230550007809
1185968230805864449
1185968231372247040
1185968231841980416
1185968231997231108
1185968232311619584
1185968232479547393
1185968232659853315
1185968233242710018
1185968233251258371
1185968233486209025
1185968234698366977
1185968234933215232
1185968236304785408
1185968236459941893
1185968237462380544
1185968237525254147
1185968237789564928
1185968237814734848
1185968239186235392
1185968239786037249
1185968240041873409
1185968240251547654
1185968241404858368
1185968241513861120
1185968241618767872
1185968241996419072
1185968242432581633
1185968242906615815
1185968242910625792
1185968243187449856
1185968243619454977
1185968243749601281
1185968243778953217
1185968243938332672
1185968244328411136
1185968244777193473
1185968245246840832
1185968245855027200
1185968246744322049
1185968246853373952
1185968246983286786
1185968247000010752
1185968247096643584
1185968247478337537
1185968248451416064
1185968248686297091
1185968249592135680
1185968249919295488
1185968250137534465
1185968250456367106
1185968250552647680
1185968250745737218
1185968250959650816
1185968251009847297
1185968251588808704
1185968252155039750
1185968252675149825
1185968253086027776
1185968253115518976
1185968253870342144
1185968253891276801
1185968254436532224
1185968254944239620
1185968254956777472
1185968255460089857
1185968256248700930
1185968256437366786
1185968256458338307
1185968257200558080
1185968257372692481
1185968258240929792
1185968258450710529
1185968258530201600
1185968258580500480
1185968259293761543
1185968259851542529
1185968259876696064
1185968261155954688
1185968261730578432
1185968262078763008
1185968262313631746
1185968262900834305
1185968262909177858
1185968262976167936
1185968263357980674
1185968263571787777
1185968264259788801
1185968264880496640
1185968265010536448
1185968265044135936
1185968265316720641
1185968265413177344
1185968265648070658
1185968265668857856
1185968265681440770
1185968265790705670
1185968266939977728
1185968268131127298
1185968268168880134
1185968268202381312
1185968269104050177
1185968269510864896
1185968269741547526
1185968270710435841
1185968271960559617
1185968273239805957
1185968274066030592
1185968274124791809
1185968274204479489
1185968274338713600
1185968275085246466
1185968275110400002
1185968275340972032
1185968276259704834
1185968276796366848
1185968276800753665
1185968277106974725
1185968277719261184
1185968277744340992
1185968278625226755
1185968279682043904
1185968280256815106
1185968280491778048
1185968280705650688
1185968281330450434
1185968281682735109
1185968281930256384
1185968282135871497
1185968282320289792
1185968282794377217
1185968282823745538
1185968283050217472
1185968283155075072
1185968283415207937
1185968283461267463
1185968283482279941
1185968283520028673
1185968284245659648
1185968284341899264
1185968284627111936
1185968285424111616
1185968285629767684
1185968286074376193
1185968286254673920
1185968286749474817
1185968287408164864
1185968287693398016
1185968287705784320
1185968287743729668
1185968288154546176
1185968288309895181
1185968288859185152
1185968289140236291
1185968289337483265
1185968289446551552
1185968289475780608
1185968289685606400
1185968289979228160
1185968290218364928
1185968290444775426
1185968291178782720
1185968292021854211
1185968292474736641
1185968292537753602
1185968292873330691
1185968293028552705
1185968293351477249
1185968293414391809
1185968294085484545
1185968295461228544
1185968295511506944
1185968295654187011
1185968295809146880
1185968296148910082
1185968296149028865
1185968296157437956
1185968296484577281
1185968296618803202
1185968296975224832
1185968296975310849
1185968297096835072
1185968297105383427
1185968297235238912
1185968297570906112
1185968297659064324
1185968297898053637
1185968298099462144
1185968298975989761
1185968299248631808
1185968299374497793
1185968299978285056
1185968300171255809
1185968300939010048
1185968300997664769
1185968301370937346
1185968301626871808
1185968302528458753
1185968302671175680
1185968302776078337
1185968302784483328
1185968302893363200
1185968303665287169
1185968304059539457
1185968304533495808
1185968304894218240
1185968305158479872
1185968305586233346
1185968305724633088
1185968305774837760
1185968305783427073
1185968306185854976
1185968306764664832
1185968306798370816
1185968307259740161
1185968307720970240
1185968308001992704
1185968308182491138
1185968308346130434
1185968308606124037
1185968308719407104
1185968308878761985
1185968309029654528
1185968309079928833
1185968309159768064
1185968309323358209
1185968310124462081
1185968310166441985
1185968310770372608
1185968310875283457
1185968311177224192
1185968311474876416
1185968311647002624
1185968312422817792
1185968312532062211
1185968312959807488
1185968313051967488
1185968313114886144
1185968313379311617
1185968313769353224
1185968314364956677
1185968314784370688
1185968314876596225
1185968315052654592
1185968315317084160
1185968315409326081
1185968316097019904
1185968316923424770
1185968317204320256
1185968317317533696
1185968317325930497
1185968318689071104
1185968319360389121
1185968319494524931
1185968319612051459
1185968319632822272
1185968319871848448
1185968320291299334
1185968320786382850
1185968321289568256
1185968321595727872
1185968321956630529
1185968322195513346
1185968322216714241
1185968322300522497
1185968322774478849
1185968323193913344
1185968323466543106
1185968324531896320
1185968324829728769
1185968324934434816
1185968325278535682
1185968325551165441
1185968326998142976
1185968327396679682
1185968327920881664
1185968328101302272
1185968328323452928
1185968328415813632
1185968328566890502
1185968328600215557
1185968328700940288
1185968328961073152
1185968329133101060
1185968329388900353
1185968329489616896
1185968330043252739
1185968330684977152
1185968330764627968
1185968331364491264
1185968332610199553
1185968332781932544
1185968333335621632
1185968334103285764
1185968334916984843
1185968335068041222
1185968335252529152
1185968335369822209
1185968335390986241
1185968335495802880
1185968336733126656
1185968336779259908
1185968338020765702
1185968338553442306
1185968338599632897
1185968339715268612
1185968340331892736
1185968340403130368
1185968340591874051
1185968341128810496
1185968341216825345
1185968341749514241
1185968341942460417
1185968342055772164
1185968342697304064
1185968342726692864
1185968342928150528
1185968343234183169
1185968343926358022
1185968344190586883
1185968344333201412
1185968344349978624
1185968344513552384
1185968344584851458
1185968344978976768
1185968345285353474
1185968345436344322
1185968345587310597
1185968346187161600
1185968346652729346
1185968346816270339
1185968346942103554
1185968347348901891
1185968347650895872
1185968347952713728
1185968348309405696
1185968348368162819
1185968348913262594
1185968349035061248
1185968349085192192
1185968349408354304
1185968349475495941
1185968349890732032
1185968349995524097
1185968350146551809
1185968350171746305
1185968351207739393
1185968351413035008
1185968352088510464
1185968352621056000
1185968352872861701
1185968353632014337
1185968353741037572
1185968353782796289
1185968354487463937
1185968354974154753
1185968355506827268
1185968356249260033
1185968356278624257
1185968356844883968
1185968357754986503
1185968358379999239
1185968358765858817
1185968358824349698
1185968358849560576
1185968359025737728
1185968359063609344
1185968359193501696
1185968359508238337
1185968359575375872
1185968359667466240
1185968359743131649
1185968359872974848
1185968360179277824
1185968360464568320
1185968360804233219
1185968361987067910
1185968362154856449
1185968363148853248
1185968363534737410
1185968363606040576
1185968364205641730
1185968364469903360
1185968365250191361
1185968365506121730
1185968366533480450
1185968366680510464
1185968367561252864
1185968368312033281
1185968368337203200
1185968368773402627
1185968369490677760
1185968369519886336
1185968369754935297
1185968370199326720
1185968370430038016
1185968371080159232
1185968371143237633
1185968372254687237
1185968372359532544
1185968372917460993
1185968373831819267
1185968373982781440
1185968375538868229
1185968375991799808
1185968376633577472
1185968376889401348
1185968377304682497
1185968377589878784
1185968377682190337
1185968378088955904
1185968378315464705
1185968378462126080
1185968378973949953
1185968379372417025
1185968379737313280
1185968379787694080
1185968379963854848
1185968380743966720
1185968381377368066
1185968381482143745
1185968382077816832
1185968382316859392
1185968382354558978
1185968382631436288
1185968382648225794
1185968383168307200
1185968383277326342
1185968383621292032
1185968383864389632
1185968384753750016
1185968384996827137
1185968385034801152
1185968385366151172
1185968385873584128
1185968386389336064
1185968386397880322
1185968386410471425
1185968387152740352
1185968387194793984
1185968387417083905
1185968388570583040
1185968389086470146
1185968389694595073
1185968389816291337
1185968389967306752
1185968390013370368
1185968390042607616
1185968390323822593
1185968390852272129
1185968390885826561
1185968391128936448
1185968391837892613
1185968392911540229
1185968393318367232
1185968395482738689
1185968395541336064
1185968396581642245
1185968396623593473
1185968396803985411
1185968397986582528
1185968399521681409
1185968399710478336
1185968399857278976
1185968399890837504
1185968400226541569
1185968400260046851
1185968400650125313
1185968400872329223
1185968402294329344
1185968402709434375
1185968403552583681
1185968403560845312
1185968403745521665
1185968404198543362
1185968404630593536
1185968404722864128
1185968405649776640
1185968405666504704
1185968405989511168
1185968406379581440
1185968406836723720
1185968407344226304
1185968407361081345
1185968407935500288
1185968407935684614
1185968408082423814
1185968408510251010
1185968408870948866
1185968408963223552
1185968409076330496
1185968409432821760
1185968409751838720
1185968410192236544
1185968410196267013
1185968410242572288
1185968411118956545
1185968411240779777
1185968411714686976
1185968411978932224
1185968413648314369
1185968413883142145
1185968414025748481
1185968414361153536
1185968414638125061
1185968414755442689
1185968414768222209
1185968414998908930
1185968415573467136
1185968416466690049
1185968416508829697
1185968417100181505
1185968417104248832
1185968418077364225
1185968418295447552
1185968418471714819
1185968418538672128
1185968418974863360
