1185959359664328704
1185959360054341633
1185959360645734403
1185959361614700544
1185959361748881409
1185959362310881281
1185959363837603841
1185959364496105472
1185959365792190470
1185959365976588289
1185959367499304961
1185959367541166086
1185959367633453059
1185959368866570242
1185959369210507264
1185959369294397441
1185959370754011136
1185959370942603265
1185959370976350210
1185959371265773568
1185959372008099841
1185959373132177408
1185959373274636288
1185959373597794304
1185959373862035458
1185959374407327748
1185959374952382464
1185959375036268545
1185959375694778370
1185959376202403841
1185959378031206401
1185959378073063426
1185959378790309888
1185959379134271491
1185959380161908739
1185959381818597376
1185959382057656322
1185959382158213121
1185959382376484869
1185959382393200640
1185959382418366470
1185959383395721223
1185959383500496897
1185959383701827584
1185959383945142274
1185959383982886914
1185959384649744387
1185959385421504512
1185959385643790341
1185959386201710592
1185959386583326720
1185959386654609415
1185959387510259712
1185959387527110657
1185959388089061377
1185959388625940480
1185959388890173451
1185959389804429312
1185959390286888960
1185959390651785222
1185959391117230081
1185959391708766208
1185959392761581568
1185959392874844161
1185959393080303617
1185959393159995392
1185959393361354761
1185959393499717632
1185959393520750592
1185959393990459394
1185959394430746630
1185959394564923392
1185959394854473728
1185959395244429313
1185959395353456643
1185959395504603136
1185959397815738368
1185959398188998657
1185959398826532867
1185959399455678465
1185959399510163456
1185959400382615553
1185959401519304704
1185959401624100864
1185959401699627013
1185959401871564803
1185959402890612737
1185959403511582722
1185959404295852032
1185959404518215682
1185959407106084865
1185959407521353729
1185959407542325248
1185959407932321792
1185959408100093952
1185959408150335488
1185959409207390208
1185959410016739328
1185959410163687429
1185959411426189314
1185959412193619971
1185959412420222977
1185959412944527360
1185959413481390080
1185959414341292037
1185959414785859589
1185959415280754688
1185959415414956034
1185959417008799744
1185959418036457474
1185959418183245826
1185959418925637633
1185959419181502465
1185959419240161280
1185959419441487872
1185959419856805890
1185959420473171968
1185959420628353026
1185959421521911809
1185959421601558528
1185959421991624711
1185959422096490499
1185959422209728512
1185959422604009472
1185959424587943938
1185959424940224513
1185959425351323653
1185959425733005313
1185959425753911297
1185959426978713602
1185959427351990274
1185959427364442112
1185959427616182275
1185959427721060354
1185959427989475328
1185959428136329216
1185959428249358338
1185959429344284673
1185959429390438400
1185959429419745282
1185959429457338374
1185959429474344966
1185959429558226944
1185959429952413697
1185959430170517504
1185959430191497216
1185959431437242369
1185959431600791552
1185959432099811328
1185959432502407168
1185959433156911104
1185959433396019200
1185959433760919552
1185959433869942785
1185959433895104513
1185959434780135425
1185959435509915652
1185959435660922882
1185959437175009280
1185959437527375874
1185959437611257857
1185959438647250944
1185959438819217411
1185959440341700610
1185959440475967489
1185959440509472769
1185959440559857664
1185959441025458176
1185959441180442625
1185959441700675589
1185959441759424512
1185959441960714240
1185959442497572864
1185959443181248512
1185959443764301825
1185959444804448256
1185959444896727040
1185959445022593030
1185959445899157507
1185959445966311426
1185959446767394816
1185959447312531456
1185959447354597377
1185959447379755008
1185959447941861376
1185959447992131585
1185959448101167107
1185959448424210432
1185959448646307840
1185959448839446531
1185959449070129153
1185959449456005121
1185959450382913541
1185959450743627776
1185959451771183105
1185959452823969797
1185959453381799945
1185959453708947458
1185959453717385216
1185959455365586945
1185959455369752577
1185959455843868672
1185959456313614336
1185959456510808064
1185959457974620162
1185959458486149120
1185959460042428416
1185959461090971648
1185959461288103936
1185959461476798465
1185959461707493382
1185959462089187329
1185959463221641217
1185959465318846464
1185959465390096384
1185959465612386316
1185959466279329792
1185959466732269570
1185959468128800768
1185959469173202944
1185959469349556224
1185959470175666177
1185959470918094848
1185959471606108160
1185959471668965376
1185959472021327878
1185959472381849600
1185959472667054080
1185959472814067714
1185959474470772736
1185959474504142848
1185959474600779778
1185959474659495936
1185959474663690240
1185959475275919360
1185959476190310400
1185959476479827968
1185959477096390660
1185959477729730561
1185959478031736838
1185959478241443840
1185959478371475456
1185959478409256961
1185959478467842048
1185959479512326145
1185959480032411649
1185959480074362881
1185959480279744512
1185959480367947776
1185959480774791171
1185959481076793345
1185959481781428224
1185959481882099714
1185959482745995265
1185959482930667520
1185959483249479680
1185959483253510144
1185959483505164288
1185959483505287168
1185959484851740672
1185959485862563841
1185959487422849024
1185959489352003585
1185959490404966400
1185959490455298049
1185959491197644801
1185959491386380300
1185959491495518211
1185959491604570115
1185959492095266822
1185959492128837637
1185959492334346240
1185959492724371458
1185959493416476673
1185959495014473729
1185959495060598787
1185959495517822977
1185959496553619456
1185959497627357184
1185959498323771392
1185959498529300480
1185959498600665089
1185959498948718594
1185959499426910218
1185959499510796295
1185959500273967104
1185959500458708997
1185959500827779072
1185959501150613505
1185959501293187072
1185959501670825984
1185959502434197505
1185959503298285568
1185959504694910976
1185959504795578368
1185959506058076160
1185959506641063937
1185959507941306368
1185959508566335493
1185959508604080128
1185959510264950785
1185959510978056195
1185959511300956160
1185959511535697920
1185959511904964609
1185959511904980992
1185959512055996416
1185959512764829696
1185959512924196865
1185959513213587458
1185959513335185409
1185959514048204801
1185959514090229760
1185959514119344128
1185959514308333574
1185959514442522624
1185959516346748929
1185959516468371457
1185959517777006592
1185959517781143553
1185959518011830273
1185959518355775489
1185959518582267904
1185959518787788801
1185959519228190720
1185959519441936385
1185959519895085056
1185959520448593921
1185959521564409857
1185959521845436422
1185959522034171905
1185959522315034624
1185959522650742784
1185959523309113345
1185959523409977351
1185959523875545088
1185959523997143040
1185959524202680320
1185959524357857280
1185959524596932608
1185959525192482823
1185959525301530626
1185959525444141057
1185959525750325248
1185959526400479232
1185959526513729546
1185959526953938944
1185959527478452225
1185959527784615937
1185959528124309504
1185959530112225280
1185959530271608832
1185959530636726272
1185959530842263552
1185959532746498048
1185959532805140481
1185959532989685761
1185959533514018816
1185959533635608579
1185959534294122496
1185959535065866241
1185959535141371904
1185959535162339328
1185959535183351809
1185959535762137091
1185959535997046784
1185959536244461570
1185959536374571008
1185959537355960323
1185959537897099266
1185959538110939136
1185959538467295233
1185959538488422400
1185959539407020035
1185959539755114496
1185959539876794368
1185959541235732481
1185959541260898307
1185959543358083074
1185959543454523392
1185959543819456512
1185959543970435072
1185959544339357696
1185959544398200832
1185959544490545154
1185959544528297986
1185959544821866496
1185959545337724938
1185959545669074945
1185959545891221504
1185959546315051009
1185959546373586944
1185959546684137473
1185959546931613696
1185959547023675392
1185959547044880384
1185959547577483264
1185959548953083904
1185959549334949890
1185959550001659904
1185959550362501120
1185959552384229382
1185959552606527489
1185959553055088640
1185959553172557827
1185959553457885185
1185959555282427905
1185959556037382144
1185959556213432320
1185959557597671424
1185959557652242433
1185959558302388230
1185959558382006274
1185959560026177538
1185959560491593728
1185959560546258944
1185959560567283712
1185959560768561152
1185959560823132160
1185959560856723457
1185959561188069376
1185959561452240902
1185959561557094408
1185959562253344770
1185959563159195648
1185959564245716993
1185959564417683457
1185959564769943553
1185959565059186688
1185959565344550913
1185959566317506560
1185959566384779264
1185959566753837056
1185959567185702912
1185959567248764928
1185959567542378497
1185959567945015298
1185959568716763136
1185959569496784896
1185959569710895106
1185959570943942656
1185959571455729664
1185959572651102209
1185959572651102212
1185959573544407043
1185959574144241666
1185959574681067522
1185959574911836162
1185959575893237762
1185959576094597121
1185959576992210944
1185959577197731845
1185959577222832128
1185959578602758145
1185959579009585154
1185959579462651904
1185959580032884736
1185959580100190209
1185959580712525826
1185959581232418816
1185959581383442432
1185959581530214401
1185959581752709120
1185959582037872640
1185959582042075140
1185959583006822401
1185959585238212608
1185959585321848832
1185959585330483200
1185959585649217537
1185959586802688001
1185959586907545601
1185959587469496320
1185959587654131712
1185959588245528579
1185959589055029254
1185959589675765762
1185959589839360003
1185959590002868226
1185959590548135936
1185959591349145600
1185959591437361154
1185959591823187968
1185959592741789698
1185959593127677956
1185959593597456384
1185959594893463557
1185959595971416065
1185959596025888768
1185959597082677248
1185959597753933828
1185959598198607872
1185959598219509760
1185959598592794624
1185959598966087680
1185959599012139008
1185959599922245632
1185959600471887872
1185959600584945664
1185959600945848320
1185959601193308160
1185959601725988865
1185959602707292160
1185959603080761350
1185959604490002433
1185959604804435968
1185959604938858496
1185959604947214336
1185959605282787330
1185959605911900161
1185959606213701633
1185959606826258433
1185959606918483969
1185959607073677313
1185959607585460224
1185959607916740608
1185959608214573056
1185959608550076416
1185959609498066944
1185959610508890112
1185959612073283585
1185959612610236417
1185959612668956678
1185959613528711169
1185959613671362560
1185959613776257026
1185959614401126400
1185959614506033159
1185959614669623301
1185959615206440963
1185959615437168640
1185959615479066624
1185959616099864577
1185959616519102464
1185959616733167616
1185959616817106944
1185959617257451520
1185959617655984130
1185959617957904385
1185959618914045952
1185959619174322176
1185959619694346240
1185959620315099137
1185959621007237120
1185959621384523776
1185959621762125824
1185959621804072960
1185959622110318593
1185959623192395776
1185959623267962880
1185959623787859968
1185959624001892352
1185959624597487616
1185959625453006848
1185959625574760448
1185959625625092105
1185959626044530688
1185959626744967168
1185959626769985537
1185959628162686976
1185959628682792960
1185959628863164416
1185959629026660352
1185959629785878528
1185959630587027456
1185959631652306951
1185959631941595136
1185959632176668673
1185959632621187079
1185959632990285826
1185959633699000320
1185959633845964800
1185959633904721920
1185959634248577024
1185959635334774784
1185959635464998914
1185959636253331456
1185959636299603968
1185959637721473024
1185959637989892096
1185959638270767104
1185959638497447937
1185959638673625088
1185959639130820609
1185959639541846016
1185959639592194048
1185959639982190592
1185959641148198912
1185959641206939648
1185959642335236101
1185959642964332544
1185959643165663233
1185959644029685761
1185959644683878400
1185959644788867073
1185959645359362050
1185959645648687104
1185959645690511360
1185959646160228352
1185959646705733633
1185959647376805890
1185959647997546496
1185959648022663169
1185959648165335040
1185959648635052032
1185959649020907521
1185959649507328000
1185959649985683459
1185959650551832576
1185959651340406784
1185959652066021381
1185959652087009282
1185959652154073093
1185959652623818754
1185959653739511810
1185959653798232065
1185959654158934017
1185959654687477760
1185959654939119616
1185959655035604993
1185959656193056769
1185959656394493952
1185959656448901122
1185959656931246080
1185959657631862785
1185959657732558848
1185959657954775040
1185959658139389953
1185959658189664258
1185959659271806976
1185959659649286144
1185959659867389963
1185959659955343360
1185959661083746304
1185959661285138432
1185959662002298882
1185959662400790530
1185959663667429377
1185959664154038272
1185959665294815232
1185959665991110657
1185959666049863681
1185959666515357703
1185959666796388353
1185959666934829056
1185959667006083074
1185959667014483969
1185959668553633792
1185959669635911687
1185959669942104064
1185959670147702784
1185959671091195905
1185959671095533570
1185959671204663298
1185959671279931392
1185959672144113664
1185959672144187398
1185959672815075328
1185959672978776070
1185959673146630144
1185959674295865349
1185959674438389760
1185959675008815111
1185959675545698304
1185959675872698370
1185959676741074944
1185959677026295809
1185959680000040966
1185959680129945601
1185959680297840642
1185959680503357440
1185959681182916608
1185959681589596160
1185959681635901440
1185959682445176832
1185959682776670209
1185959683187757057
1185959683842019328
1185959684215320576
1185959684395667458
1185959685511434240
1185959685544804353
1185959685595238401
1185959686853582849
1185959687637868544
1185959688040570880
1185959689101688832
1185959689655410688
1185959690213171202
1185959690284519424
1185959690695520258
1185959691047882758
1185959691567931395
1185959693304455169
1185959693904207872
1185959694034227200
1185959694071930880
1185959695271563264
1185959695779094530
1185959695812444161
1185959697343533061
1185959697578450944
1185959697758572544
1185959697964249088
1185959698081734656
1185959698270429186
1185959698941566981
1185959700233379840
1185959700493418496
1185959700938051589
1185959701579567104
1185959702527725569
1185959702640910337
1185959702649278465
1185959702955548679
1185959703357968385
1185959704364584960
1185959706071666689
1185959706780688384
1185959707267256320
1185959707401424896
1185959707766341633
1185959708022038528
1185959709129396224
1185959709137866752
1185959709808963584
1185959709913862150
1185959710261796865
1185959710383640577
1185959710513680384
1185959711532834817
1185959712313008129
1185959712434601986
1185959712967122945
1185959713000886272
1185959714162503680
1185959716012331009
1185959716654063618
1185959717522284545
1185959718017089537
1185959718763859968
1185959721049772032
1185959721544470528
1185959721850662912
1185959722794524673
1185959722865823745
1185959723729870848
1185959724212207618
1185959724442763266
1185959725294391297
1185959725902356480
1185959728033255430
1185959729631285251
1185959729689808896
1185959729698410496
1185959730272882688
1185959731782934529
1185959732097347584
1185959732386893834
1185959732600885248
1185959732680388608
1185959733066289152
1185959733083066373
1185959733590659074
1185959735331360774
1185959736392351745
1185959736878993412
1185959736996438016
1185959737172598784
1185959737889869824
1185959738657398784
1185959738825035777
1185959739622072325
1185959740095905792
1185959740590813186
1185959740926390272
1185959741278654469
1185959741606055939
1185959741723480070
1185959741907963904
1185959742319054848
1185959742864273409
1185959742872657921
1185959743183097856
1185959743526973441
1185959743917035522
1185959744487526401
1185959744990789633
1185959745070522368
1185959746093772801
1185959746362327042
1185959747071160321
1185959747205423104
1185959747247398913
1185959747272560640
1185959747318669319
1185959747809357827
1185959749214298117
1185959749600198656
1185959749772333062
1185959749784784897
1185959750653095941
1185959751298895872
1185959751936544770
1185959752276369408
1185959753287196674
1185959753601581056
1185959754096693249
1185959754671230977
1185959755300380679
1185959755954688001
1185959756315480064
1185959756390948865
1185959756546170880
1185959757284294656
1185959757850402816
1185959758752342022
1185959759045939202
1185959759989657607
1185959760308396039
1185959761436504064
1185959761834958849
1185959763827396608
1185959765773557760
1185959766851575808
1185959767073837056
1185959767275163650
1185959767606550529
1185959767883370496
1185959767887486976
1185959769561059328
1185959769569402880
1185959771033219076
1185959772111003648
1185959772283179010
1185959772492910593
1185959772618711042
1185959773444956161
1185959773726003200
1185959774464233473
1185959774564827136
1185959774569058304
1185959776062230528
1185959776401928194
1185959776909434881
1185959777291124738
1185959777593106432
1185959778905931786
1185959778947866624
1185959779006648320
1185959779027451905
1185959779698561024
1185959780063633408
1185959781187514369
1185959781598662657
1185959782345297922
1185959782638858240
1185959783477567488
1185959783494541313
1185959784681558019
1185959785553956869
1185959786950680576
1185959787596582912
1185959788410232832
1185959789194596352
1185959789525983238
1185959790012448769
1185959790423527424
1185959790788464642
1185959791346229248
1185959791904153600
1185959792726151168
1185959792835215360
1185959793116233728
1185959793397252096
1185959793434988544
1185959793858678784
1185959793971945472
1185959794739421184
1185959794928214018
1185959795712507907
1185959795792195591
1185959795968208896
1185959796027150336
1185959797021126657
1185959797847277569
1185959799214792705
1185959800716304384
1185959800829464576
1185959800926035969
1185959801282584576
1185959802465390599
1185959804570947590
1185959805862711296
1185959806240210947
1185959806470893573
1185959806701457408
1185959806718353408
1185959807087534080
1185959807632756737
1185959807993421825
1185959808173785088
1185959808245075968
1185959808312270850
1185959809356615683
1185959809461436416
1185959809671221248
1185959810245767168
1185959810430328833
1185959811264983041
1185959811554467840
1185959812464545792
1185959813416550402
1185959813660008448
1185959813823512576
1185959813827694597
1185959814003920897
1185959816348389376
1185959816478560258
1185959816554041344
1185959818034601987
1185959818097393664
1185959818118328320
1185959818244214787
1185959818420477953
1185959819024330753
1185959819611529216
1185959819842326528
1185959821087895552
1185959821121597448
1185959821419438081
1185959821930983424
1185959822212116480
1185959823646572548
1185959823722110978
1185959824237977602
1185959824405733377
1185959825127202817
1185959826100293632
1185959827425628161
1185959827903782913
1185959827975090176
1185959828180611072
1185959828843323395
1185959830025957377
1185959830684614657
1185959830797860864
1185959832337055749
1185959833683595264
1185959833822007296
1185959834925043715
1185959835122176000
1185959835327696897
1185959835440955392
1185959835617153025
1185959835738787841
1185959836208500742
1185959836443385857
1185959836556681217
1185959836803977217
1185959836967677954
1185959837445869570
1185959837538013185
1185959837546496000
1185959838293135360
1185959838523838465
1185959839148773376
1185959840667095041
1185959841027756032
1185959841094918145
1185959842160054272
1185959842856558593
1185959843175243776
1185959843208814594
1185959843363987456
1185959844064317440
1185959844072841216
1185959844446121988
1185959844680855552
1185959844890730496
1185959845553475584
1185959846040002562
1185959846631432193
1185959847096967168
1185959847520550912
1185959848459956224
1185959848963231745
1185959849223475200
1185959849814888455
1185959850104233984
1185959850490109955
1185959850863411201
1185959850897039362
1185959851874312192
1185959851995881472
1185959852423680001
1185959852784308224
1185959853929435138
1185959853941903360
1185959855670136833
1185959856437633025
1185959857091940353
1185959857100341248
1185959858413039617
1185959858589315072
1185959859096825856
1185959862720593920
