1185949293519233024
1185949293863231489
1185949293930319872
1185949295339593728
1185949295457062912
1185949296371359745
1185949296417484800
1185949296476205056
1185949297919037445
1185949298615345153
1185949298703437837
1185949299345113088
1185949299982655488
1185949300255100928
1185949300322455552
1185949301765300224
1185949303791128577
1185949303904161792
1185949304055312385
1185949305213018112
1185949305259134977
1185949306781601794
1185949307096256512
1185949307368857600
1185949307788316672
1185949310485237762
1185949311294590976
1185949313022746627
1185949313379254274
1185949313584762881
1185949313723187201
1185949315681996801
1185949315728105472
1185949316847939585
1185949317208526848
1185949317431021569
1185949317548384256
1185949317913366528
1185949318089531393
1185949318123008000
1185949319268130816
1185949319377162240
1185949319779799041
1185949320656424960
1185949320669024257
1185949320673202176
1185949320689917952
1185949320757043202
1185949320803053569
1185949321335857152
1185949322430636032
1185949324720660480
1185949324745826304
1185949324812922880
1185949325056249856
1185949329913270272
1185949330320039937
1185949331146313728
1185949331356041217
1185949331968249856
1185949333041999872
1185949335164542976
1185949335692951553
1185949335709802497
1185949336540106754
1185949340780638214
1185949341120417795
1185949342726799360
1185949345230852097
1185949345620877312
1185949346317111297
1185949346644123655
1185949346652545025
1185949346921156609
1185949348032663554
1185949349810966528
1185949350704418817
1185949350930927617
1185949352780587011
1185949353791242240
1185949354630225921
1185949354986590208
1185949355599159296
1185949356941295617
1185949357293690882
1185949358023249921
1185949358908420102
1185949359235567617
1185949359546028038
1185949360187686912
1185949360602804224
1185949360783347713
1185949360821035008
1185949362293227521
1185949362515513345
1185949364725977089
1185949365086633992
1185949365275250689
1185949365715853313
1185949366227558402
1185949366575652865
1185949367795998720
1185949369188655105
1185949370547609603
1185949371051008000
1185949372334391296
1185949372498022401
1185949372548341760
1185949372997099522
1185949373122961408
1185949373177483265
1185949373978595329
1185949375710875649
1185949377027817472
1185949377426268160
1185949377497616384
1185949377992351744
1185949378382462977
1185949378810392578
1185949379800322049
1185949380030992385
1185949381033373697
1185949382681812997
1185949383466070016
1185949383612760064
1185949384829210624
1185949384976093185
1185949385689108481
1185949386058027008
1185949386100092929
1185949387303768064
1185949387408719872
1185949388260233217
1185949388264427521
1185949388939640833
1185949388998356993
1185949389401088001
1185949390860623872
1185949391162695680
1185949393616326657
1185949394178334720
1185949395046371334
1185949395230920705
1185949395855896576
1185949396560764929
1185949396569075712
1185949397286293509
1185949397592485893
1185949398628519936
1185949399039393793
1185949399089700864
1185949399291236352
1185949400797007873
1185949400805335041
1185949400918609931
1185949401870667776
1185949402541608960
1185949403284160512
1185949405150498816
1185949405784039429
1185949405859344386
1185949406366969856
1185949406685741056
1185949406689927168
1185949406983610376
1185949407117750273
1185949407277125632
1185949407696560138
1185949408288034816
1185949409722404871
1185949410804600832
1185949411018453002
1185949411282567169
1185949411362398209
1185949412016545792
1185949412016574464
1185949412679475200
1185949413060968450
1185949413824315395
1185949414432628736
1185949415091200001
1185949415237935104
1185949415858737159
1185949415913197568
1185949416936661005
1185949417309818880
1185949418081738757
1185949418215874563
1185949418790555651
1185949419449008128
1185949419788738567
1185949419792994304
1185949421881745411
1185949422301126657
1185949422720634882
1185949422749798400
1185949424540893184
1185949425602039808
1185949425845358592
1185949426470260738
1185949427602726912
1185949427791466496
1185949428026400774
1185949428642914304
1185949429003702274
1185949429351759873
1185949429368410112
1185949431297916929
1185949431532793858
1185949432287780866
1185949432489095171
1185949432849805313
1185949433269313537
1185949433453789186
1185949433495613440
1185949433999101952
1185949434401574912
1185949434640773120
1185949434804428801
1185949435127316480
1185949436859564032
1185949438017228800
1185949438147059713
1185949439271280641
1185949439673933826
1185949440269570049
1185949440353406976
1185949440445702144
1185949441196474368
1185949441242619906
1185949441276207104
1185949441976684545
1185949442018598914
1185949442509328385
1185949445554425856
1185949445713727488
1185949446229676034
1185949446305013760
1185949446649057281
1185949448603652098
1185949450180554752
1185949450579173376
1185949451611004935
1185949453267722240
1185949453355835392
1185949454526009344
1185949454534356996
1185949456425840640
1185949457592078336
1185949457801797632
1185949458229579776
1185949458284105728
1185949458292494336
1185949458372218881
1185949459349495808
1185949462226784256
1185949462461665289
1185949463245967365
1185949465708040194
1185949465867251715
1185949467146702850
1185949468400730114
1185949469860171778
1185949470221111298
1185949470527315968
1185949470774743042
1185949470862860291
1185949471512891392
1185949471789735936
1185949472888688640
1185949472947240960
1185949473094209537
1185949473148678149
1185949474365038595
1185949474457346055
1185949474482315264
1185949474847444995
1185949474889318401
1185949475887599621
1185949476126638082
1185949476600668161
1185949477317701632
1185949477317812225
1185949479448526849
1185949482782875649
1185949483319922688
1185949483944873984
1185949483986833409
1185949484263411712
1185949484330688512
1185949485651898369
1185949486083784704
1185949486226575360
1185949486927011840
1185949488436912130
1185949488747294720
1185949493684031489
1185949494166163457
1185949494430572544
1185949494581628928
1185949495470809090
1185949496347250688
1185949496653549568
1185949497702174721
1185949497840545793
1185949499149164547
1185949499203690497
1185949499744763942
1185949499832725504
1185949500273254401
1185949500952563713
1185949502173319169
1185949502173335553
1185949502689157121
1185949503087468544
1185949503356047360
1185949503511240704
1185949503607758848
1185949504278806528
1185949507525238784
1185949507630125057
1185949507722383360
1185949508208869377
1185949509546844165
1185949509601284096
1185949510419308545
1185949512097062912
1185949512147320832
1185949512453496832
1185949512721928193
1185949512826703872
1185949512877129728
1185949512965263360
1185949513015615489
1185949514550665216
1185949515506950144
1185949515716661248
1185949516559724551
1185949516597321729
1185949517436375041
1185949519164391425
1185949519399120896
1185949520468860928
1185949520510750723
1185949520577925120
1185949520611479552
1185949520791773187
1185949521097871360
1185949521475526657
1185949522033332224
1185949524000419840
1185949524562530307
1185949524826693634
1185949524994469890
1185949525132759040
1185949525497831424
1185949527947337728
1185949528010170368
1185949529478238210
1185949530115756034
1185949531281731585
1185949532154224641
1185949532275838976
1185949532338696193
1185949533156577280
1185949533647392781
1185949533898850305
1185949535568384004
1185949535622664195
1185949535853596672
1185949536663064579
1185949537556258816
1185949538261127174
1185949539808641024
1185949540542828544
1185949540580544512
1185949540907732992
1185949541171773441
1185949541360656384
1185949543017385984
1185949543785029639
1185949544363806727
1185949544506445826
1185949545362055173
1185949546230079494
1185949549313036289
1185949549497597957
1185949552089673728
1185949552190337026
1185949552655757313
1185949552685174784
1185949552760840197
1185949553796755457
1185949554014863360
1185949554027442181
1185949555239608320
1185949555637936128
1185949555717787648
1185949556133056512
1185949556665659392
1185949556749422592
1185949557626146816
1185949557684887552
1185949557810778113
1185949557869424643
1185949558267772928
1185949558284705792
1185949558972571648
1185949559626850304
1185949559840821250
1185949559987560448
1185949560574808065
1185949560725573633
1185949561916973059
1185949561996693504
1185949563091378177
1185949563141705729
1185949563997380611
1185949564781633539
1185949564794068994
1185949566106910722
1185949566501347328
1185949566677540865
1185949566736187394
1185949567252082691
1185949567973507074
1185949568044802048
1185949568703311873
1185949572297830401
1185949572314681347
1185949573711351808
1185949574168567809
1185949574701043713
1185949575795879938
1185949576076746752
1185949576705929219
1185949576982863872
1185949577142292480
1185949577171652608
1185949578408931330
1185949579126157313
1185949579403038720
1185949579570663424
1185949580183134209
1185949580313149445
1185949580405460998
1185949580933914626
1185949581831524355
1185949582221594625
1185949582766661632
1185949582808756224
1185949583047827457
1185949583311962112
1185949583916052481
1185949584314511360
1185949584448770048
1185949586487238656
1185949587393204225
1185949591017013250
1185949593248231424
1185949593252630528
1185949593789501440
1185949593969799168
1185949594204569601
1185949595584598016
1185949595781779457
1185949596226412544
1185949596746317824
1185949597908127755
1185949598155788288
1185949598210252800
1185949598591770624
1185949598700974080
1185949598927544322
1185949602018664454
1185949605231497216
1185949605965508608
1185949606137520128
1185949606267539467
1185949607471304706
1185949608544854016
1185949610528759808
1185949610902216704
1185949610956787713
1185949611212595200
1185949611740954624
1185949613314002944
1185949613645189121
1185949614236676097
1185949616556167168
1185949617525088256
1185949618279985152
1185949618879770629
1185949619651563520
1185949619848658944
1185949620519743488
1185949623011151872
1185949623032188928
1185949623262863360
1185949623308865537
1185949624491790342
1185949624902836226
1185949624915451907
1185949624927956995
1185949624978173953
1185949625066364937
1185949625137668096
1185949625301123072
1185949626186125312
1185949626840616967
1185949626890932225
1185949627130007552
1185949627327156227
1185949627423567873
1185949628065308678
1185949629847871488
1185949631064236032
1185949631387258881
1185949631919853574
1185949631961878528
1185949632058318849
1185949632096014338
1185949632418975746
1185949634914480128
1185949635673612289
1185949636269367303
1185949636508475394
1185949637494091777
1185949638068563968
1185949638383329286
1185949638412656645
1185949639041634304
1185949639268356099
1185949640199458816
1185949640979558400
1185949641239617538
1185949641390673920
1185949641961037825
1185949642611220480
1185949643898646528
1185949644364402688
1185949644439855104
1185949644918050816
1185949645291376640
1185949645828186114
1185949646293819394
1185949646327308290
1185949646407065600
1185949646977261569
1185949647803764737
1185949648126656513
1185949648491630592
1185949648667791360
1185949648877428736
1185949649355624448
1185949649456304131
1185949649938649091
1185949650085384201
1185949650177712132
1185949650387394560
1185949650605314048
1185949650848800769
1185949650936688641
1185949651452792834
1185949651549077504
1185949651775754242
1185949653042372608
1185949654816624640
1185949655210831873
1185949655613394944
1185949656435625986
1185949658738315264
1185949659375820801
1185949660969668609
1185949661758132224
1185949662332837890
1185949663129681921
1185949663620456451
1185949664387960833
1185949664836800513
1185949665394679810
1185949665679806468
1185949666099318785
1185949667802128386
1185949668183887879
1185949669396025344
1185949669584789509
1185949669995757568
1185949670092103680
1185949670297747456
1185949670964465664
1185949671052709888
1185949672181063680
1185949672189366272
1185949672289947648
1185949673715953664
1185949674567602183
1185949676136226819
1185949676303814657
1185949676622757888
1185949676731801606
1185949676924628992
1185949677146923008
1185949678258380800
1185949678434770944
1185949681894985729
1185949682796769282
1185949682993942528
1185949683111399425
1185949685153980416
1185949686311636994
1185949686605254657
1185949686689083392
1185949686831763456
1185949688106770432
1185949688207478784
1185949688735961089
1185949688903749634
1185949689109196802
1185949689629290496
1185949689667039234
1185949690539532288
1185949691202195456
1185949691936198657
1185949693202710528
1185949693546766343
1185949695006384128
1185949695258050561
1185949695262281734
1185949695266435080
1185949695870427136
1185949695933403136
1185949697158066177
1185949697955057667
1185949698219229187
1185949698265407488
1185949698411991041
1185949698693070848
1185949699062358016
1185949699431452672
1185949699708203009
1185949699712225281
1185949701130067968
1185949701713084416
1185949701788581889
1185949701943779328
1185949702803603456
1185949702820380672
1185949703072038912
1185949703113973760
1185949704879837184
1185949704959463426
1185949705089380352
1185949705404112900
1185949705613631488
1185949705659998216
1185949706825936896
1185949707593494529
1185949707954089984
1185949708038148096
1185949708763783168
1185949708818120705
1185949709136994310
1185949709283627008
1185949710437142530
1185949712194723840
1185949712874123264
1185949713020915713
1185949713259999233
1185949713830502400
1185949713943683073
1185949714581049345
1185949715072016384
1185949717139734530
1185949717336854536
1185949718599421953
1185949718838415362
1185949719115239426
1185949719576694785
1185949719928954881
1185949720268554241
1185949722974003200
1185949723951169536
1185949725863960576
1185949726094561281
1185949726367195136
1185949726631452679
1185949728338366466
1185949728766398464
1185949729164791808
1185949729169006592
1185949729638641665
1185949730045599745
1185949730720882688
1185949731182301185
1185949731379466240
1185949732843278336
1185949735217192962
1185949735594745858
1185949735829422080
1185949736014090240
1185949736353914880
1185949738874486785
1185949741542187013
1185949742229966848
1185949743307837440
1185949745421832192
1185949745950482433
1185949746122366977
1185949746223075331
1185949746264969216
1185949746566852609
1185949746676064258
1185949746927755264
1185949747355377666
1185949747842093060
1185949748215201792
1185949748534136832
1185949748756439041
1185949749050040320
1185949749251317760
1185949750064844800
1185949750723579904
1185949751679815681
1185949752023609344
1185949752757764096
1185949752812171264
1185949753928015876
1185949756289441793
1185949757589471232
1185949758613020674
1185949758768193537
1185949759091159047
1185949759883792386
1185949760068284416
1185949760311705600
1185949760542392322
1185949761666465793
1185949762106863618
1185949762421481473
1185949762639544322
1185949762664710151
1185949763428073478
1185949763616854016
1185949763973341186
1185949764380254208
1185949765198110723
1185949765323939841
1185949765592387586
1185949765822902272
1185949767504777216
1185949769786630144
1185949770025558016
1185949770449375232
1185949771200114689
1185949772160602112
1185949773758697472
1185949774031314946
1185949774828191744
1185949775394492416
1185949777013432321
1185949778330476545
1185949779739795458
1185949780494770177
1185949781102944257
1185949781279027202
1185949782126166018
1185949782642253825
1185949782969327617
1185949783883689992
1185949784101785606
1185949784386850817
1185949786282835969
1185949787817992192
1185949788040290304
1185949790225551369
1185949790586187776
1185949791668363265
1185949794092617730
1185949794222706689
1185949794763792389
1185949795518689282
1185949795539705856
1185949795942158337
1185949796147687424
