1185943757448810496
1185943757688098817
1185943757801361410
1185943758522798081
1185943759864942594
1185943760552845313
1185943761169403907
1185943761597227008
1185943761676840960
1185943762373136384
1185943763501207554
1185943763841159170
1185943766093328384
1185943766529695745
1185943767834124289
1185943767909650437
1185943768656207873
1185943770656849921
1185943771269255168
1185943771462197250
1185943772305285120
1185943773563543552
1185943774716809222
1185943775182557184
1185943775291629569
1185943775304134658
1185943775316729856
1185943775325184001
1185943775807324160
1185943777703186433
1185943778487685120
1185943778621874176
1185943778764509185
1185943779150356480
1185943779699642368
1185943781843099649
1185943783256535041
1185943783491289088
1185943783545982976
1185943785194213379
1185943785928155138
1185943787429863426
1185943788793008131
1185943789539680257
1185943790487556097
1185943790881857536
1185943791066406912
1185943791242534914
1185943791280312320
1185943791305400320
1185943791397752832
1185943791401947136
1185943791406112769
1185943791414534144
1185943791670349826
1185943792022704129
1185943792077201409
1185943792144310274
1185943792299298816
1185943793801072640
1185943793838804995
1185943794124017666
1185943794266431488
1185943794325377025
1185943794434428932
1185943794920775680
1185943796204392448
1185943796523175936
1185943798309937152
1185943798389596160
1185943800369168384
1185943800834867200
1185943801162010624
1185943801216589835
1185943801619079168
1185943802017501184
1185943802478940160
1185943803863162882
1185943804949348352
1185943805704523777
1185943805746393088
1185943805930770432
1185943806027489281
1185943807315058688
1185943809672089600
1185943810641223680
1185943810800525312
1185943811257749505
1185943811303841793
1185943811337478147
1185943811404587009
1185943811442262016
1185943811496824835
1185943811626651648
1185943811874316288
1185943812104957954
1185943813052948480
1185943813824696321
1185943813828890625
1185943814961324033
1185943815418515456
1185943815485476867
1185943817779843074
1185943817951895553
1185943818023120896
1185943818065121280
1185943818094424064
1185943818119667712
1185943818132172802
1185943818157338624
1185943818157338625
1185943819155574784
1185943820078174208
1185943821210836996
1185943821869182976
1185943822204841984
1185943822502678528
1185943822657654784
1185943823291166720
1185943823962259458
1185943824448798720
1185943824562081794
1185943824985739265
1185943825170206720
1185943826826964997
1185943827959484416
1185943829012193280
1185943829037359105
1185943829603598336
1185943830056624128
1185943830580858881
1185943831440699392
1185943831964999680
1185943832145420291
1185943832585592832
1185943832774397954
1185943833533714432
1185943833634361345
1185943833843888129
1185943834850746368
1185943835253317632
1185943835442065409
1185943835525992449
1185943836503220225
1185943837526511619
1185943838596177920
1185943838713679873
1185943838797352960
1185943841104203776
1185943841779548160
1185943842870067202
1185943843373494280
1185943844048822272
1185943844073816066
1185943844380139520
1185943844669591557
1185943845651079168
1185943847764987904
1185943849027411974
1185943849488834562
1185943849572667393
1185943849811750917
1185943850331889664
1185943851107782657
1185943851581820928
1185943851770494976
1185943851929948160
1185943852168953856
1185943852269498368
1185943852798169088
1185943854219812864
1185943854400315393
1185943854748332037
1185943854995988481
1185943855650213888
1185943856505917440
1185943856568832000
1185943856979668992
1185943857407512577
1185943857634168832
1185943857827078150
1185943857906769921
1185943858237960192
1185943858305097728
1185943860377051137
1185943861706838016
1185943861866225666
1185943862860075013
1185943863615262720
1185943865158713344
1185943865787895809
1185943866689703937
1185943867146866689
1185943867851300865
1185943869411811338
1185943870510698496
1185943871110426630
1185943872267907073
1185943872540762113
1185943872758779904
1185943873111166976
1185943873459236864
1185943874172342273
1185943874201640960
1185943874327531520
1185943875065507841
1185943875359268864
1185943877561323520
1185943877720641537
1185943877930409987
1185943878651797505
1185943880069464064
1185943880249724928
1185943880597999616
1185943880669249536
1185943880824434689
1185943881990336513
1185943882317496321
1185943882409955328
1185943882888077312
1185943882963570690
1185943883676557315
1185943883739516934
1185943884473307136
1185943884553216002
1185943885048098816
1185943885354192897
1185943885387689986
1185943885455020034
1185943885517864965
1185943885576593410
1185943888340508672
1185943888604872704
1185943888772718593
1185943888873299969
1185943889632354304
1185943890312007680
1185943890420850688
1185943890685255681
1185943891314401280
1185943892190998530
1185943893436780545
1185943893990199302
1185943894682415113
1185943895416430592
1185943899589754882
1185943901527511042
1185943901997109248
1185943902034939904
1185943902072836099
1185943903238836226
1185943903255646209
1185943903289139201
1185943903339503616
1185943903687598080
1185943904258056192
1185943904392273920
1185943905520537602
1185943905889673216
1185943905998692352
1185943906594119680
1185943906871066624
1185943907550580737
1185943907563196416
1185943909257506816
1185943909429497856
1185943909748350976
1185943910369107968
1185943910599876608
1185943910901862404
1185943911182864385
1185943911501619200
1185943911522394116
1185943913095282689
1185943914244706311
1185943914844475392
1185943920175390721
1185943921639055361
1185943924021460992
1185943924440993793
1185943924453584896
1185943924713709569
1185943925682573313
1185943927540670465
1185943927574188034
1185943927603392515
1185943927645495297
1185943928580820994
1185943930120167424
1185943930371821568
1185943930560532480
1185943931894284288
1185943932380864518
1185943932854665216
1185943933798551552
1185943933903364103
1185943934481993728
1185943934846955521
1185943935576879104
1185943935941857280
1185943937862774784
1185943938286477312
1185943939288715264
1185943940073164802
1185943940798861312
1185943941037903873
1185943942031958016
1185943942040346624
1185943942405246976
1185943942652665856
1185943943546114051
1185943943994920969
1185943944892473347
1185943944909283334
1185943944955334657
1185943945026637824
1185943945077018631
1185943945093758976
1185943947035774976
1185943949430710275
1185943949757898752
1185943950491881472
1185943950747668480
1185943952542916610
1185943952651931650
1185943953440272384
1185943954052845568
1185943954937860097
1185943955944460290
1185943956288430081
1185943956602806272
1185943956867178496
1185943956871233536
1185943956884021248
1185943957068533762
1185943957550915584
1185943959878557698
1185943960482734080
1185943961875046400
1185943962038816769
1185943963603210240
1185943964093992960
1185943964404408322
1185943966803546112
1185943967155851264
1185943967545774082
1185943968326004737
1185943971224260608
1185943971324923905
1185943972138639361
1185943973048836096
1185943973497622528
1185943974072193027
1185943974311354368
1185943974822834176
1185943974835576832
1185943974877503488
1185943975137595394
1185943976131600384
1185943976366526465
1185943976785920002
1185943978258194432
1185943978883141632
1185943979080196103
1185943979092783106
1185943979457744903
1185943981118480384
1185943981131042821
1185943981206716417
1185943981781409792
1185943981852508161
1185943983241023488
1185943984457293824
1185943985254260739
1185943985501724673
1185943986281893889
1185943987544350721
1185943989406617600
1185943989956104195
1185943990463553536
1185943990840918022
1185943991285682179
1185943991650603008
1185943993584103424
1185943993961668608
1185943994603364353
1185943995018567688
1185943995043713025
1185943996083785729
1185943996381589504
1185943996562055168
1185943998394966016
1185943998399164417
1185943999598813186
1185944000617947136
1185944001461002240
1185944001674911746
1185944002002116608
1185944003314798592
1185944004233437187
1185944004422262786
1185944005172957189
1185944005860741120
1185944007072997376
1185944008411013121
1185944008880807941
1185944009497288705
1185944011368030209
1185944013918093312
1185944015503593476
1185944015742496768
1185944016497659904
1185944017533583367
1185944019358179328
1185944020503142400
1185944020851277824
1185944020868124672
1185944022336069633
1185944022520651777
1185944022554165249
1185944027868348416
1185944028010860544
1185944028426190849
1185944030510813185
1185944032607907840
1185944032670699521
1185944033442631680
1185944033614618625
1185944033719398400
1185944034180775936
1185944034281320448
1185944034344423424
1185944034486947843
1185944034826543105
1185944037003419648
1185944037955641344
1185944038140190722
1185944038303662081
1185944039373365249
1185944039419498497
1185944040753303552
1185944042439368704
1185944042812723201
1185944043152379905
1185944043525570560
1185944044448317441
1185944044729491456
1185944045266317319
1185944047644528641
1185944048051412992
1185944048110051329
1185944048789590016
1185944050379173890
1185944050874114048
1185944051452760064
1185944052291850241
1185944052367265793
1185944053222903809
1185944053818392577
1185944054208401408
1185944056435793921
1185944057215737856
1185944057358487556
1185944057593417728
1185944058104958977
1185944058260328453
1185944058608410626
1185944058864250880
1185944059287953409
1185944062030778368
1185944062047772673
1185944062257315841
1185944062626537472
1185944062781583361
1185944062882435072
1185944063331180544
1185944063570255875
1185944064123965441
1185944066741030913
1185944066808152065
1185944067546349568
1185944067705720833
1185944068733452289
1185944069001879558
1185944072781025280
1185944073397518341
1185944073967792128
1185944074290913280
1185944074945204224
1185944075758755840
1185944075951697920
1185944076471980032
1185944077394677766
1185944077843365889
1185944079315673092
1185944079982575617
1185944080343293952
1185944081584705536
1185944082620801025
1185944083866574849
1185944083941842945
1185944087591079936
1185944088178089984
1185944088417198080
1185944088597561344
1185944090308952065
1185944091105910784
1185944091122528256
1185944091583897600
1185944092045279232
1185944094687629313
1185944094973071360
1185944095312748545
1185944098743603200
1185944099909582855
1185944100643704833
1185944101717327872
1185944101910433793
1185944102149541888
1185944102573137922
1185944103445504000
1185944104179589125
1185944105425223682
1185944106276720640
1185944106951942144
1185944108046716928
1185944108080254976
1185944110236086272
1185944111527759872
1185944114845626368
1185944116330409990
1185944117160894469
1185944117685243904
1185944117764939778
1185944120360988675
1185944120369352704
1185944120801419266
1185944121183277056
1185944121862606848
1185944121875320833
1185944122126929921
1185944124559638528
1185944124903444480
1185944125721530368
1185944125759078402
1185944126983954433
1185944128145809408
1185944128175136770
1185944128766513152
1185944129332748288
1185944129487769600
1185944129999691779
1185944130741915650
1185944132088258561
1185944132235202566
1185944133464027136
1185944134349139968
1185944134391140353
1185944134525300736
1185944134634352646
1185944134961504256
1185944135385178112
1185944135892496386
1185944138728067072
1185944143777980421
1185944144377724928
1185944145682153472
1185944147368144896
1185944148039233536
1185944148488011776
1185944148953751557
1185944149910020096
1185944150547587072
1185944151646490625
1185944151801643010
1185944152363671557
1185944152393080838
1185944152699265024
1185944153156280322
1185944153273896960
1185944153550573568
1185944153810788352
1185944154737692673
1185944155622694917
1185944155920318465
1185944156679487489
1185944157728194563
1185944158147661824
1185944159313637376
1185944159363969027
1185944160827793408
1185944160831979520
1185944161884803072
1185944162270511105
1185944162564235265
1185944162803343361
1185944163419865096
1185944163457519616
1185944164518645760
1185944164875329537
1185944165638692872
1185944166515101701
1185944168314671104
1185944168750895105
1185944169996439552
1185944170298511360
1185944170302603267
1185944170642456577
1185944170848018433
1185944171741401088
1185944171896434688
1185944171955314689
1185944173196861441
1185944173633069058
1185944173637029891
1185944173960024064
1185944174199263235
1185944174710931457
1185944174731890690
1185944174736084994
1185944174840954880
1185944175184887808
1185944175252066305
1185944176170622976
1185944176585826305
1185944177567096832
1185944177802133504
1185944177881812997
1185944177974095873
1185944178720755712
1185944179060412416
1185944179425337344
1185944179865784320
1185944180909985792
1185944181165805570
1185944181392445440
1185944181883035648
1185944182957006850
1185944184680792064
1185944184940892160
1185944186140418048
1185944188686393344
1185944189076496384
1185944191047798786
1185944191664349185
1185944193002278913
1185944193925111808
1185944194046664704
1185944194533281792
1185944195342589952
1185944196902993921
1185944197519630338
1185944197607706625
1185944200195514369
1185944201407750146
1185944201910874112
1185944202150064129
1185944202183528448
1185944203513257984
1185944205262229506
1185944205518131200
1185944207002886144
1185944208680484864
1185944210031157255
1185944211734122496
1185944211918589952
1185944212912648194
1185944214414204928
1185944215311847429
1185944215911575552
1185944218461790208
1185944218662891521
1185944218755198976
1185944219002777605
1185944219426414594
1185944219489316864
1185944220030267392
1185944221234028545
1185944221611675655
1185944223016730625
1185944224300240896
1185944224329601025
1185944227596910592
1185944227995357184
1185944230004477952
1185944230289707015
1185944230411329536
1185944232110022656
1185944232319541253
1185944232470573057
1185944232764289026
1185944234639147008
1185944235503173632
1185944235545104384
1185944235675176960
1185944237302603776
1185944237550030850
1185944237650710528
1185944238254673920
1185944238837645313
1185944240200802306
1185944240553156608
1185944241555554305
1185944241861730305
1185944242163724293
1185944242432159744
1185944242964717569
1185944243073961985
1185944243896045569
1185944243958796288
1185944245468839937
1185944245858902016
1185944247222112257
1185944249302306817
1185944250371825665
1185944251856838656
1185944251961618432
1185944252884357120
1185944253865877504
1185944255749070848
1185944255795097602
1185944255954669571
1185944256986390528
1185944258701860864
1185944259020623872
1185944259045810176
1185944259087798274
1185944259796619264
