1185961876493987841
1185961876515164160
1185961876867432450
1185961877123358720
1185961878213795840
1185961878733885440
1185961879375679488
1185961879467900928
1185961880046755842
1185961880512278528
1185961881061736456
1185961881921417216
1185961885037813760
1185961885574795265
1185961886510211077
1185961886858260480
1185961887726358528
1185961888011694080
1185961888062083083
1185961888561192960
1185961888577925120
1185961888749903872
1185961890020810752
1185961890402443269
1185961890717097984
1185961891497152514
1185961891526369280
1185961891727904769
1185961892126363649
1185961892193415168
1185961892378038274
1185961892642209793
1185961893686583297
1185961893971804161
1185961894344974336
1185961895515344896
1185961895523520512
1185961896265969665
1185961896375128065
1185961896576520193
1185961897872506882
1185961898883321856
1185961899441164288
1185961900661792769
1185961900783341570
1185961901458710530
1185961902456868864
1185961902750482433
1185961906957422593
1185961907242635265
1185961907628498945
1185961907817209856
1185961909008265216
1185961909180219392
1185961909717069824
1185961911235567616
1185961911592071170
1185961912409804800
1185961912577617921
1185961913055928326
1185961913450160135
1185961913936687105
1185961914351915009
1185961914905612294
1185961916109414400
1185961916767916032
1185961917233401858
1185961917610938370
1185961917682073602
1185961918126841856
1185961918269399040
1185961918453833728
1185961918500134913
1185961919326359557
1185961920316235776
1185961920983130112
1185961921327108097
1185961921435987973
1185961921650089985
1185961922308591616
1185961922560217089
1185961923021553664
1185961923084541958
1185961923210293250
1185961923575197696
1185961924435025920
1185961924690763776
1185961924749643780
1185961925433315328
1185961926133719043
1185961927006150657
1185961927064850432
1185961928792924162
1185961929296302081
1185961931095457792
1185961931267624961
1185961931439529984
1185961931594698764
1185961931729002498
1185961931762307072
1185961932433612801
1185961934111293441
1185961934291488768
1185961935277379585
1185961936426430464
1185961937340755969
1185961937546416129
1185961937940598784
1185961938850930689
1185961939001692160
1185961941254184960
1185961941396639745
1185961941489147904
1185961942575386624
1185961942931910656
1185961944710299653
1185961944924205059
1185961945213607936
1185961945473654785
1185961945574199296
1185961945981042688
1185961946773721088
1185961947272843265
1185961947650547714
1185961947986042881
1185961948304871425
1185961948426440711
1185961948451618827
1185961948615266309
1185961948736901120
1185961948959117315
1185961949533593601
1185961950255239168
1185961950594756609
1185961951370862602
1185961951802744837
1185961951937081344
1185961952071376899
1185961953782575106
1185961953816141829
1185961954436943872
1185961955271610369
1185961955460374529
1185961955649040384
1185961955921674240
1185961956143980544
1185961956399824902
1185961957515501569
1185961957670604801
1185961959021109248
1185961959847579652
1185961959994216448
1185961960229212160
1185961965119606787
1185961965199470595
1185961965488762880
1185961965551792129
1185961966898040832
1185961966910803969
1185961967166590978
1185961967925768193
1185961969045647360
1185961969507061762
1185961970203353089
1185961970807328771
1185961971428024320
1185961972111675392
1185961973302865924
1185961973764087808
1185961974124953601
1185961974162698243
1185961974401847296
1185961974405857280
1185961974552813568
1185961974783467523
1185961974917672960
1185961975110688771
1185961975840419840
1185961976117301255
1185961976976961536
1185961977593634817
1185961977991946240
1185961978042433536
1185961978424188929
1185961979082674177
1185961979132801024
1185961979573362688
1185961979799855106
1185961980139425799
1185961980882014208
1185961981989179393
1185961982962343937
1185961983520194560
1185961984984076290
1185961985063546880
1185961986682691584
1185961986988879873
1185961987316031489
1185961988339503109
1185961988633042945
1185961989127970816
1185961989711056897
1185961990608568321
1185961990847713281
1185961991191646211
1185961991493566464
1185961992466636800
1185961992617693184
1185961994781974529
1185961995268431874
1185961995520135168
1185961995847249920
1185961996082130944
1185961996145045504
1185961997235621895
1185961998216941569
1185961998741331974
1185961999802482693
1185961999844294656
1185961999898943490
1185962000230178816
1185962000876097536
1185962001668825088
1185962001937457152
1185962003006771200
1185962003384410113
1185962004076474369
1185962004080709639
1185962004386680832
1185962004797890562
1185962005867499520
1185962006492303360
1185962006563741698
1185962006970585090
1185962007163478019
1185962007402598400
1185962007431958529
1185962007436001280
1185962007771484160
1185962007792685056
1185962008686088192
1185962008874754048
1185962009621422080
1185962010040627205
1185962010657337346
1185962010854510595
1185962011890462720
1185962012871929859
1185962013362708485
1185962013719191552
1185962014201528320
1185962014293803009
1185962015329832961
1185962015417917446
1185962016072257541
1185962016168730624
1185962016269316101
1185962017707966464
1185962017724784640
1185962018093748224
1185962018341343232
1185962019544948737
1185962019813543938
1185962019998130176
1185962020111298564
1185962020123893762
1185962020966821890
1185962021021339648
1185962021218590720
1185962022065917952
1185962022455791616
1185962022611148801
1185962022858612736
1185962024351739904
1185962024502808582
1185962024754393088
1185962025001705472
1185962025320509440
1185962025496825857
1185962026243366913
1185962026281197569
1185962026369245184
1185962026771927041
1185962026948005895
1185962026952200192
1185962027988205568
1185962028038590466
1185962028093116423
1185962028575248384
1185962028952883206
1185962029250686976
1185962029816913921
1185962030219571200
1185962030404112385
1185962030521552896
1185962032157335564
1185962032694206464
1185962033533083648
1185962033721888769
1185962033801506818
1185962033856110592
1185962035164528642
1185962037278457862
1185962037924585472
1185962038272647169
1185962038876618753
1185962038985658368
1185962039023493120
1185962039551897601
1185962039686189057
1185962040428584960
1185962041632346112
1185962041741336582
1185962041816866816
1185962041883926528
1185962042164953088
1185962042223742978
1185962043133677568
1185962043146428419
1185962043318235137
1185962043460878336
1185962044559970309
1185962045029699585
1185962045096841222
1185962046074085377
1185962046136999937
1185962046816428032
1185962047047196674
1185962047068131329
1185962047244136449
1185962047483170816
1185962047894441985
1185962048212979712
1185962048280121345
1185962048297066496
1185962049186217984
1185962049232351233
1185962050029273091
1185962050536837121
1185962051908358144
1185962051937673216
1185962052738662400
1185962053082726400
1185962053539753985
1185962053699325955
1185962054546419712
1185962055112638464
1185962055368613888
1185962055637110784
1185962061131649024
1185962062616453120
1185962063463469056
1185962063505567750
1185962063857963009
1185962064055013376
1185962064751353858
1185962065627774978
1185962066399629312
1185962068064661504
1185962069490851845
1185962069608128512
1185962071638315008
1185962072221241344
1185962072871321600
1185962075304185856
1185962075924959235
1185962077753663489
1185962079683072006
1185962079825616904
1185962079943057408
1185962080198893569
1185962081612435458
1185962081767477248
1185962081784225792
1185962082300256258
1185962082308689920
1185962082417696768
1185962082749075456
1185962083214479360
1185962083583774721
1185962085857071104
1185962086112907265
1185962086183997440
1185962086557507585
1185962087995994112
1185962088557998082
1185962088591699968
1185962088675581954
1185962088868528131
1185962089355120640
1185962089833291777
1185962090260905984
1185962090378514432
1185962091318001664
1185962092333010950
1185962092651614208
1185962092869967872
1185962094891544578
1185962096376332288
1185962097072578560
1185962098062430212
1185962098628747264
1185962099517857793
1185962100012634112
1185962100499210241
1185962100532957186
1185962100683882500
1185962100826525696
1185962101518430209
1185962102852329472
1185962102948712448
1185962102965592070
1185962103158521857
1185962105297608705
1185962105385771009
1185962105553477638
1185962105767370753
1185962106430152704
1185962107277316096
1185962107378032645
1185962107986153472
1185962108363689984
1185962108858634240
1185962110217605120
1185962111148740608
1185962112352444417
1185962112675237889
1185962113589764097
1185962114336382976
1185962114839728128
1185962115171016704
1185962115544150017
1185962115544182784
1185962115745669122
1185962116014116864
1185962116932669440
1185962117012377601
1185962117276585984
1185962118023122944
1185962119176564736
1185962120137134080
1185962120585895937
1185962121596690433
1185962122997571586
1185962123572191237
1185962123790311424
1185962124843061249
1185962125799223296
1185962126847950850
1185962127800111105
1185962127951048705
1185962128827486208
1185962129117077505
1185962129238777858
1185962129540763648
1185962129616232448
1185962129729433606
1185962130106912768
1185962130379563009
1185962131595943938
1185962131663003649
1185962131897933825
1185962131969249281
1185962132329947136
1185962132522831872
1185962132615155712
1185962133063917569
1185962133210783747
1185962133923815424
1185962135152742400
1185962136134209538
1185962136981463041
1185962137702846464
1185962138965303302
1185962139388915712
1185962140362006528
1185962141569957888
1185962143360921600
1185962143780397061
1185962144396742657
1185962145508409351
1185962145835409408
1185962146355666944
1185962146821111808
1185962147068678144
1185962147576238081
1185962148348026881
1185962149509849089
1185962149627088896
1185962150981967872
1185962151103602688
1185962151300612097
1185962151854387202
1185962152613568512
1185962152617807873
1185962153318080513
1185962153863348225
1185962154480021505
1185962154870087681
1185962154911883264
1185962155167944704
1185962155301933056
1185962155822211072
1185962156006748160
1185962156115795969
1185962156132634630
1185962156656922629
1185962157705453569
1185962159395823616
1185962159844581377
1185962161136422914
1185962161547501568
1185962162981867520
1185962163954995206
1185962164055609349
1185962164433100800
1185962164600868866
1185962164739330048
1185962165154521088
1185962165821415424
1185962166391840776
1185962166509137921
1185962166865797120
1185962166924431361
1185962167138476032
1185962167180431360
1185962167197163521
1185962167872479234
1185962168258183168
1185962169445310465
1185962169453682688
1185962169499901952
1185962170296782848
1185962170883821568
1185962171026440195
1185962171370528774
1185962171521388544
1185962172662239232
1185962173664808960
1185962173710815232
1185962175355117569
1185962176114315266
1185962176122642432
1185962176839868416
1185962177427103744
1185962177733234688
1185962178085642240
1185962179062878208
1185962179184484355
1185962179889127424
1185962180975321088
1185962182497972232
1185962182980374528
1185962183064248320
1185962183227633670
1185962183370387456
1185962183475249152
1185962183823282176
1185962184666439680
1185962186260115456
1185962186495188992
1185962187589902336
1185962187787034624
1185962187988393987
1185962188193882112
1185962188554547211
1185962188898521088
1185962189905186818
1185962189934546944
1185962189993271297
1185962190228148230
1185962192077819905
1185962192723681281
1185962193927278592
1185962194820841473
1185962194866970624
1185962194912956416
1185962196301426688
1185962196318216194
1185962196343427072
1185962197735731201
1185962198356676608
1185962199442964482
1185962200197931008
1185962200801988608
1185962201514987521
1185962201972203521
1185962202026655746
1185962202748116992
1185962203352092678
1185962203406458880
1185962203641458694
1185962204086046720
1185962204127993858
1185962204484554756
1185962205625368576
1185962206707499009
1185962206938066945
1185962207466659841
1185962208573960193
1185962208628527109
1185962210323058689
1185962210729832448
1185962211010678786
1185962212734705666
1185962214957694979
1185962215091912709
1185962215511384065
1185962216362856448
1185962216731926534
1185962217310736384
1185962217558151168
1185962218409598976
1185962218833227777
1185962218862497792
1185962218984222720
1185962219244281857
1185962219617554439
1185962219957342208
1185962220217192448
1185962220955389952
1185962221689561093
1185962222578753539
1185962223459545088
1185962224482828289
1185962225628073984
1185962225850372099
1185962226542350336
1185962228316430336
1185962228530462722
1185962228748562432
1185962228924723201
1185962229323194378
1185962229373509632
1185962230535413762
1185962230644445195
1185962231290314752
1185962232284270593
1185962233047801856
1185962233244897280
1185962233312038912
1185962233332994049
1185962233790001152
1185962234347958274
1185962234431922176
1185962236059308032
1185962237195890689
1185962237921353729
1185962238554841088
1185962238970081281
1185962239674769408
1185962240157147137
1185962241843068928
1185962242296242178
1185962243026051072
1185962243189542916
1185962243512557569
1185962244288450562
1185962244473012224
1185962245517299713
1185962246968659968
1185962247379705856
1185962247694237697
1185962249338413062
1185962251271974922
1185962253197152256
1185962253532762114
1185962253578842112
1185962254111518720
1185962254933643265
1185962255034269703
1185962255470518272
1185962256124825601
1185962256174997508
1185962258490384384
1185962258498637824
1185962260126195718
1185962260616957952
1185962261254414337
1185962261497733120
1185962263716515842
1185962264139927552
1185962264517644290
1185962264567930884
1185962264664264704
1185962264991584257
1185962265964666885
1185962267105300481
1185962267784941571
1185962267923439616
1185962268674146304
1185962269332721665
1185962269907259393
1185962270096089092
1185962270255222784
1185962270276378624
1185962270637072385
1185962270787919877
1185962270985244673
1185962271555686400
1185962271857623040
1185962271958274048
1185962273623465984
1185962273686376450
1185962275183579137
1185962275624103937
1185962275951259648
1185962277150822408
1185962277457027073
1185962277477998598
1185962278048452615
1185962278283284480
1185962279398973441
1185962280191705088
1185962280665649152
1185962280669892614
1185962280732823552
1185962280770572289
1185962280808275974
1185962281525567488
1185962282217562115
1185962284411215872
1185962284897714177
1185962285782765569
1185962286126653440
1185962286701305856
1185962287200456706
1185962288500695041
1185962290400636928
1185962290908057600
1185962291679956992
1185962291826696193
1185962292845993984
1185962293076480000
1185962293391216641
1185962294817112064
1185962295156969473
1185962295379353600
1185962296004284418
1185962296134324225
1185962297044455424
1185962298160173063
1185962299577819136
1185962299946868736
1185962300072759297
1185962301226192898
1185962301385428993
1185962301393899520
1185962301758853126
1185962303570604032
1185962303683989505
1185962304610783232
1185962305164578816
1185962305647005697
1185962306368196608
1185962306951401474
1185962307391758337
1185962307869790208
1185962307962068992
1185962308201275392
1185962309392445440
1185962309476323329
1185962310847868930
1185962310898274304
1185962310994673664
1185962311816744972
1185962312408195078
1185962312756289536
1185962312773066753
1185962313410498560
1185962313595138048
1185962313758715904
1185962314446577667
1185962314740187136
1185962315121909762
1185962315541368832
1185962315692363777
1185962316384178177
1185962316627664896
1185962317147787265
1185962317701234688
1185962317764321287
1185962318192107521
1185962318255067142
1185962318657667072
1185962319219691521
1185962319324409856
1185962320465281024
1185962320805142534
1185962320838701056
1185962320943468544
1185962321006465025
1185962321681829888
1185962321975205888
1185962322512138241
1185962322549989377
1185962323132837888
1185962323661312001
1185962324630347776
1185962324638584832
1185962325066555392
1185962325804756993
1185962326882566144
1185962327880994816
1185962327893532673
1185962328233132037
1185962328749158400
1185962328816308229
1185962329495818242
1185962329575432194
1185962329915179015
1185962330628218883
1185962330670206982
1185962330687004675
1185962331458670592
1185962332465356802
1185962332570161152
1185962332855382017
1185962333195124736
1185962333371338754
1185962333383753728
1185962333727838214
1185962334017261568
1185962334625419265
1185962335036416000
1185962335355232256
1185962335678152706
1185962335686537222
1185962336689053702
1185962337108451329
1185962337213267968
1185962337376915460
1185962337565581313
1185962337695649792
1185962338429652996
1185962339025047552
1185962340031893505
1185962340791005187
1185962341244047363
1185962341281742848
1185962341403369473
1185962341407608844
1185962341856403456
1185962341927571456
1185962342795923463
1185962343605383168
1185962343810748416
1185962344892878853
1185962345085853696
1185962345375383552
1185962345744474112
1185962346574942210
1185962346797252608
1185962347761942530
1185962348110077959
1185962349368348672
1185962349460672513
1185962349590540289
1185962350374989824
1185962350743937025
1185962350769295361
1185962350932877312
1185962352015040517
1185962352337924097
1185962352673353729
1185962353201946624
1185962353814360065
1185962354514616320
1185962354972020738
1185962355206701056
1185962355252850689
1185962356406439936
1185962356951654400
1185962356980899840
1185962357119508482
1185962357450821634
1185962357748633600
1185962357966524416
1185962358121754624
1185962358167998465
1185962358201618432
1185962358230999041
1185962358524522496
1185962359124217856
1185962359853989888
1185962360554557443
1185962361112403973
1185962361477353472
1185962361619996673
1185962361833906176
1185962362035159040
1185962362098061314
1185962363419279360
1185962363586895877
1185962364023128064
1185962365503688707
1185962365839429633
1185962365940064257
1185962366963466242
1185962368305651713
1185962369480056834
1185962370239123456
1185962370381824002
1185962370620776448
1185962371250036737
1185962371363282944
1185962371484798977
1185962371518533637
1185962371950534657
1185962372357378049
1185962372483162119
1185962373049475072
1185962373342908416
1185962374660083715
1185962374978768898
1185962375079481344
1185962377453457409
1185962378082435073
1185962378120384512
1185962378153906177
