1185966910019522566
1185966910049050624
1185966910250217473
1185966910275510273
1185966910321631234
1185966910476902400
1185966910904528897
1185966910929883136
1185966910967615495
1185966910980136961
1185966912066543617
1185966912142041090
1185966912393621505
1185966912624365568
1185966912653541377
1185966912725012480
1185966912771182592
1185966913123430402
1185966914042060800
1185966914121732097
1185966914167885826
1185966914612404224
1185966914704556032
1185966914889236480
1185966915023495169
1185966915187023873
1185966915438743554
1185966915711356939
1185966915736477697
1185966915942076417
1185966916185313282
1185966916587753473
1185966916906733574
1185966916982247424
1185966917011427328
1185966917095325697
1185966917359529984
1185966917678501888
1185966918487986178
1185966918559076353
1185966918685122565
1185966918764814347
1185966918957699080
1185966919372832768
1185966919603630080
1185966919746240513
1185966920253747201
1185966920518029313
1185966920878776321
1185966921147174914
1185966921168105473
1185966921188958208
1185966921268826115
1185966921528827906
1185966921663033344
1185966921868439552
1185966922602561537
1185966922648547328
1185966922699100161
1185966922883633155
1185966923634245632
1185966923638591489
1185966923684691969
1185966923722448896
1185966923772825600
1185966923827372034
1185966924053831680
1185966924582268935
1185966924611620864
1185966924712366080
1185966924741697537
1185966924854910976
1185966924947169281
1185966925513404417
1185966926142398464
1185966926264258563
1185966926406782976
1185966927275008001
1185966927367364609
1185966927610437632
1185966927673475072
1185966927702876160
1185966928092975106
1185966928315277313
1185966928499748871
1185966928755613697
1185966928919252992
1185966928948539394
1185966929032314882
1185966929367965698
1185966929606934528
1185966929636417536
1185966929745334274
1185966929766424576
1185966930487926786
1185966930894708737
1185966930894753798
1185966930949296130
1185966930978578432
1185966931087691777
1185966931586752513
1185966931737796609
1185966931737825280
1185966931792351233
1185966931800743946
1185966933323075584
1185966933469995008
1185966933553885188
1185966933579055105
1185966933625184258
1185966933700743170
1185966933843365888
1185966933956542464
1185966934539550725
1185966934761918464
1185966934879174656
1185966935072235520
1185966935273541634
1185966935374086144
1185966935630110721
1185966935642693633
1185966935655075840
1185966935701442560
1185966936456224769
1185966936561201158
1185966936682909698
1185966936754139136
1185966936867381249
1185966937135812608
1185966937177767937
1185966937270112259
1185966937689350146
1185966938108944385
1185966938184454144
1185966938209443846
1185966938536730624
1185966938859552768
1185966939019137026
1185966939153162240
1185966939170131969
1185966939321049090
1185966939480510464
1185966939639894016
1185966939648266240
1185966939811799041
1185966939832762368
1185966939862114307
1185966939992219650
1185966940260462592
1185966940290011137
1185966940420005888
1185966940478754819
1185966940671664128
1185966940919078912
1185966940965130240
1185966941053190144
1185966941279870978
1185966941296443392
1185966941552422913
1185966941586055168
1185966941913178112
1185966941934145536
1185966942177251334
1185966942198390786
1185966942357729280
1185966942701506560
1185966943045668929
1185966943380967425
1185966943548956672
1185966943750242305
1185966943775481857
1185966943905431553
1185966943913828352
1185966944136192000
1185966944157163520
1185966944199024640
1185966944257576961
1185966944291315712
1185966944308084736
1185966944412823552
1185966944530391040
1185966944534646785
1185966944773525504
1185966944823971840
1185966944853397505
1185966945344118785
1185966945348313092
1185966945486671873
1185966945516036096
1185966945889378305
1185966945926930432
1185966946224754688
1185966946610753536
1185966947047006210
1185966947302817792
1185966947516612615
1185966947520958464
1185966947621466112
1185966947814592528
1185966947948781570
1185966948003307522
1185966948489646080
1185966948565356544
1185966948779094018
1185966949278404608
1185966949399977984
1185966949559238656
1185966949773258752
1185966949802676225
1185966949815246850
1185966949840445445
1185966950062669824
1185966950062743552
1185966950087905281
1185966950154940416
1185966950180110337
1185966950305927174
1185966950364655617
1185966951064993792
1185966953090838529
1185966953212661760
1185966953300709376
1185966953443278848
1185966953791459331
1185966953892069382
1185966953984380928
1185966954017746944
1185966954923905024
1185966955141971968
1185966955188183040
1185966955561242624
1185966955653730304
1185966955745959936
1185966955775348737
1185966956396105729
1185966956966342657
1185966957390110721
1185966957410930688
1185966957574737920
1185966957595545600
1185966957805395971
1185966958035927040
1185966958061203456
1185966958782627840
1185966958799400961
1185966959021690882
1185966959382454273
1185966959411621888
1185966959487279105
1185966959592198145
1185966959671701504
1185966959776714752
1185966959843860480
1185966960162623488
1185966960267448321
1185966960460345345
1185966960561049600
1185966960594563072
1185966960682643456
1185966960884011009
1185966961081114624
1185966961089486848
1185966961437630464
1185966961462779907
1185966961630633984
1185966962150723595
1185966962196865031
1185966962305830913
1185966962427465734
1185966962461102081
1185966962528210944
1185966963715121152
1185966963778035713
1185966963958390785
1185966964038160384
1185966964482535425
1185966964742807552
1185966964876992512
1185966965082468352
1185966965191393280
1185966965208145920
1185966965422247936
1185966965443223552
1185966965531271168
1185966965585788928
1185966965975912448
1185966966164475905
1185966966189805569
1185966966546124800
1185966966571458561
1185966966701318144
1185966966823178240
1185966967548592128
1185966967569735680
1185966967573762053
1185966967657848832
1185966967708106752
1185966967708143618
1185966968022552576
1185966968181936128
1185966968941232128
1185966969109041153
1185966969222238210
1185966969612308481
1185966969687703552
1185966970358792192
1185966970493198336
1185966970660765696
1185966970975506433
1185966971021447168
1185966971126464512
1185966971202015234
1185966972090998784
1185966972565118976
1185966973282242560
1185966973517209602
1185966973697626113
1185966973710143490
1185966973827649537
1185966973940883456
1185966974007992322
1185966974121193472
1185966974138015745
1185966974259433474
1185966974389702660
1185966974490337280
1185966974632972289
1185966974867857412
1185966975194992640
1185966975647920129
1185966975677292544
1185966975752790016
1185966975891189760
1185966976704880645
1185966977090772994
1185966977107582976
1185966977128554496
1185966977308868618
1185966977451528193
1185966977485017093
1185966977640226828
1185966977711529986
1185966977728299010
1185966977749311489
1185966978047066112
1185966978327953408
1185966978386841600
1185966978420355073
1185966978969882624
1185966978982395904
1185966979150204928
1185966979410268160
1185966979552808960
1185966979821309952
1185966979838107649
1185966979879968770
1185966979997487105
1185966980706246662
1185966980718825477
1185966980727296002
1185966980983119872
1185966981289250816
1185966981301899264
1185966981515755525
1185966981545123841
1185966981679333377
1185966982484692992
1185966982501302272
1185966982794842112
1185966983105404928
1185966983289982977
1185966983306797056
1185966983650562048
1185966983671664643
1185966983675891714
1185966983734538246
1185966984036528128
1185966984191762434
1185966984548229120
1185966984699232256
1185966984829329408
1185966985013858305
1185966985290637312
1185966985533968390
1185966985693290497
1185966985705857024
1185966985718292485
1185966985756082176
1185966985777238016
1185966986196635650
1185966986364407809
1185966986406387717
1185966986540527616
1185966986683019264
1185966986745929730
1185966986746126337
1185966986993586178
1185966987337457664
1185966987354279940
1185966987706540032
1185966987706589184
1185966987903561728
1185966987920510978
1185966988046278659
1185966988071505921
1185966988084023297
1185966988176306177
1185966988323106817
1185966988511854593
1185966988646064130
1185966988780331008
1185966988801298437
1185966989149442048
1185966989275254784
1185966989577207809
1185966989619159040
1185966989686296582
1185966989745049605
1185966989837254656
1185966989874995200
1185966989946298373
1185966990281924609
1185966990760071169
1185966990827163649
1185966990852284417
1185966991011667973
1185966991254925313
1185966991334469632
1185966991338811398
1185966991485669376
1185966991573770241
1185966991787659264
1185966991913422850
1185966991925862400
1185966992001339392
1185966992068624384
1185966992156741633
1185966992634855425
1185966992785920001
1185966993461129216
1185966993482158083
1185966993679306753
1185966993758998528
1185966993930887170
1185966994027417601
1185966994337796097
1185966994585247745
1185966995038183425
1185966995528994817
1185966995545690112
1185966995969314816
1185966996481032193
1185966996489428995
1185966996514594816
1185966996736921600
1185966996762038273
1185966996829151241
1185966996871155718
1185966997001007104
1185966997474906112
1185966997638537216
1185966997772865536
1185966997793890306
1185966998162821120
1185966998615986177
1185966998737555456
1185966998892625920
1185966998896939009
1185966998896939014
1185966998897020928
1185966999006011396
1185966999102513152
1185966999198932993
1185966999639396358
1185966999974961154
1185967000092209152
1185967000176209921
1185967000192978944
1185967000473915392
1185967000629272578
1185967000813785088
1185967000956194818
1185967001174499328
1185967001346465795
1185967001384042496
1185967001409212417
1185967001463906313
1185967001556140033
1185967001564516353
1185967001715404800
1185967001748922368
1185967001774239744
1185967001791008769
1185967001975570434
1185967002126553088
1185967002239799301
1185967002461990912
1185967002508242945
1185967002797522944
1185967003099643905
1185967003238109184
1185967003254902787
1185967003313459200
1185967003363725312
1185967003372281856
1185967003401687040
1185967003401707521
1185967003414269952
1185967003661668352
1185967003896549377
1185967004068519944
1185967004450197505
1185967004487958528
1185967004685144066
1185967005251317765
1185967005427552256
1185967005620289537
1185967005695954946
1185967006228594688
1185967006291546112
1185967006299951105
1185967006421528576
1185967006568321024
1185967006702374912
1185967006736011264
1185967006983639040
1185967007474376704
1185967007516299267
1185967007868407808
1185967008191537152
1185967008577249280
1185967008707465217
1185967008791351307
1185967008912941056
1185967009022001152
1185967009214980097
1185967009642766343
1185967009936433157
1185967010246774785
1185967010297065473
1185967010343088134
1185967010397609984
1185967010540392455
1185967010540412928
1185967010552918017
1185967010599055360
1185967010758516740
1185967010867548160
1185967010934673413
1185967011093995521
1185967011123384321
1185967011270189056
1185967011479916544
1185967011823788032
1185967011932884992
1185967011958001664
1185967011978973186
1185967012218130435
1185967012255850496
1185967012289404934
1185967012289417217
1185967012377432065
1185967012809510913
1185967012914307077
1185967013015015424
1185967013098860544
1185967013157654529
1185967013329625090
1185967013841141760
1185967014076178433
1185967014122270720
1185967014193614856
1185967014248144896
1185967014281658368
1185967014491361285
1185967014688579585
1185967015099539456
1185967015166693377
1185967015451860993
1185967015737135104
1185967015854518272
1185967015934255104
1185967016290598912
1185967016647245825
1185967016907141120
1185967017012142082
1185967017398067202
1185967017402261509
1185967017423060992
1185967017439965190
1185967017511264263
1185967017658073089
1185967017934893056
1185967018589196288
1185967018635354113
1185967018668900352
1185967018719285250
1185967018786213888
1185967019088318465
1185967019109179392
1185967019302293504
1185967019440648194
1185967019444834307
1185967019864350721
1185967019977515008
1185967020141142017
1185967020212412416
1185967020338225153
1185967020384210944
1185967020405342208
1185967020824825857
1185967021151928325
1185967021470683136
1185967021768527872
1185967021877538816
1185967022200496128
1185967022389321729
1185967022410219521
1185967022854684672
1185967023295209472
1185967023320424450
1185967023584505856
1185967023760777218
1185967023823740935
1185967023903428608
1185967023995736070
1185967024138260480
1185967024209629186
1185967024310308870
1185967024410943488
1185967024578551808
1185967024779874304
1185967025069408258
1185967025258147840
1185967025526583297
1185967025878732800
1185967026017316864
1185967026143158274
1185967026210267136
1185967026264838150
1185967026659086341
1185967026789060609
1185967026839478277
1185967026914775040
1185967027028217856
1185967027120492544
1185967027304853504
1185967027363569664
1185967027376263168
1185967027409903616
1185967027577589760
1185967027577655297
1185967027695095809
1185967027887976449
1185967027992715265
1185967028718505986
1185967029230198784
1185967029410566145
1185967029527994369
1185967029691408384
1185967029783797760
1185967029934809088
1185967029985185792
1185967030186446848
1185967030299705346
1185967030555611138
1185967030563934208
1185967030656258048
1185967030710800385
1185967030748536835
1185967030824034304
1185967030865936385
1185967030874394629
1185967030899335168
1185967031084113924
1185967031532826627
1185967031700508672
1185967031746748417
1185967031843201027
1185967031897743361
1185967031990001665
1185967032275230720
1185967032287686656
1185967032422096900
1185967032510091265
1185967032573026317
1185967032799387648
1185967032900165638
1185967033156063232
1185967033470447616
1185967033621438464
1185967033852268549
1185967033952829441
1185967034154266626
1185967034179510280
1185967034225643526
1185967034510794752
1185967034846212096
1185967034871570433
1185967035077091328
1185967035240603648
1185967035466936320
1185967035525849089
1185967035538399232
1185967036985462784
1185967037107056640
1185967037232771072
1185967037295644674
1185967037383921664
1185967037392314368
1185967037614608384
1185967037685780480
1185967037719302144
1185967037773832194
1185967037929185280
1185967038231040000
1185967038482792449
1185967038558363648
1185967038650560513
1185967038663143425
1185967039304863744
1185967039334141952
1185967039581585408
1185967039728496661
1185967040047308800
1185967040231870465
1185967040424828930
1185967040592580609
1185967040621895681
1185967040865210368
1185967041032970240
1185967041108500487
1185967041171333120
1185967041292976128
1185967041339183105
1185967041532088321
1185967041871781888
1185967042039570433
1185967042232406016
1185967042387681280
1185967042404458496
1185967042672943106
1185967042802966528
1185967042807193600
1185967043104923650
1185967043113291777
1185967043788640258
1185967043998289921
1185967044086390784
1185967044208070656
1185967044249845760
1185967044631650306
1185967044640030720
1185967044719730689
1185967044757458944
1185967044891680769
1185967045013196801
1185967045340553216
1185967045617172480
1185967045785145344
1185967045940256769
1185967045952733188
1185967046368075785
1185967046460350465
1185967046821056514
1185967047068401664
1185967047118864385
1185967047227969538
1185967047248879616
1185967047303450630
1185967047689289729
1185967047693520898
1185967048016441344
1185967048024678400
1185967048158892043
1185967048767295489
1185967048859496454
1185967048909828096
1185967048934989830
1185967048960151552
1185967049157165056
1185967049203421185
1185967049216008198
1185967049312473088
1185967049379602432
1185967050176507906
1185967050377912322
1185967050415575040
1185967050537209862
1185967050579202048
1185967050793115648
1185967051111727105
1185967051988504577
1185967052391100416
1185967052512612354
1185967052521136130
1185967052634427392
1185967052806213632
1185967053070622721
1185967053527748609
1185967053552807936
1185967053552934912
1185967053670440962
1185967053750059015
1185967053791989761
1185967053896859655
1185967053926293511
1185967054001786883
1185967054005911553
1185967054018334722
1185967054119211009
1185967054161108992
1185967054337085440
1185967054450331648
1185967054488252417
1185967054526058497
1185967054664265729
1185967055109013506
1185967055255638017
1185967055486382080
1185967055532511232
1185967055587201025
1185967055742390281
1185967055947862018
1185967056065306624
1185967056170057728
1185967056782389248
1185967056929185793
1185967056941920262
1185967056946106368
1185967056983920643
1185967057038278656
1185967057201971202
1185967057302622208
1185967057415933955
1185967057415954437
1185967057428500481
1185967057621409792
1185967057713664005
1185967057726128129
1185967057961213952
1185967058162520064
1185967058195845120
1185967058250588160
1185967058783211521
1185967058867118080
1185967058888069126
1185967059257171969
1185967059345084416
1185967059491934208
1185967059609501696
1185967059928342530
1185967060146442247
1185967060238716939
1185967060305829893
1185967060771360770
1185967060779560960
1185967060972724225
1185967061014437889
1185967061127880708
1185967061211766784
1185967061232697344
1185967061454880768
1185967061555650560
1185967061635342336
1185967062168035330
1185967062243565568
1185967062390198272
1185967062511947776
1185967062688161794
1185967063120187392
1185967063241646080
1185967063321341952
1185967063354896384
1185967063577387010
1185967063740928005
1185967063887683584
1185967064017711105
1185967064110059523
1185967064286056448
1185967064315547648
1185967064395239424
1185967064516706304
1185967064558854145
1185967064806244354
1185967064869158912
1185967064940531713
1185967065661878273
1185967065913593856
1185967066148421632
1185967066286821381
1185967066366595075
1185967066416852993
1185967066488201217
1185967067415154689
1185967067662561281
1185967067868127238
1185967068752928768
1185967069143142400
1185967069327777792
1185967069470363648
1185967069860253696
1185967069935886338
1185967069944107008
1185967070078554112
1185967070342574080
1185967070527344645
1185967070611214338
1185967070632120321
1185967070757834753
1185967070791507968
1185967070955134976
1185967071135326208
1185967071714304000
1185967071743664131
1185967071848521730
1185967071944986626
1185967072016289792
1185967072347672580
1185967072511234049
1185967072574148608
1185967072838328320
1185967072876072961
1185967073282928641
1185967073308139523
1185967073337528321
1185967073551368193
1185967073551405059
1185967073727369216
1185967073983373313
1185967074025164800
1185967074054692864
1185967074063110145
1185967074167971840
1185967074251886593
1185967074545405952
1185967074574831616
1185967074679644169
1185967074889392128
1185967075103297536
1185967075233128448
1185967075887603713
1185967076156030983
1185967076197822464
1185967076302708736
1185967076311293954
1185967076479045632
1185967076990734337
1185967077103951872
1185967077234036739
1185967077254819840
1185967077372379137
1185967077493837824
1185967077531639808
1185967077980438528
1185967078014148608
1185967078215315456
1185967078257414145
1185967078320291841
1185967078919958530
1185967079075340289
1185967079377330177
1185967079566053376
1185967079742230528
1185967079813533697
1185967079876386818
1185967080086167553
1185967080409108482
1185967080769802241
1185967081239601155
1185967081298321414
1185967081721909250
1185967082065690625
1185967082216841216
1185967082220986368
1185967082325839873
1185967082417995777
1185967082497892352
1185967082707542021
1185967082808238080
1185967082837553172
1185967082925674499
1185967082996928513
1185967083286335490
1185967083395440641
1185967083403857926
1185967083491938304
1185967083504447491
1185967083751956480
1185967083814838272
1185967083902898176
1185967084146249729
1185967084167143427
1185967084351574016
1185967084477415424
1185967084590776320
1185967084674510849
1185967084821286912
1185967084892758016
1185967084905193473
1185967085064617985
1185967085136109579
1185967085823942662
1185967085853270019
1185967085895192576
1185967086004264960
1185967086104768513
1185967086113132544
1185967086209765376
1185967086411100162
1185967086985596928
1185967087144955906
1185967087379873792
1185967087593967616
1185967087635914753
1185967087698825216
1185967087870795777
1185967087958876166
1185967088763985920
1185967088914927616
1185967089061900290
1185967089099722752
1185967089158426624
1185967089179332612
1185967089238134785
1185967089347125252
1185967089724596225
1185967089749610496
1185967089804292101
1185967089863012354
1185967089921732611
1185967090018201600
1185967090072723456
1185967090114670592
1185967090152431617
1185967090353737729
1185967090403921921
1185967090513141760
1185967090622029824
1185967090941026304
1185967091003867138
1185967091024875520
1185967091280744450
1185967091519635456
1185967091553165314
1185967091624677376
1185967091645583360
1185967091754639368
1185967092153147395
1185967092312477696
1185967092551438336
1185967092849434625
1185967092937478144
1185967093084250113
1185967093214265345
1185967093222690818
1185967093289639936
1185967093314916353
1185967093612568576
1185967093633695745
1185967093839216640
1185967093960843268
1185967093998669824
1185967094019645440
1185967094057390081
1185967094313160705
1185967094321549312
1185967094459842561
1185967094518730753
1185967094631927809
1185967094690660352
1185967094715879424
1185967094736850945
1185967094766211075
1185967094770348033
1185967094787166210
1185967094871003136
1185967095089156101
1185967095105896453
1185967095462404096
1185967095491825665
1185967095751806978
1185967095856730112
1185967096058003459
1185967096133509123
1185967096959623168
1185967097253376001
1185967097349849089
1185967097450565636
1185967097865822210
1185967098205368321
1185967098301825024
1185967098419384325
1185967099275071489
1185967099329429504
1185967099392512000
1185967099396661250
1185967099400937472
1185967099702677505
1185967100059369473
1185967100092932097
1185967100126486528
1185967100428537856
1185967100868866048
1185967101045026818
1185967101057605632
1185967101372059648
1185967101502205953
1185967101531607040
1185967101682634753
1185967102026567683
1185967102139781120
1185967102152327173
1185967102311784449
1185967102319972353
1185967102374666242
1185967102626283523
1185967102726938630
1185967103045787648
1185967103096045569
1185967103230337025
1185967103255425031
1185967103423197184
1185967103423201280
1185967103645491200
1185967103678894080
1185967104035610639
1185967104069160960
1185967104115105792
1185967104253661184
1185967104463237120
1185967105268695042
1185967105277153281
1185967105704742913
1185967105897836544
1185967105927270400
1185967106216599552
1185967106480844806
1185967106489061377
1185967106904526848
1185967107059486720
1185967107131019265
1185967107403444224
1185967107457998848
1185967107676073985
1185967107751710722
1185967108372516866
1185967109035061248
1185967109312073728
1185967109353943040
1185967109416869891
1185967109676945408
1185967110071209990
1185967110188650499
1185967110691966977
1185967110759075841
1185967110775693314
1185967110813556736
1185967110905683968
1185967111090384896
1185967111220453376
1185967111417552897
1185967111442718722
1185967111706959875
1185967111748890624
1185967111866322950
1185967112419991552
1185967112726237184
1185967112818450433
1185967112998850561
1185967113019756546
1185967113472634880
1185967113506349056
1185967113699233793
1185967113728602112
1185967113791516679
1185967113812566022
1185967113997037569
1185967114101805058
1185967114231922690
1185967114244501504
1185967114357600256
1185967114441707520
1185967114743681025
1185967114953383939
1185967114953412608
1185967115087556610
1185967115087597568
1185967115364380672
1185967115427291137
1185967115561553920
1185967115624505344
1185967115787890688
1185967115896909825
1185967115934883840
1185967116043706368
1185967116165496832
1185967116228235264
1185967116702404619
1185967117209931776
1185967117235032064
1185967117281058816
1185967117356527616
1185967117461573632
1185967117725622272
1185967117855678464
1185967117969047553
1185967118078099456
1185967118271107073
1185967118451392512
1185967118472364032
1185967118539464710
1185967118573035520
1185967118744981506
1185967118887444480
1185967118925418496
1185967119063801862
1185967119294517252
1185967119349010438
1185967119424507904
1185967119437123587
1185967119713865728
1185967120208805891
1185967120632504320
1185967120754073601
1185967120892465154
1185967121018294272
1185967121114828802
1185967121324363776
1185967121509113857
1185967121747959808
1185967122356277248
1185967122360479744
1185967122398240771
1185967122666741761
1185967122930900992
1185967123157409792
1185967123165859840
1185967123664920576
1185967123811713026
1185967124348620800
1185967124461867009
1185967124491198466
1185967124939980800
1185967125346836482
1185967125934071808
1185967126152204288
1185967126265434112
1185967126856601600
1185967126877802496
1185967127229976578
1185967127645376513
1185967127745966081
1185967127854891009
1185967127926202368
1185967127938777088
1185967128261906432
1185967128500944896
1185967128618393601
1185967128622616587
1185967128727478272
1185967128727490563
1185967128731668480
1185967128832303109
1185967129301901312
1185967129335681024
1185967129356656640
1185967129822158848
1185967129851551755
1185967130040262657
1185967130082021376
1185967130421776386
1185967130585362432
1185967130891751424
1185967131466203136
1185967131814285313
1185967131814453248
1185967132007370753
1185967132045185026
1185967132191932416
1185967132368084994
1185967132468744193
1185967132510752768
1185967132552511488
1185967132665929730
1185967132921815043
1185967133093744641
1185967133198561281
1185967133320048641
1185967133408350214
1185967133857124353
1185967134100213760
1185967134100377605
1185967134410788865
1185967134712778753
1185967134809174016
1185967135316512768
1185967135325114369
1185967135366905856
1185967135379644418
1185967135664824321
1185967135765520389
1185967135803297797
1185967135995990016
1185967136256200707
1185967136629575680
1185967136675520512
1185967136675717120
1185967136780382208
1185967136847450113
1185967136969240578
1185967137187225600
1185967137212514304
1185967137308991490
1185967137334149122
1185967137497735168
1185967137606815745
1185967137770409984
1185967138101694466
1185967138177204224
1185967138177245185
1185967138202411011
1185967138441445376
1185967138462322688
1185967138495971330
1185967138504433664
1185967138625986561
1185967138647003136
1185967138860929024
1185967139125112832
1185967139217432577
1185967139267764225
1185967139376844800
1185967139645198337
1185967139947024384
1185967140051906560
1185967140094054402
1185967140177940480
1185967140207124482
1185967140496691201
1185967140756701186
1185967140790329345
1185967141247471617
1185967141331390464
1185967141427658752
1185967141729832961
1185967142069391361
1185967142153457664
1185967142274883586
1185967142396682241
1185967142732271618
1185967143038398469
1185967143197839362
1185967143348658176
1185967143902416903
1185967144053432323
1185967144061636608
1185967144363642880
1185967144393162754
1185967144447528962
1185967144632246274
1185967144825184258
1185967144829218816
1185967145047318528
1185967145164914688
1185967145487949824
1185967145571753987
1185967145714249728
1185967146129604608
1185967146167234561
1185967146246922240
1185967146481979392
1185967146565881856
1185967146599239681
1185967146674737152
1185967146708418561
1185967146876014592
1185967146939101186
1185967146955952129
1185967146976759808
1185967147161280512
1185967147211776000
1185967147295662080
1185967147308191744
1185967147605872640
1185967147639607297
1185967147782148097
1185967148050472960
1185967148168077312
1185967148289658882
1185967148302327808
1185967148356661248
1185967148533010432
1185967148587503620
1185967148738285569
1185967148872675328
1185967148906287104
1185967149103362048
1185967149325651970
1185967149384376320
1185967149480923136
1185967149510201347
1185967149552156677
1185967149619261440
1185967149619306497
1185967149791219712
1185967150231629825
1185967150600773632
1185967150604750848
1185967150718226432
1185967150864879616
1185967150898515969
1185967151057817600
1185967151074689030
1185967151351549958
1185967151422803968
1185967151506710529
1185967151661879298
1185967151749963776
1185967151779368960
1185967151842131968
1185967151880003587
1185967151909392394
1185967151989055488
1185967152064598016
1185967152182054912
1185967152853127170
1185967152966393856
1185967153259991040
1185967153310076928
1185967153310248961
1185967153310253057
1185967153368961024
1185967153465511938
1185967153524162563
1185967153847119872
1185967153859547138
1185967153951977472
1185967154203635713
1185967154472083456
1185967154501427200
1185967154673438722
1185967155063296000
1185967155147227136
1185967155197677570
1185967155248058368
1185967155352870914
1185967155411587074
1185967155474522114
1185967155487150087
1185967155612803072
1185967155877154816
1185967156183224320
1185967156401442818
1185967156552491008
1185967156556636160
1185967157009698817
1185967157072531456
1185967157105979397
1185967157219397633
1185967157227638789
1185967157408096257
1185967157496205318
1185967157605261312
1185967157831704577
1185967157856866304
1185967158045618177
1185967158116913152
1185967158230212609
1185967158465052673
1185967158754365440
1185967158817374209
1185967158905298944
1185967159048048645
1185967159069102081
1185967159186542592
1185967159245041664
1185967159266234368
1185967159530405890
1185967159584927745
1185967159723352065
1185967159933046785
1185967160029569025
1185967160302006272
1185967160692269057
1185967160926949377
1185967161015226369
1185967161069768706
1185967161136865282
1185967161178804225
1185967161614983168
1185967161879224321
1185967161942011904
1185967162004951040
1185967162017513472
1185967162222972928
1185967162260893696
1185967162776645633
1185967162818813952
1185967163145969665
1185967163338907648
1185967163347263488
1185967163355680768
1185967163452153856
1185967163468926977
1185967163661832193
1185967164152598528
1185967164207128576
1185967164420956162
1185967164450324480
1185967164513112065
1185967164521697280
1185967164572012545
1185967164664233984
1185967164676804608
1185967165112930304
1185967165377335297
1185967165389848576
1185967165435981824
1185967165612183552
1185967165620404224
1185967165675053057
1185967165700222977
1185967165708603392
1185967165750599680
1185967165813379072
1185967165922566145
1185967165930987520
1185967166006398976
1185967166065205250
1185967166119657473
1185967166513991680
1185967166736261121
1185967166748676096
1185967166857850881
1185967166937542656
1185967166983737344
1185967167088549890
1185967167147167744
1185967167264743425
1185967167289876481
1185967167352823814
1185967167465902081
1185967167688364034
1185967167788982272
1185967167839309824
1185967167927394304
1185967168011362309
1185967168200024069
1185967168242016256
1185967168283918337
1185967168334073856
1185967168485253120
1185967168548036608
1185967168611110912
1185967168740970496
1185967168934023168
1185967169642913792
1185967169819107328
1185967170154631168
1185967170183761920
1185967170301366273
1185967170481807360
1185967170498551809
1185967170569719808
1185967170720694272
1185967170834124800
1185967170955730945
1185967170997477376
1185967171194773505
1185967171215622144
1185967171496751104
1185967171563741185
1185967171643551744
1185967171874119680
1185967171878510592
1185967172222377984
1185967172406960128
1185967172448870400
1185967172817960960
1185967173547806720
1185967173610692609
1185967173635891200
1185967174030102528
1185967174172569600
1185967174378123264
1185967174436950017
1185967174541819904
1185967174701240322
1185967174751383553
1185967174759997441
1185967174780882944
1185967174868967430
1185967174915153927
1185967175066116096
1185967175107936257
1185967175116308480
1185967175120502784
1185967175284264960
1185967175288479749
1185967175414108160
1185967175498158080
1185967175619796994
1185967176005640192
1185967176064389122
1185967176303501313
1185967176349552641
1185967176391548934
1185967176450052096
1185967176727060487
1185967176773058560
1185967176785653762
1185967177104388097
1185967177175842817
1185967177532239872
1185967177729478657
1185967177909719040
1185967178086060032
1185967178253815809
1185967178454990848
1185967178467684353
1185967178643922947
1185967178660532224
1185967178773749760
1185967179222700032
1185967179294003202
1185967179302199296
1185967179566592000
1185967179575025664
1185967179600191494
1185967180296474625
1185967180384477186
1185967180384522240
1185967180711636994
1185967180816506886
1185967180845867008
1185967180913041410
1185967181026222080
1185967181550342144
1185967181592453122
1185967181856571393
1185967182137610241
1185967182288773120
1185967182489911296
1185967182636650497
1185967183131828224
1185967183190474753
1185967183245074432
1185967183551008768
1185967183635079169
1185967183676899329
1185967183949492224
1185967184285241344
1185967184331366401
1185967184402534400
1185967184436252672
1185967184939372544
1185967185006661632
1185967185061142530
1185967185220587524
1185967185275117575
1185967185316986893
1185967185480634369
1185967185535090695
1185967185543360513
1185967185547681795
1185967185744793608
1185967185837080576
1185967186046795776
1185967186155687936
1185967186181054465
1185967186281746435
1185967186369748992
1185967186420129794
1185967186529214465
1185967186562691072
1185967186638266368
1185967186755518464
1185967186898120704
1185967186990587904
1185967187611308036
1185967187661451264
1185967187691036678
1185967187699392514
1185967187972034561
1185967188013809665
1185967188470984704
1185967188940906498
1185967189003788288
1185967189117067266
1185967189536301056
1185967189876248576
1185967190157250562
1185967190400520192
1185967190455009286
1185967190752673792
1185967190882881537
1185967190891225088
1185967190895296513
1185967191327416321
1185967191700754432
1185967191814033409
1185967191876886529
1185967191990112257
1185967192002781184
1185967192359276544
1185967192682184713
1185967192849948672
1185967192958996481
1185967193219108865
1185967193537810432
1185967193999187969
1185967194032746500
1185967194045333510
1185967194141642752
1185967194141650944
1185967194154225664
1185967194229891073
1185967194351403008
1185967194431057920
1185967194825510912
1185967195362414592
1185967195395895297
1185967195421134849
1185967195555278849
1185967195765039105
1185967195840548864
1185967195966169088
1185967196100595712
1185967196301860866
1185967196339605505
1185967196389826565
1185967196587122689
1185967196817821696
1185967197006397440
1185967197568622593
1185967197660876804
1185967197929295872
1185967197967015936
1185967198080102400
1185967198117847040
1185967198331908097
1185967198738604032
1185967198738829312
1185967198831042560
1185967199128866816
1185967199133077504
1185967199309025280
1185967199392894976
1185967199581888512
1185967199602839552
1185967199619448833
1185967199766188032
1185967199938330624
1185967200101982208
1185967200198373378
1185967200387108866
1185967200416325633
1185967200529567744
1185967200542318592
1185967200747704320
1185967200860917760
1185967200907087872
1185967201007919104
1185967201225867265
1185967201360195584
1185967201418907650
1185967201498685440
1185967201683156997
1185967201729368064
1185967201913917442
1185967201947471873
1185967202106777600
1185967202245234695
1185967202270232581
1185967202417164289
1185967202828091392
1185967203037921282
1185967203138580486
1185967203260293121
1185967203297964032
1185967203331510277
1185967203461545987
1185967203587260416
1185967203818070017
1185967203822247936
1185967203994263555
1185967204086366208
1185967204094959616
1185967204107345920
1185967204220723200
1185967204346531841
1185967204501729280
1185967204526895105
1185967204694679559
1185967204745011202
1185967204854054917
1185967205017624576
1185967205139320832
1185967205256744960
1185967205420273667
1185967205755867137
1185967205760098304
1185967205806157824
1185967206200311813
1185967206213046274
1185967206376587264
1185967206540234753
1185967206598959104
1185967206611468289
1185967206636630021
1185967206774886400
1185967206808588291
1185967206858924033
1185967207018352641
1185967207072849922
1185967207173574656
1185967207366479872
1185967207391662080
1185967207408230400
1185967207559376896
1185967207584415744
1185967207743922176
1185967208058490881
1185967208285032448
1185967208415019008
1185967208637308934
1185967208641335296
1185967208721276928
1185967208910020608
1185967209090142208
1185967209132232704
1185967209144705025
1185967209421660160
1185967209438437378
1185967209715122176
1185967209811791874
1185967209987956736
1185967210021437447
1185967210159755264
1185967210285670400
1185967210310713344
1185967210344472576
1185967210382135297
1185967210390528000
1185967210524749824
1185967210843529217
1185967210902294528
1185967210994552833
1185967211158134786
1185967211229450246
1185967211359264769
1185967211485237248
1185967211552366592
1185967211846012928
1185967212160524288
1185967212538093568
1185967212550676480
1185967212563173381
1185967212609208320
1185967212634357760
1185967212722569217
1185967212768555009
1185967213049720832
1185967213158768641
1185967213192384512
1185967213234311169
1185967213263511552
1185967213284601856
1185967213376724994
1185967213385322497
1185967213414502401
1185967213427265540
1185967213519360001
1185967213796311040
1185967213997637637
1185967214010290177
1185967214077370370
1185967214094147584
1185967214303813633
1185967214459006984
1185967214500954112
1185967214505156608
1185967214521921536
1185967214706483201
1185967214983294981
1185967215037669377
1185967215062986753
1185967215071367169
1185967215281147904
1185967215352406020
1185967215415304198
1185967216031916035
1185967216229081089
1185967216245776384
1185967216300191744
1185967216539385856
1185967216694480896
1185967216816246785
1185967216828780544
1185967216832974848
1185967216849670144
1185967216963063809
1185967217109798913
1185967217134964738
1185967217210470400
1185967217332105220
1185967217390903297
1185967217491529729
1185967217688449024
1185967217906798592
1185967218204348417
1185967218246508546
1185967218296852483
1185967218561040387
1185967218607173632
1185967218624008192
1185967218909155329
1185967218938515456
1185967219018272774
1185967219035066368
1185967219068604419
1185967219114557440
1185967219118788609
1185967219265523713
1185967219399942144
1185967219907465217
1185967220188315648
1185967220221976576
1185967220322689025
1185967221048254464
1185967221098442752
1185967221174132739
1185967221220110336
1185967221371265024
1185967221430013952
1185967221555761152
1185967221841059841
1185967221924945921
1185967221937446922
1185967222063353857
1185967222117797893
1185967222130393088
1185967222151352323
1185967222403059712
1185967222423818241
1185967222956744706
1185967223031992320
1185967223141044224
1185967223241936898
1185967223560691713
1185967223577333760
1185967223757627392
1185967223862677505
1185967223879413761
1185967223921360896
1185967224097402880
1185967224286253056
1185967224298840064
1185967224298901505
1185967224630272000
1185967225305321472
1185967225422790656
1185967225699631105
1185967225842352128
1185967226106630144
1185967226136023045
1185967226219835395
1185967226551263238
1185967226773475328
1185967226786144257
1185967226790273026
1185967226815275008
1185967226836250624
1185967226991644672
1185967227222351873
1185967227402641408
1185967227704631296
1185967227775918080
1185967227779969024
1185967228048441344
1185967228434276352
1185967228568555520
1185967228577075200
1185967228597997568
1185967228623163399
1185967228660961285
1185967228845465601
1185967228879020037
1185967228912488448
1185967229143269378
1185967229570912256
1185967229571088392
1185967229675937792
1185967229898297345
1185967230099439616
1185967230325948422
1185967230514794497
1185967230644826113
1185967230804082688
1185967230816837633
1185967231244623872
1185967231496269826
1185967231689252864
1185967231781539842
1185967231919742976
1185967232137883649
1185967232238657536
1185967232247050240
1185967232297381889
1185967232368566272
1185967232456675328
1185967232502784000
1185967232540524544
1185967232721047552
1185967232729223168
1185967232830054405
1185967232855236608
1185967233169842180
1185967233178263552
1185967233647947777
1185967234000343040
1185967234029502464
1185967234130333696
1185967234503643137
1185967234558124032
1185967234658848768
1185967234700791810
1185967234906243072
1185967235073892352
1185967235107606529
1185967235455750146
1185967235581399040
1185967235858235392
1185967236017774593
1185967236110049280
1185967236110077953
1185967236143554560
1185967236248457217
1185967236395044865
1185967236407840770
1185967236550316032
1185967236604977153
1185967236755931143
1185967236793749505
1185967236869169152
1185967237158432768
1185967237204545536
1185967237250867201
1185967237284282369
1185967237338820609
1185967237456420865
1185967237506584577
1185967237703880704
1185967237716414469
1185967237787783169
1185967238010015744
1185967238030987264
1185967238102310913
1185967238374920192
1185967238697902083
1185967238714658818
1185967238869934082
1185967238978904064
1185967239104618496
1185967239561797633
1185967239889072129
1185967239914295299
1185967239947665408
1185967239951859712
1185967240295976961
1185967240421789696
1185967240560041984
1185967240627273735
1185967240849563649
1185967240941752320
1185967241373896716
1185967241562443781
1185967241583419393
1185967241692618757
1185967241709400064
1185967241793298434
1185967241872982018
1185967242103721984
1185967242208563200
1185967242271477761
1185967242401460225
1185967242439200769
1185967242518810624
1185967242548137984
1185967242640613376
1185967243038822400
1185967243043246086
1185967243114487808
1185967243215147015
1185967243223621634
1185967243248766978
1185967243290648576
1185967243571580928
1185967243869462529
1185967244012130304
1185967244163125248
1185967244217671680
1185967244226027520
1185967244255232001
1185967244318257157
1185967244422995968
1185967244435574784
1185967244762730496
1185967244817371136
1185967245224239106
1185967245257781248
1185967245287137281
1185967245354254337
1185967245543051265
1185967245572411394
1185967245861642240
1185967246020988930
1185967246054580226
1185967246113308672
1185967246247714818
1185967246310395904
1185967246327324672
1185967246587379712
1185967246776160258
1185967246813863936
1185967246905970689
1185967247015235585
1185967247203979270
1185967247375753216
1185967247824699392
1185967247887613957
1185967247900205057
1185967247954776066
1185967248361443328
1185967248667635714
1185967248697106433
1185967248701317120
1185967248843907072
1185967249498279941
1185967249565204480
1185967249942667264
1185967250349543424
1185967250366447616
1185967250404204545
1185967250601152513
1185967250668478469
1185967250672619521
1185967250819469313
1185967250827816960
1185967250894815232
1185967250932678657
1185967251301650432
1185967251435986944
1185967251628941312
1185967251645558785
1185967251771383808
1185967252203548675
1185967252526395392
1185967252568330241
1185967252782419968
1185967252798984198
1185967252878680064
1185967252908068864
1185967253013045248
1185967253185019910
1185967253231042560
1185967253298274304
1185967253331857408
1185967253386334209
1185967253529022464
1185967253591740416
1185967254027952128
1185967254036463616
1185967254422216705
1185967254761947142
1185967255215058947
1185967255277862912
1185967255630340097
1185967255647084546
1185967255823245312
1185967255877750784
1185967255927975936
1185967256020422658
1185967256284618752
1185967256372563968
1185967256456425472
1185967256485990401
1185967256565665793
1185967256712417281
1185967257136123904
1185967257261764610
1185967257433690112
1185967257870065666
1185967257878519809
1185967257957982208
1185967258197221376
1185967258218176512
1185967258251730950
1185967258608246784
1185967258805428226
1185967258927017988
1185967258968850432
1185967259015139329
1185967259019304960
1185967259493244929
1185967259640049664
1185967259644317697
1185967259740712961
1185967259807813632
1185967260050964480
1185967260227244032
1185967260248109056
1185967260294418432
1185967260336152576
1185967260646674436
1185967260655112192
1185967260755746817
1185967260785098752
1185967260822917120
1185967260835430400
1185967261292662784
1185967261410058242
1185967261506510854
1185967261800128512
1185967262009712640
1185967262446084097
1185967262630633474
1185967262781493248
1185967262811017217
1185967262819160065
1185967262915842048
1185967263058464770
1185967263142371328
1185967263607918594
1185967264023007232
1185967264178360321
1185967264534802432
1185967264572596224
1185967264832675840
1185967265021333504
1185967265193160705
1185967265201577985
1185967265209937921
1185967265654759424
1185967265780588546
1185967265876971520
1185967266023784452
1185967266153877511
1185967266271248386
1185967266308984832
1185967266380288002
1185967266459865098
1185967266820771840
1185967267051384833
1185967267152089088
1185967267361820676
1185967267403718656
1185967267718356993
1185967267789660161
1185967267831517185
1185967267961589767
1185967267986710528
1185967267999309824
1185967268133588993
1185967268209012741
1185967268339027968
1185967268452323328
1185967268586512384
1185967268783505408
1185967268808810497
1185967268812984321
1185967268833964033
1185967269085532160
1185967269127639042
1185967269127643143
1185967269224079360
1185967269240803333
1185967269530275843
1185967269706383360
1185967269878403077
1185967270121443328
1185967270176219136
1185967270234906624
1185967270260084747
1185967270301974528
1185967270457237504
1185967270507335680
1185967270553513984
1185967270696292358
1185967270784159744
1185967271023464448
1185967271107317761
1185967271115546624
1185967271149297665
1185967271212138498
1185967271300210691
1185967271400878080
1185967271417712646
1185967271669325826
1185967272210456577
1185967272399200257
1185967272440954880
1185967272684412928
1185967273447583744
1185967273653264385
1185967273657454594
1185967273669992448
1185967274055872512
1185967274106195968
1185967274793947136
1185967274915717120
1185967275263676418
1185967275305627648
1185967275343527936
1185967275351969793
1185967275402256385
1185967275456761856
1185967275532263425
1185967275549057025
1185967275620220928
1185967275804938240
1185967276169875456
1185967276190658560
1185967276216016899
1185967276287234049
1185967276371140608
1185967276429844483
1185967276480221184
1185967276589232129
1185967276895457281
1185967276928860160
1185967277059067905
1185967277335818240
1185967277356863489
1185967277432360962
1185967277583126534
1185967277734150144
1185967278053044224
1185967278095044611
1185967278401245185
1185967278854201345
1185967278980042752
1185967279021969414
1185967279193952264
1185967279231655936
1185967279470776323
1185967279525134336
1185967280066383874
1185967280229928960
1185967280427061248
1185967280506753026
1185967280640974848
1185967280653504513
1185967280888434690
1185967280896667653
1185967281035198464
1185967281064628229
1185967281139961856
1185967281756467200
1185967281920102400
1185967281924382720
1185967282314452994
1185967282473832448
1185967282478108672
1185967282587090944
1185967282603737088
1185967282649849858
1185967282662641664
1185967282830209026
1185967283509878784
1185967283610497024
1185967283782467584
1185967283908304896
1185967284495552514
1185967284768198657
1185967285044944897
1185967285170622469
1185967285598670848
1185967285653012486
1185967285694947328
1185967285753675777
1185967285766410240
1185967285800001538
1185967286118703104
1185967286185795584
1185967286420692994
1185967286454231040
1185967286462636032
1185967286760423424
1185967286835994624
1185967286856769536
1185967287154724871
1185967287209254913
1185967287469252608
1185967287616114688
1185967287716765699
1185967287724994562
1185967287737683969
1185967287947251717
1185967287993622532
1185967288324775937
1185967288459157507
1185967288584986625
1185967288706650118
1185967288798699520
1185967288840785922
1185967288870150144
1185967289155362817
1185967289264496640
1185967289285267456
1185967289381916673
1185967289490907136
1185967289524465667
1185967289746841602
1185967289755156482
1185967289880985600
1185967289981636608
1185967290010894336
1185967290224910337
1185967290258546689
1185967290375761931
1185967290409455616
1185967290497536002
1185967290602397697
1185967290983993344
1185967291030216704
1185967291139276800
1185967291143512064
1185967291265146881
1185967291554504704
1185967291575353344
1185967291927654400
1185967292145963009
1185967292334727173
1185967292590546947
1185967292712194049
1185967292917661696
1185967293009924098
1185967293026705415
1185967293089624064
1185967293278253056
1185967293592940550
1185967293844594688
1185967293978820608
1185967294154854400
1185967294230360064
1185967294364569600
1185967294587031552
1185967294733787136
1185967294826065920
1185967294922547200
1185967294968729603
1185967294968745984
1185967295085985792
1185967295115517953
1185967295191027712
1185967295589421056
1185967295698558977
1185967296021520384
1185967296168316935
1185967296268951552
1185967296369565699
1185967296843522048
1185967297015320583
1185967297111961600
1185967297162338304
1185967297166336002
1185967297334333441
1185967297351028736
1185967297434927104
1185967297837572096
1185967297862619136
1185967297929854978
1185967298349273090
1185967298575773696
1185967298613518341
1185967298634375169
1185967298802343939
1185967299158786051
1185967299888439297
1185967299896889344
1185967300337393664
1185967301214064641
1185967301721501696
1185967302040154112
1185967302463741953
1185967302505840645
1185967302635737088
1185967303072067584
1185967303084527616
1185967303248269312
1185967303277584385
1185967303281860608
1185967303353163776
1185967303516708864
1185967303621402625
1185967303848071168
1185967303856459777
1185967303973888002
1185967304128905216
1185967304141660162
1185967304191987712
1185967304514981888
1185967304565088257
1185967304741474305
1185967304812761089
1185967304980533250
1185967305366204416
1185967305659797504
1185967305945239554
1185967306041487360
1185967306062602240
1185967306092040192
1185967306381365251
1185967306414968833
1185967306687614977
1185967306880495617
1185967306901463041
1185967307006382080
1185967307027206144
1185967307291615242
1185967307530625025
1185967307778072577
1185967307903901698
1185967308159754240
1185967308348379137
1185967308432261120
1185967308436455425
1185967308709216256
1185967308788895744
1185967308923117570
1185967309019631616
1185967309216768000
1185967309375954944
1185967309560733697
1185967309640392709
1185967309673811968
1185967309757833217
1185967309766234113
1185967309799735296
1185967310458232835
1185967310495870976
1185967310592335872
1185967310814748672
1185967310957371392
1185967311242629122
1185967311716540417
1185967311771054081
1185967311951421440
1185967311985037312
1185967312106639362
1185967312215539712
1185967312458993664
1185967312500936705
1185967312555274240
1185967312584794112
1185967312991596545
1185967313268477953
1185967313411039233
1185967313431826433
1185967313524285441
1185967313822060544
1185967313859862529
1185967313939550209
1185967314027663367
1185967314077933570
1185967314203791360
1185967314224795653
1185967314371514368
1185967314715451392
1185967314791010304
1185967314849718272
1185967314866327552
1185967315155767296
1185967315172712449
1185967315298541569
1185967315692720128
1185967315990396928
1185967316250648579
1185967316342849537
1185967316619513856
1185967316653297665
1185967316770742273
1185967316800036869
1185967316980228096
1185967317496324096
1185967317538103296
1185967317659848705
1185967317710262272
1185967317743820801
1185967318033145861
1185967318209351680
1185967318473564162
1185967318612021250
1185967318737788928
1185967318985314305
1185967319035588608
1185967319090106368
1185967319132061697
1185967319333384192
1185967319471800320
1185967319648014343
1185967319694135296
1185967319895293952
1185967320293871622
1185967320306307072
1185967320335835136
1185967320344121344
1185967320394588163
1185967320444948481
1185967320503607297
1185967320700579841
1185967320847572992
1185967320956575744
1185967321489256451
1185967321858203648
1185967322013556736
1185967322634313728
1185967322743394305
1185967322755948546
1185967322860642304
1185967322965663745
1185967322965725186
1185967323032805377
1185967323343142914
1185967323653591042
1185967323871666177
1185967323900870656
1185967323905003520
1185967323955552256
1185967324387598336
1185967324429475843
1185967324806799360
1185967324819529729
1185967324886638592
1185967325029306369
1185967325150728193
1185967325201256451
1185967325226270720
1185967325285097472
1185967325326897152
1185967325394001920
1185967325457063936
1185967325700333568
1185967325754740736
1185967325771714560
1185967325951987712
1185967325956231169
1185967325985423361
1185967326157398016
1185967326279147520
1185967326325329920
1185967326497300480
1185967326551773185
1185967326707015680
1185967326782468097
1185967326816096260
1185967326971084801
1185967326975483904
1185967327310839808
1185967327340163072
1185967327378059266
1185967327508127744
1185967327524917249
1185967327633793025
1185967327709450245
1185967327893831680
1185967328011403264
1185967328292265985
1185967328351195138
1185967328426508288
1185967328489562115
1185967328606875653
1185967328623763456
1185967328967692292
1185967329185804288
1185967329403912192
1185967329412337665
1185967329969987584
1185967330263814144
1185967330418933761
1185967330435710978
1185967330469109760
1185967330527985664
1185967330930647041
1185967330976772098
1185967331031298054
1185967331110989825
1185967331303972865
1185967331408842757
1185967331773730822
1185967331874398210
1185967331962437634
1185967332298055680
1185967332360966145
1185967332478324736
1185967332646146049
1185967332750962695
1185967333178781697
1185967333304610816
1185967333627445250
1185967333677895682
1185967333791207432
1185967333807968257
1185967333929566211
1185967334135156737
1185967334160076800
1185967334307123201
1185967334487408642
1185967334491643904
1185967334772695040
1185967334936043520
1185967335049498630
1185967335133200384
1185967335355453442
1185967335363903488
1185967335498076160
1185967335628140544
1185967336496472065
1185967336534282246
1185967336592949248
1185967336995598336
1185967337012371456
1185967337196937217
1185967337373089792
1185967337515577344
1185967337637384194
1185967338345992192
1185967338367193088
1185967338715262977
1185967338732032002
1185967338820124679
1185967338862059520
1185967338966917126
1185967339088633857
1185967339210186754
1185967339247935488
1185967339369586689
1185967339516375041
1185967339633856512
1185967339721908224
1185967339885469698
1185967340229484544
1185967340321673218
1185967340510425090
1185967340699160576
1185967340736962560
1185967340858441729
1185967341076660225
1185967341114408961
1185967341366120449
1185967341596807175
1185967341617717249
1185967342087487489
1185967342192189441
1185967342192381957
1185967342347608064
1185967342490009600
1185967342540472320
1185967342565679104
1185967342687309824
1185967343182049282
1185967343240916992
1185967343362596864
1185967343698087942
1185967343790444545
1185967344138489859
1185967344146927617
1185967344314736641
1185967344348086273
1185967344545345537
1185967344570511360
1185967344738275334
1185967344780218368
1185967345035931649
1185967345124171782
1185967345250062336
1185967345274982401
1185967345325498368
1185967345514287104
1185967345577222146
1185967345744916486
1185967346206367744
1185967346311204865
1185967346323726338
1185967346344591360
1185967346390667266
1185967346420203521
1185967346520875008
1185967346554458118
1185967346608852992
1185967346655137793
1185967346722234368
1185967346877251585
1185967347359727616
1185967347376541696
1185967347707846657
1185967347749838853
1185967347754029056
1185967347770769408
1185967347800117248
1185967348035047424
1185967348131532801
1185967348295110656
1185967348500631553
1185967348638990336
1185967348672425984
1185967348718718977
1185967349083574272
1185967349322661888
1185967349448491012
1185967349523865600
1185967349897351168
1185967350006403075
1185967350153175041
1185967351096696832
1185967351172349952
1185967351482728448
1185967351495299079
1185967351696515074
1185967351864258560
1185967351902003200
1185967351969341441
1185967351994302465
1185967352501944321
1185967352573132800
1185967352606875648
1185967352715730945
1185967352740864002
1185967352787030016
1185967353038802944
1185967353244377090
1185967353508483072
1185967354074693637
1185967354091425792
1185967354179719169
1185967354192072707
1185967354204737536
1185967354343284742
1185967354615910400
1185967354666192898
1185967354720612352
1185967354800267264
1185967354922110977
1185967354926288896
1185967355228233728
1185967355467325441
1185967355945537537
1185967356129902592
1185967356146794496
1185967356268437504
1185967356306046976
1185967356452818944
1185967356540944385
1185967356813570049
1185967356855640065
1185967356864061440
1185967356994035712
1185967357006680066
1185967357274968065
1185967357283319808
1185967357337845761
1185967357778247680
1185967357837090817
1185967357912666114
1185967358042656768
1185967358063632385
1185967358130774017
1185967358248181760
1185967358877278208
1185967358994767872
1185967359208689666
1185967359259021312
1185967359334346753
1185967359527411714
1185967359552557058
1185967359737155587
1185967360009744384
1185967360089280512
1185967360349495299
1185967360429252608
1185967360538300418
1185967360584404992
1185967360789762049
1185967360915566595
1185967360974446594
1185967361058398215
1185967361490374659
1185967361754648576
1185967361788039169
1185967361851121667
1185967361859477504
1185967362111102978
1185967362199248897
1185967362551402496
1185967362601869312
1185967362807349249
1185967362853527552
1185967362912206854
1185967363109163008
1185967363209994240
1185967363528810497
1185967363872772101
1185967363939880960
1185967363956588545
1185967364036349952
1185967364057247750
1185967364183072771
1185967364271157248
1185967364447322112
1185967364736782338
1185967364740915203
1185967364824805376
1185967364879220736
1185967365034561536
1185967365059530752
1185967365395275776
1185967365512548352
1185967365605023751
1185967365613330432
1185967365625765888
1185967365655289857
1185967366150090752
1185967366288609281
1185967366687117313
1185967366926163969
1185967367131717634
1185967367236440064
1185967367718719488
1185967367727337474
1185967367815225344
1185967367874105345
1185967367974617088
1185967368012550145
1185967368226238464
1185967368398200832
1185967368545157127
1185967368607911936
1185967369279008768
1185967369337880576
1185967369429999617
1185967369769934848
1185967369782550528
1185967370055180289
1185967370130599936
1185967370231320578
1185967370403307521
1185967370415816712
1185967370508132357
1185967370617151494
1185967370671575041
1185967370684243970
1185967370763784194
1185967370835316736
1185967370910814208
1185967370952757250
1185967371057430531
1185967371347005440
1185967371422502914
1185967371850338304
1185967371967750145
1185967371992875009
1185967372194078720
1185967372286484485
1185967372638871552
1185967372714332160
1185967372982554624
1185967373125222400
1185967373133733890
1185967373150380032
1185967373259591680
1185967373314068481
1185967373418991618
1185967373561536512
1185967373771104256
1185967373804720128
1185967373838192642
1185967373905514499
1185967374035324928
1185967374639468549
1185967374790316033
1185967374803132416
1185967375339982848
1185967375474188289
1185967375713296389
1185967375792914433
1185967375796948992
1185967375851634689
1185967376409321473
1185967376426262528
1185967376489177095
1185967376585707520
1185967376954617856
1185967376984170504
1185967377164460034
1185967377277734913
1185967377281880064
1185967377369853952
1185967377634213890
1185967377877536770
1185967377982226432
1185967377982246913
1185967378045296640
1185967378053468160
1185967378116431872
1185967378577924096
1185967378695446529
1185967378947039234
1185967379047538688
1185967379206926338
1185967379274027008
1185967379613933578
1185967379626508290
1185967379676680192
1185967379731353600
1185967380322803715
1185967380662501376
1185967380717015040
1185967380733800449
1185967380796542977
1185967380809297920
1185967380910039042
1185967380930932736
1185967381052645377
1185967382482903040
1185967382533169152
1185967382549979136
1185967382822576130
1185967383313342464
1185967383510433800
1185967383535636482
1185967383594356737
1185967383623548929
1185967383632105473
1185967383808237573
1185967384290611206
1185967384491909121
1185967384705810432
1185967384827293696
1185967384911331329
1185967385058004992
1185967385083166720
1185967385368518656
1185967385401933824
1185967385959780352
1185967386152837120
1185967386152882176
1185967386232360961
1185967386240995328
1185967386513629184
1185967386572263425
1185967386589061120
1185967386647613440
1185967386748342273
1185967387016925184
1185967387117522944
1185967387167940608
1185967387172052992
1185967387247595520
1185967387356454912
1185967387830636547
1185967388048723968
1185967388216266752
1185967388237402113
1185967388442976258
1185967388589576192
1185967388879142914
1185967389105631232
1185967389185323009
1185967389248315392
1185967389353091072
1185967389399273474
1185967389613154304
1185967389659357187
1185967389713883136
1185967389923520515
1185967390099726337
1185967390267363328
1185967390674341888
1185967390674341897
1185967390800007168
1185967390892290048
1185967391127277575
1185967391269781504
1185967391559303200
1185967391580348416
1185967391718739970
1185967391894900736
1185967391949443075
1185967391953563651
1185967392318312448
1185967392381440000
1185967392519835648
1185967392603676673
1185967392867770368
1185967393186701318
1185967393316704262
1185967393383833602
1185967393417420802
1185967393513734144
1185967393568428034
1185967393622941700
1185967393752961024
1185967393903972357
1185967393920770051
1185967394403082240
1185967394616987653
1185967394960883713
1185967395371966464
1185967395409674242
1185967395502018563
1185967395514572800
1185967395560554496
1185967395841724417
1185967396001079297
1185967396026306561
1185967396063825920
1185967396076417024
1185967396097613825
1185967396240183296
1185967396256997376
1185967396265136128
1185967396353433600
1185967396806373377
1185967396860899330
1185967397372452864
1185967397611560960
1185967397649428480
1185967397724930055
1185967397745971202
1185967398173773825
1185967398312120321
1185967398458941440
1185967398597332992
1185967398656118786
1185967399054397440
1185967399092260869
1185967399213961216
1185967399561875456
1185967399628984320
1185967399767564289
1185967399947919360
1185967400006471681
1185967400031637504
1185967400061198339
1185967400119885825
1185967400505753605
1185967400526716928
1185967400681799680
1185967400858083334
1185967400866463744
1185967401009065995
1185967401067827201
1185967401130713090
1185967401399013377
1185967401478832128
1185967401520783365
1185967401537622017
1185967401793445888
1185967401797636098
1185967401860505600
1185967401965359104
1185967402154115072
1185967402481119234
1185967402498117634
1185967402594557957
1185967402812608512
1185967402883772416
1185967402913271809
1185967403089293312
1185967403198533633
1185967403584425984
1185967403676647424
1185967403793911809
1185967403911598085
1185967404163194880
1185967404171628544
1185967404616159234
1185967404741849088
1185967404901457920
1185967404955947011
1185967404980899842
1185967405043998721
1185967405303943168
1185967405387923456
1185967405480235008
1185967405601886210
1185967405618454528
1185967405958189056
1185967405983420417
1185967406088245248
1185967406369443841
1185967406453350400
1185967406533021698
1185967406671204352
1185967406864224256
1185967406918881280
1185967406948241408
1185967407027970053
1185967407166296066
1185967407908708352
1185967407917162496
1185967407984189440
1185967408101486592
1185967408143618049
1185967408650960897
1185967408814665728
1185967409020264448
1185967409024266240
1185967409515106306
1185967409670348801
1185967409766830080
1185967409901031424
1185967410165231617
1185967410685329410
1185967410945368065
1185967411117219840
1185967411142508544
1185967411373264896
1185967411394236416
1185967411679252481
1185967412245598208
