1185956843182387200
1185956843232923648
1185956843362738176
1185956843539128321
1185956843597774851
1185956843681669120
1185956844251934721
1185956844470095872
1185956844793139200
1185956845346836481
1185956845355225089
1185956845434785793
1185956845652992000
1185956845657231360
1185956845720084480
1185956845762027521
1185956846420582401
1185956846504464386
1185956846575804417
1185956846596526081
1185956846617559040
1185956846735110145
1185956846907072513
1185956846911328256
1185956846970064902
1185956847221653507
1185956847725006848
1185956847796342784
1185956847850704897
1185956848559689729
1185956848601460737
1185956848861700096
1185956849138442240
1185956849268359168
1185956849373331461
1185956849838952448
1185956850098982912
1185956850451304448
1185956850677755906
1185956850832949248
1185956851080454151
1185956851130781696
1185956851281747968
1185956851625742337
1185956851923476481
1185956852443615233
1185956853060194305
1185956853164990467
1185956853232078849
1185956853517312001
1185956853831929857
1185956853940928513
1185956854117089280
1185956854209359873
1185956854318407685
1185956854662254592
1185956854943440896
1185956854968573952
1185956854993686528
1185956855098380288
1185956855144693760
1185956855643869184
1185956856063131648
1185956856490913792
1185956857128599553
1185956857174773760
1185956857191583746
1185956857577443328
1185956857577463808
1185956857602404353
1185956858558898178
1185956858684530688
1185956858818945027
1185956859712278528
1185956859993301001
1185956860052021248
1185956860203016192
1185956860333043712
1185956860756725767
1185956860995817475
1185956861259870209
1185956861532688384
1185956861952090112
1185956862103035904
1185956862203531264
1185956862358896640
1185956862379941896
1185956862421798913
1185956862434467842
1185956862568607745
1185956863021604864
1185956863084519426
1185956863189442565
1185956863206215680
1185956863340404736
1185956863441068032
1185956863499743232
1185956863512403968
1185956863675949056
1185956864208424960
1185956864514805762
1185956864594337792
1185956865416544260
1185956865429168128
1185956865685032960
1185956865852825605
1185956865961652225
1185956866066702337
1185956866133594117
1185956866356105218
1185956866502938624
1185956866704203776
1185956867392098305
1185956867480141824
1185956867505295362
1185956867597656064
1185956867773784064
1185956868298018816
1185956868310650880
1185956868361015297
1185956868637757447
1185956869120167940
1185956869212442624
1185956869493415936
1185956869577334784
1185956869606694913
1185956869631811584
1185956869841440768
1185956869883465731
1185956869887553536
1185956869988331520
1185956870470688768
1185956870508425218
1185956870562799617
1185956870705434624
1185956870860804099
1185956870898372613
1185956870953025536
1185956871166816256
1185956872010031106
1185956872085475328
1185956872232128514
1185956872458772480
1185956872744046593
1185956872798519296
1185956872890863618
1185956873050046464
1185956873196974080
1185956873243168768
1185956873263927299
1185956873335386114
1185956873385717761
1185956873389957122
1185956873436094464
1185956873507205120
1185956873599672320
1185956873649848321
1185956873725501440
1185956873889038336
1185956874010710021
1185956874065186822
1185956874404937728
1185956874513895425
1185956874518257664
1185956874690191361
1185956874723758080
1185956874782330880
1185956875122216960
1185956875159793664
1185956875298230273
1185956875386310656
1185956875793076226
1185956876443377664
1185956876489515010
1185956877148086273
1185956877244481538
1185956877361913858
1185956877898678273
1185956878242721792
1185956878259556357
1185956878574129152
1185956879127597056
1185956879136153601
1185956879236829188
1185956879287181312
1185956879635234817
1185956879991742465
1185956880218251267
1185956880813707264
1185956880872624128
1185956880876597254
1185956881078071297
1185956881099116545
1185956881388523522
1185956881501696002
1185956881812115456
1185956881988247552
1185956882319577090
1185956882680336385
1185956882843914244
1185956882931826690
1185956883913433088
1185956884358074368
1185956884383195139
1185956884412620802
1185956884437786624
1185956884676665346
1185956884936871937
1185956885012320256
1185956885352062977
1185956885486137344
1185956885553438721
1185956885834489857
1185956885914095616
1185956886031544320
1185956886153175040
1185956886291595265
1185956886560067584
1185956886610350082
1185956886656376833
1185956886719406080
1185956886740373507
1185956886912229376
1185956887386316801
1185956887428239360
1185956887545536512
1185956887734509569
1185956887923220483
1185956888061632512
1185956888212582407
1185956888434884608
1185956888535547905
1185956889084850177
1185956889185660930
1185956889609195521
1185956889630302210
1185956889831624704
1185956890062344192
1185956890095734784
1185956890125062144
1185956890192297992
1185956890301337601
1185956890343346177
1185956890393698304
1185956890485776385
1185956890523688961
1185956890838093826
1185956891081560064
1185956891085672448
1185956891165372421
1185956891517739008
1185956891547095040
1185956891618402307
1185956891635130373
1185956891693735941
1185956892071194625
1185956892553691136
1185956892658622465
1185956892993961984
1185956892994088961
1185956893082214401
1185956893124116482
1185956893539192833
1185956893757530112
1185956893832826880
1185956893891559424
1185956894118240256
1185956894168346624
1185956894252453888
1185956894332063751
1185956894441033728
1185956894499844096
1185956894520889345
1185956894759743488
1185956894915153921
1185956895384854529
1185956896018255873
1185956896144015362
1185956896332800000
1185956896512983041
1185956897196654592
1185956897486069761
1185956897771479042
1185956897930657794
1185956897981157381
1185956898190909443
1185956898245414913
1185956898274570241
1185956898408927232
1185956898580893698
1185956898874355712
1185956899071713282
1185956899340070912
1185956900317192193
1185956900740968449
1185956900908740608
1185956901093171200
1185956901210787840
1185956901751644161
1185956902003298304
1185956902372630528
1185956902565367810
1185956903009996801
1185956904356536320
1185956904905953280
1185956905132462080
1185956905275006977
1185956905434435585
1185956907158327303
1185956908135378944
1185956908231843842
1185956908294795264
1185956908907130893
1185956908965990400
1185956909414801408
1185956909624549377
1185956909708468224
1185956909737750528
1185956909813293057
1185956910023036930
1185956910123474944
1185956910840909825
1185956910966726658
1185956911109115905
1185956911235117059
1185956911469989889
1185956911566508038
1185956911595675648
1185956911667204098
1185956911872692225
1185956912354992129
1185956912384413697
1185956913311301632
1185956913529405441
1185956913902772224
1185956913961242624
1185956914020212737
1185956914095632390
1185956914250813447
1185956914255073283
1185956914317987841
1185956914376642562
1185956914565386243
1185956914783543308
1185956915106537478
1185956915253338114
1185956915731456005
1185956915811176450
1185956915903451138
1185956915915960328
1185956915916005377
1185956916230537218
1185956916402409473
1185956916775682048
1185956916993896448
1185956917165920262
1185956917254000641
1185956917270720514
1185956917354618881
1185956917442560000
1185956917606338565
1185956917899870208
1185956918176731136
1185956918705164288
1185956918797459456
1185956918923128833
1185956919586017281
1185956920882089985
1185956921121132546
1185956921158852608
1185956921297244160
1185956922169671683
1185956922228461569
1185956922635239426
1185956922878582784
1185956922995937280
1185956923067248643
1185956923868418049
1185956923901800448
1185956924229062656
1185956924300386310
1185956924627419137
1185956924845637632
1185956924874993664
1185956925495824390
1185956925525155841
1185956925621460992
1185956925994950656
1185956926062059523
1185956926074556416
1185956926376566784
1185956926766469120
1185956926800252928
1185956926883893248
1185956927185944576
1185956927936724993
1185956927982977025
1185956928096219139
1185956928637280259
1185956928758763520
1185956929157226498
1185956929346162689
1185956929660686336
1185956929744584705
1185956930038034432
1185956930231123969
1185956930528993286
1185956930650550272
1185956930692571137
1185956930700955649
1185956930747015171
1185956930898092032
1185956931174834176
1185956931195813889
1185956931422302214
1185956931468484609
1185956931581726722
1185956931870969856
1185956931896250368
1185956931988533252
1185956932051521537
1185956932064071683
1185956932110180358
1185956932177125377
1185956932416348160
1185956932756000768
1185956933297197056
1185956934429618177
1185956935117373441
1185956935784456192
1185956935868309504
1185956936161861632
1185956936228851713
1185956936308543488
1185956936451264514
1185956936719536129
1185956936954662913
1185956937340456960
1185956937441202179
1185956937508233216
1185956938128994305
1185956938561052674
1185956938569441281
1185956939458666498
1185956939479605249
1185956939538354176
1185956939764850688
1185956939987083264
1185956940083597312
1185956940309917697
1185956940423188481
1185956940557500416
1185956940624678912
1185956941400543232
1185956942197465089
1185956942587535360
1185956943766130688
1185956943778734085
1185956944416333825
1185956944428830720
1185956944659582978
1185956945045442560
1185956945271934976
1185956945301311490
1185956945859108865
1185956945955442693
1185956946148581382
1185956946735747073
1185956946962202626
1185956947335565313
1185956947406675968
1185956947545251841
1185956947633278978
1185956947637366785
1185956948086329344
1185956948249853952
1185956948446973953
1185956948451254276
1185956948967120896
1185956949826985985
1185956949852151809
1185956950418153472
1185956950464434176
1185956950816776193
1185956950934278144
1185956951039053824
1185956951076810753
1185956951110193152
1185956951756197888
1185956952402087938
1185956952419065856
1185956952897183745
1185956953018830850
1185956953408839686
1185956953681354757
1185956953798909952
1185956954142859267
1185956954440642561
1185956954822397954
1185956954914447360
1185956955245989889
1185956955380240384
1185956955426181120
1185956955501690880
1185956955598274560
1185956956063834115
1185956956219031552
1185956956240072704
1185956956579733504
1185956956957302784
1185956957435420672
1185956957548699648
1185956957548699649
1185956958433509376
1185956958450393088
1185956958601465856
1185956958769168392
1185956958932787207
1185956959004090368
1185956959629037569
1185956960316919808
1185956960996417536
1185956961084493824
1185956961126404096
1185956961411428352
1185956961516511232
1185956961533267968
1185956961604509696
1185956962049150981
1185956962078466048
1185956962216894466
1185956962976043008
1185956963043201024
1185956963089125377
1185956963156410368
1185956963714076672
1185956963768778752
1185956964133588993
1185956964620222466
1185956965324902400
1185956965354098688
1185956965735981068
1185956966306181120
1185956966411063297
1185956966646079493
1185956966885138434
1185956967287681025
1185956967304572928
1185956967308812294
1185956967321362432
1185956968080560128
1185956968223137792
1185956968386547713
1185956968508383238
1185956968650792960
1185956969057869824
1185956969267552257
1185956969716355075
1185956969812766720
1185956970114584576
1185956970332901376
1185956970517467137
1185956971016404992
1185956971985412096
1185956972274823168
1185956972509716480
1185956973034049538
1185956973067603968
1185956973298307075
1185956973323276289
1185956973541515264
1185956974141366272
1185956974195699712
1185956974338306048
1185956974443323392
1185956975357640704
1185956975605092352
1185956975718338562
1185956975781113858
1185956976087293952
1185956976955539457
1185956976959901696
1185956977433874432
1185956977622573056
1185956977945526275
1185956977974927360
1185956978054565889
1185956978176118784
1185956978243309568
1185956978536910848
1185956978813788162
1185956979250024449
1185956979614740481
1185956979744956417
1185956980063535105
1185956980428591105
1185956980734730243
1185956981028413441
1185956981082861571
1185956981259067392
1185956981728841728
1185956981850411008
1185956981850492928
1185956981909213192
1185956982022213633
1185956982114738176
1185956982819344390
1185956982978682880
1185956983079346177
1185956984052310016
1185956984094257152
1185956984534847491
1185956984601886721
1185956985151180800
1185956985239408640
1185956985424011272
1185956985721638912
1185956986019385344
1185956986095067136
1185956986367762432
1185956986476793859
1185956986732634115
1185956987256922113
1185956987303010304
1185956987323998209
1185956987390967808
1185956987655245825
1185956987739107328
1185956988464893953
1185956988611481601
1185956989702156289
1185956989966393350
1185956990092054528
1185956990205513729
1185956990251610113
1185956990343884802
1185956990402478081
1185956990687809537
1185956990696116225
1185956991367290882
1185956991547531264
1185956992059412480
1185956992080400385
1185956992311017472
1185956992445308934
1185956992549969921
1185956992927653888
1185956993367977986
1185956993787412481
1185956993879760898
1185956994278133773
1185956994320076801
1185956994538098688
1185956994743709697
1185956995033157633
1185956995083522049
1185956995645358080
1185956996283015168
1185956996677357568
1185956996786376711
1185956997302235136
1185956997419556864
1185956997717544961
1185956997750902784
1185956997897703424
1185956998099165185
1185956998149476358
1185956998527045633
1185956998728183808
1185956999353262080
1185956999399297024
1185956999592169473
1185956999638503424
1185956999886004224
1185957000271880192
1185957000330596352
1185957000426987524
1185957000498372615
1185957000619941888
1185957000682717184
1185957000854822913
1185957001052020736
1185957001098076160
1185957001219710977
1185957001320259584
1185957001626554369
1185957001903382528
1185957002406612993
1185957002515759105
1185957003216207873
1185957003425996801
1185957003807596545
1185957003870560256
1185957003925086208
1185957004113842177
1185957004218486785
1185957004231077888
1185957004315021312
1185957004482879490
1185957005011378177
1185957005095096321
1185957005132992513
1185957005405675534
1185957005997039621
1185957006181617664
1185957006512984064
1185957006584225794
1185957006638641155
1185957006781403137
1185957006789763075
1185957006907039744
1185957006978375680
1185957007372832768
1185957007410360320
1185957007590920192
1185957007611912193
1185957007649574912
1185957007699927040
1185957008043839489
1185957008601702402
1185957008664682496
1185957009537011718
1185957009604169731
1185957009717379073
1185957009792864257
1185957009864167430
1185957010056990720
1185957010161971202
1185957010715611141
1185957011189575680
1185957011361546242
1185957011441291266
1185957011697098752
1185957012313522176
1185957012313690113
1185957012359786498
1185957012372443139
1185957012687020033
1185957013034958848
1185957013039144960
1185957013064278016
1185957013332692992
1185957013475545088
1185957013701963776
1185957013924265991
1185957013941043200
1185957014222053377
1185957014637350913
1185957015115448320
1185957015450984448
1185957015471955969
1185957015874617347
1185957016050814976
1185957016117878784
1185957016335990792
1185957016403173376
1185957016969199618
1185957017044815872
1185957017229430785
1185957017489420288
1185957018131140608
1185957018152009728
1185957018265378817
1185957018546442241
1185957018554847233
1185957019003609089
1185957019725058048
1185957019783749632
1185957019896991744
1185957019943084033
1185957020119289858
1185957020400177155
1185957020404539393
1185957020467253249
1185957020614021120
1185957020714844160
1185957020895252481
1185957020949716992
1185957021314629638
1185957021620686848
1185957021780189185
1185957021838987264
1185957021859897344
1185957022266810369
1185957022279311362
1185957022451286016
1185957022614872065
1185957022740762624
1185957022845587456
1185957022883336192
1185957022908473344
1185957023399043072
1185957023529095168
1185957023751368705
1185957023793348609
1185957023835283457
1185957023948652550
1185957024145776640
1185957024321814528
1185957025554919424
1185957025651421184
1185957025764823042
1185957025894797317
1185957025957711879
1185957025987084288
1185957025987121154
1185957025999659008
1185957026012258305
1185957026058379264
1185957026062622720
1185957026469421057
1185957026830139393
1185957027002179584
1185957027148914688
1185957027199307784
1185957027841019906
1185957027899564032
1185957028075724800
1185957028960845825
1185957028973436928
1185957029036351489
1185957029216546816
1185957029564817410
1185957029707427840
1185957030122545152
1185957030303031299
1185957030575706112
1185957030630174721
1185957030642835457
1185957030655213568
1185957030776848384
1185957030999269376
1185957031120953346
1185957031619858433
1185957032035307521
1185957032236584961
1185957032987418624
1185957033092272128
1185957033318797324
1185957033465569281
1185957033524154368
1185957033809448960
1185957034287599616
1185957034740637696
1185957034803564547
1185957034816163842
1185957035067576320
1185957035256369152
1185957035331985408
1185957035759808512
1185957036137299971
1185957036200062976
1185957037689036801
1185957037731016705
1185957038204940288
1185957038297366528
1185957038502760448
1185957038628708362
1185957038687444997
1185957039027249153
1185957039396098048
1185957039480197120
1185957039740207104
1185957040335798273
1185957040772001793
1185957040864157696
1185957041136906240
1185957041694789632
1185957041694822400
1185957041719992322
1185957041858322432
1185957042080616450
1185957042219081728
1185957042403438592
1185957042814701568
1185957043078909953
1185957043125080065
1185957043712221186
1185957043729027074
1185957043808722947
1185957044081348608
1185957044400087047
1185957044496416768
1185957044605599746
1185957044995706880
1185957045457039362
1185957045473697792
1185957045591146496
1185957045943582720
1185957046027456512
1185957046224609280
1185957046656602115
1185957046782439425
1185957046916653057
1185957048183394304
1185957048191770624
1185957048652988416
1185957048833511425
1185957048887992320
1185957049072607240
1185957049500360706
1185957049865293825
1185957049881939968
1185957049928159232
1185957049949184000
1185957050007687169
1185957050146344962
1185957050255327235
1185957050481893377
1185957050502860800
1185957051349880832
1185957051501043712
1185957051593347073
1185957051626860545
1185957052012748805
1185957052557848577
1185957052604190728
1185957054562873345
1185957054646804482
1185957054659338241
1185957055024304129
1185957055082844160
1185957055334453251
1185957055649239045
1185957055976427521
1185957056416813058
1185957056458698754
1185957056660082688
1185957056886513664
1185957056949280768
1185957057230528512
1185957057373102080
1185957057700061190
1185957057884651520
1185957057905811456
1185957058446798850
1185957058656526336
1185957058937589763
1185957058979516416
1185957059025670151
1185957059235319814
1185957059306704897
1185957059482869760
1185957059860291586
1185957060460138498
1185957060594339840
1185957060732698628
1185957060883730436
1185957060942401541
1185957060971810817
1185957061252833280
1185957061336715270
1185957061529653250
1185957061701591040
1185957061898600448
1185957062272045057
1185957062649483266
1185957063077306371
1185957063123320833
1185957063538683905
1185957064197042176
1185957064314626049
1185957064893296645
1185957064935378946
1185957064968830976
1185957065250004992
1185957065539371008
1185957065673625600
1185957065916850176
1185957066042761216
1185957066046873607
1185957067242102784
1185957067246505984
1185957067724656641
1185957068529897472
1185957068773179394
1185957069104369664
1185957069435932674
1185957069528223746
1185957069683183616
1185957069779849219
1185957069888712705
1185957069905637376
1185957069972791296
1185957070119591937
1185957070236987392
1185957070715129859
1185957071046488064
1185957071893741569
1185957072220889089
1185957072963325953
1185957073072336897
1185957073235959809
1185957073324068864
1185957073491644416
1185957074200645632
1185957075010150401
1185957075119161344
1185957075396026374
1185957075479756800
1185957075563745280
1185957075874172928
1185957075937050631
1185957076356550661
1185957076607979521
1185957077006651394
1185957077044383745
1185957077136691200
1185957077249908737
1185957077266632704
1185957077266640896
1185957077921030145
1185957078017417217
1185957078185078786
1185957078462013444
1185957079082627074
1185957079510671360
1185957079577743360
1185957079904739331
1185957079946874880
1185957080588570630
1185957080731127809
1185957080764538880
1185957080919924736
1185957081343500290
1185957081418883072
1185957081578381314
1185957081624371201
1185957081863487488
1185957081905537025
1185957081955749889
1185957082123644928
1185957082299863040
1185957082492817413
1185957082928840704
1185957082950000640
1185957083449049090
1185957083558154241
1185957083629457413
1185957083771895809
1185957083834933248
1185957083994296320
1185957084107563010
1185957084166270977
1185957084241842177
1185957084279513090
1185957084346621952
1185957084346667008
1185957084459872257
1185957084585742336
1185957084619259905
1185957084698939395
1185957084770263040
1185957084879380482
1185957084933828608
1185957085252653056
1185957085315506176
1185957085395087360
1185957085583798273
1185957085638512640
1185957086062092289
1185957086129209350
1185957087051952128
1185957087748218881
1185957088301895682
1185957088754913280
1185957088796794882
1185957088880680960
1185957089132199937
1185957089316704257
1185957089522475008
1185957090084511744
1185957090176708608
1185957090864570373
1185957090923175936
1185957091493761024
1185957091716059137
1185957091841925120
1185957091997040641
1185957092223541249
1185957092877713409
1185957093288726528
1185957093330677760
1185957093444149249
1185957093850763264
1185957094303780865
1185957094324887553
1185957094412959744
1185957094555639810
1185957094836637702
1185957094907875328
1185957094912077825
1185957094937255936
1185957095134367745
1185957095243337729
1185957095373463553
1185957095415406592
1185957095423655936
1185957095960543232
1185957095981666305
1185957096346415104
1185957096715517952
1185957096933777410
1185957096988332032
1185957097126666242
1185957097588047880
1185957097625870336
1185957098426961924
1185957098498285568
1185957098737156096
1185957098829598721
1185957099055960066
1185957099056107528
1185957099148369922
1185957099165011968
1185957099265757185
1185957099475537924
1185957099584417793
1185957099605495810
1185957099710353409
1185957099760705536
1185957099832008705
1185957099865546752
1185957099920089088
1185957100469587969
1185957100490387456
1185957100972675072
1185957101165662208
1185957101308448769
1185957101568315393
1185957102214438912
1185957102252101637
1185957102373740544
1185957102512156672
1185957103111983104
1185957103166316550
1185957103434903553
1185957103434907648
1185957103485120512
1185957103711805441
1185957103720194049
1185957104319791107
1185957104433225733
1185957104693186563
1185957104777093125
1185957104982679552
1185957105095905280
1185957105150369795
1185957105267888129
1185957105678897152
1185957105737588744
1185957106714861570
1185957106744266753
1185957107100573697
1185957107335606272
1185957107398348801
1185957108015095814
1185957108262604801
1185957108354650113
1185957108644073473
1185957108656889856
1185957108828782594
1185957109373923328
1185957109571244035
1185957110057750528
1185957110271610880
1185957110619787264
1185957110653300737
1185957110678466563
1185957111190228992
1185957111202750465
1185957111475441671
1185957111739514883
1185957112175661056
1185957112582672385
1185957113408958465
1185957113547362304
1185957113861820416
1185957113920659456
1185957113945739264
1185957114247667713
1185957114327506945
1185957114361065473
1185957114457526272
1185957115061514240
1185957115111903233
1185957115166281732
1185957115220942848
1185957115673923589
1185957116009500674
1185957116097499137
1185957116240158720
1185957116252573699
1185957116403736577
1185957116760281088
1185957117083242496
1185957117313855488
1185957117511045120
1185957117641011201
1185957117758529544
1185957117813051392
1185957117922074626
1185957118110814209
1185957118156800001
1185957118425174016
1185957118777712640
1185957119167582208
1185957119440441345
1185957119499132929
1185957119738220544
1185957119931179008
1185957120639938560
1185957120841265153
1185957121600475136
1185957121755471873
1185957121818595334
1185957121919090689
1185957122003144705
1185957122279985158
1185957122368036864
1185957122657390594
1185957122800017409
1185957122846146561
1185957123177320449
1185957123609387009
1185957123634683904
1185957124553236481
1185957124700024832
1185957124867874816
1185957124880420864
1185957124960116738
1185957125077585921
1185957125136306178
1185957125299855360
1185957125459271680
1185957125991870464
1185957126176493568
1185957126390218752
1185957126482616320
1185957126952407040
1185957127065657350
1185957127136911362
1185957127573114881
1185957127849943041
1185957127925321728
1185957128017760263
1185957128021987333
1185957128244203520
1185957128483299328
1185957128957317121
1185957128965513217
1185957128990838784
1185957129078923265
1185957129229930496
1185957129464758273
1185957129779400704
1185957129817120768
1185957129989083141
1185957130655940609
1185957130689531904
1185957130978955264
1185957131125772289
1185957131503038465
1185957132270735361
1185957133399003136
1185957133755355138
1185957134120443904
1185957134464376833
1185957134804107265
1185957134879674373
1185957135135449089
1185957135206600704
1185957135248699394
1185957135668133889
1185957135802392576
1185957135835975682
1185957135886237696
1185957135944966144
1185957136586674176
1185957138394439680
1185957138406899713
1185957138503557121
1185957138914533377
1185957138998448129
1185957139040346112
1185957139057205249
1185957139363196928
1185957139509985286
1185957139728257025
1185957139807789062
1185957140491423744
1185957140491579392
1185957141447892993
1185957141938499584
1185957142051872769
1185957142144212992
1185957142609698816
1185957142978813952
1185957143050182662
1185957143112867842
1185957143406612480
1185957143503167491
1185957143553462273
1185957143930900480
1185957144270520322
1185957144484569089
1185957144677507072
1185957144753004544
1185957144950116352
1185957144954396672
1185957145088548864
1185957145273090049
1185957145570873344
1185957145705103361
1185957145780654081
1185957145801646080
1185957145805840384
1185957146216796160
1185957146317508611
1185957146657087488
1185957146875158528
1185957146959237121
1185957147026178049
1185957147361906688
1185957147374260229
1185957147496067073
1185957147584143367
1185957147840004096
1185957147860967426
1185957147902910464
1185957148020244480
1185957148334972928
1185957148435632129
1185957148502745091
1185957149580648449
1185957150016671744
1185957150088192006
1185957150306328576
1185957150561955840
1185957150629203968
1185957150641786882
1185957150671147009
1185957150994194434
1185957151308701696
1185957151354830854
1185957151354830856
1185957152021778432
1185957152713826304
1185957152843878402
1185957152957095937
1185957154106331136
1185957154341216256
1185957155133771779
1185957155234598912
1185957155318439936
1185957155368771584
1185957155771424769
1185957155834335234
1185957156215914498
1185957156908097536
1185957157386227712
1185957157495136256
1185957157746827264
1185957157860270089
1185957157944074240
1185957158359371777
1185957158388666370
1185957158426427393
1185957158648594433
1185957158669602816
1185957158942167041
1185957159747620870
1185957159873458176
1185957159982551043
1185957160242405381
1185957161198936066
1185957161223876609
1185957161257656321
1185957161643499526
1185957161769328640
1185957161823694849
1185957161828007937
1185957162784301056
1185957163065151488
1185957163065368577
1185957163438460928
1185957163627212800
1185957163644182530
1185957163673493505
1185957164570923008
1185957164663263233
1185957164873125890
1185957165917298689
1185957166483533824
1185957167007858689
1185957167851028482
1185957168324857861
1185957169016950784
1185957169377763330
1185957169470029824
1185957170384257025
1185957170883584000
1185957170912911362
1185957171059511296
1185957171059744777
1185957171156127745
1185957171370119168
1185957171487313920
1185957171927945217
1185957172787601413
1185957173240705025
1185957173253332992
1185957173332992000
1185957173400166402
1185957173660012544
1185957173706264576
1185957173752406017
1185957173865652226
1185957174289293312
1185957174415106049
1185957174729695232
1185957175514017792
1185957175987965958
1185957176310927361
1185957176499757056
1185957176986263552
1185957177791401994
1185957177791528960
1185957177888006145
1185957178202566656
1185957178554798081
1185957178760413184
1185957179095945216
1185957179171508224
1185957179292975105
1185957179401965569
1185957180102590464
1185957180270354435
1185957180614369280
1185957180790300673
1185957180866007041
1185957181163823104
1185957181411287040
1185957181574844417
1185957181616775174
1185957181662752770
1185957181906214913
1185957182040432640
1185957182065594368
1185957182094770176
1185957182103314433
1185957182967291904
1185957185228066816
1185957185379024898
1185957185383219202
1185957186545041409
1185957186595221506
1185957187463602177
1185957187685883905
1185957187748798464
1185957187962712064
1185957188109516801
1185957189237772288
1185957189594296320
1185957190017794049
1185957190135402496
1185957190974296065
1185957191112507393
1185957191284658176
1185957191389470720
1185957191616028672
1185957191657951233
1185957191674744838
1185957192228360192
1185957192572293121
1185957192618401792
1185957192639352832
1185957192857456642
1185957193021038594
1185957193180278784
1185957193352450049
1185957193729937409
1185957193905885184
1185957194161885186
1185957194505883648
1185957195810332673
1185957196019843077
1185957196116316160
1185957196192010241
1185957196288462848
1185957196523134978
1185957196556918785
1185957196971925509
1185957197257363457
1185957197362221056
1185957197529923584
1185957197949362176
1185957198205259777
1185957198238633985
1185957198905663488
1185957198905724928
1185957199014694912
1185957199232864258
1185957199475904513
1185957199488651264
1185957199526285312
1185957199572541442
1185957199673200641
1185957200084135936
1185957200101031936
1185957200273051649
1185957200335761408
1185957200411398144
1185957200772005891
1185957200981905409
1185957201330036736
1185957201485225984
1185957201627635712
1185957201896181762
1185957202118332418
1185957202173014016
1185957202533724160
1185957203083218944
1185957203481677825
1185957203506880514
1185957203649421313
1185957203733291010
1185957203875979264
1185957204936888321
1185957205562011649
1185957205696270336
1185957205759184896
1185957205847236613
1185957206950404100
1185957207323631616
1185957207499825158
1185957207587852288
1185957207826980864
1185957207839576070
1185957208196026375
1185957208330297344
1185957208422600704
1185957208472735745
1185957208883941376
1185957209064329221
1185957209123020802
1185957209307570176
1185957209802465281
1185957210180018176
1185957211023052800
1185957211190845440
1185957211408744448
1185957211564072960
1185957212486803456
1185957212545413120
1185957213497647104
1185957213539581954
1185957213640253440
1185957213711622144
1185957214571261952
1185957214663503872
1185957214906961921
1185957215015976960
1185957215192043520
1185957215674490880
1185957215712239618
1185957215762563074
1185957215896768518
1185957216400134144
1185957216697933837
1185957216714510336
1185957216756490241
1185957216836296704
1185957216920227840
1185957217109008385
1185957217284919297
1185957217503080449
1185957218077700096
1185957219160002561
1185957221407973377
1185957221424861190
1185957221865349120
1185957222024699911
1185957222746075137
1185957222930698240
1185957223673012225
1185957224075673601
1185957224377716739
1185957224662867968
1185957224872665089
1185957225036242945
1185957225119940610
1185957225224908803
1185957225434681344
1185957226256781316
1185957226365587456
1185957226390999040
1185957226688798721
1185957227653263360
1185957227938504704
1185957228051779584
1185957228169183232
1185957229129654272
1185957229196955650
1185957229456957441
1185957229456965633
1185957229456965634
1185957229465346048
1185957229486313473
1185957229486362626
1185957229528276992
1185957229549248514
1185957230673219585
1185957230874521600
1185957230996328448
1185957231268958209
1185957231470305280
1185957231583383552
1185957231902232577
1185957232007155712
1185957232481128453
1185957232581566469
1185957232745353216
1185957232795455489
1185957232917262339
1185957232925646850
1185957233399455744
1185957233873444866
1185957233999466503
1185957234137817088
1185957234276216832
1185957234594893828
1185957234611650561
1185957234683076609
1185957235471605769
1185957235526193152
1185957236356587520
1185957236696174592
1185957237057114112
1185957237115613184
1185957237853970434
1185957237900152834
1185957238176915460
1185957238294204417
1185957238298435585
1185957238642528256
1185957238973829120
1185957239053570052
1185957239061995521
1185957239300993024
1185957239754018816
1185957239913357312
1185957241704157184
1185957241725210624
1185957241825816576
1185957242396434432
1185957242400464896
1185957242488664064
1185957242807504896
1185957242945888257
1185957243109306368
1185957243151405056
1185957243193184256
1185957243239292928
1185957243436589057
1185957244137029634
1185957244959121408
1185957245785432066
1185957246011957249
1185957246288707585
1185957246523596800
1185957246917922827
1185957247374880768
1185957248713089024
1185957248939544577
1185957248998301696
1185957249178656768
1185957249585471490
1185957249627373570
1185957249803575296
1185957249996472320
1185957250197835777
1185957250810204161
1185957251263148033
1185957251883896832
1185957252005531649
1185957252198490112
1185957252416471040
1185957252882149376
1185957252915556352
1185957253188206593
1185957253234466817
1185957253997834241
1185957254157213697
1185957255142879232
1185957255830740997
1185957256317341698
1185957256329752576
1185957256409563137
1185957256417959936
1185957256510267393
1185957256866734080
1185957257420263424
1185957258548654082
1185957258557087750
1185957258582249472
1185957258703855618
1185957258741669888
1185957259190423552
1185957260188626955
1185957260306059264
1185957260452913154
1185957260918321152
1185957260973019137
1185957261623119872
1185957261774086144
1185957261870538752
1185957262671712262
1185957262688428032
1185957262709415936
1185957262843617281
1185957262931746816
1185957263107866625
1185957263816773632
1185957264202633216
1185957264701698050
1185957265037242369
1185957265502691328
1185957265523781632
1185957265662205952
1185957266190749696
1185957266232504322
1185957266421215233
1185957266425597954
1185957266786152453
1185957266945691648
1185957267784585216
1185957268237496321
1185957268237541376
1185957268237541377
1185957268342349825
1185957268950528001
1185957268954800128
1185957269025898498
1185957269328056322
1185957269919416321
1185957270779244544
1185957270808485888
1185957271009935360
1185957271475351552
1185957271756513281
1185957272129851393
1185957272968663044
1185957273899659264
1185957273912389632
1185957274772213762
1185957274810011649
1185957275191697409
1185957275241988098
1185957275673870337
1185957275841847296
1185957276500275201
1185957276961644547
1185957277104132096
1185957277485789185
1185957277758607360
1185957277951545345
1185957278496653312
1185957278576529408
1185957278744055817
1185957279042080768
1185957279062999040
1185957279901900801
1185957280606511105
1185957281025941505
1185957281156030464
1185957281306939392
1185957281361317888
1185957281780793344
1185957282888196097
1185957283114688513
1185957283336994817
1185957283471265792
1185957284297498628
1185957284448522240
1185957284746280962
1185957284813459458
1185957285207523328
1185957285736128512
1185957285803245570
1185957286021390337
1185957286084132864
1185957286457544704
1185957286457556993
1185957287044759552
1185957287493373952
1185957287568920580
1185957287568924672
1185957287820779527
1185957287875080192
1185957288365957121
1185957288860884998
1185957289074708481
1185957290320519171
1185957290395856906
1185957290672828417
1185957290710634498
1185957291234877442
1185957291625013249
1185957291738173440
1185957291763236864
1185957292128325632
1185957292145041409
1185957292614619137
1185957293042610178
1185957293617119233
1185957293654974464
1185957293810049030
1185957293835333632
1185957294229610496
1185957294250565633
1185957294854545408
1185957295315804160
1185957295324311552
1185957295366098944
1185957295445831680
1185957295676506112
1185957296330989568
1185957296335179779
1185957296771338240
1185957296792375296
1185957297744465920
1185957297891078146
1185957298239197184
1185957298805657600
1185957299191451648
1185957299338264584
1185957299485106176
1185957299573153793
1185957299640324096
1185957299841654784
1185957299896098816
1185957301355724800
1185957301678571520
1185957302119129088
1185957302425178112
1185957302517534720
1185957302832107521
1185957303331110918
1185957303695970304
1185957303935229952
1185957304035926016
1185957304258224130
1185957304451190788
1185957305172537344
1185957305340157953
1185957305650700289
1185957305889775622
1185957306019827714
1185957306145660929
1185957306451845129
1185957306854449152
1185957306988728320
1185957307244519424
1185957308150484993
1185957308284715008
1185957308435746823
1185957308687409152
1185957308888686592
1185957309190721536
1185957309194887168
1185957309630955520
1185957309819699200
1185957310037975041
1185957310067171329
1185957310407032832
1185957310490927106
1185957310889369603
1185957311044567040
1185957311610789888
1185957312340676608
1185957312739102725
1185957313145790465
1185957313213022208
1185957313741328385
1185957314228039682
1185957314362335232
1185957314630696962
1185957314718765059
1185957314815086593
1185957315507294208
1185957315612205057
1185957315771621377
1185957315784171520
1185957316157493248
1185957316572504065
1185957316690153472
1185957316727836673
1185957316908257281
1185957317092753408
1185957317411557376
1185957317671452672
1185957317675749380
1185957317797433344
1185957318271393792
1185957318300708864
1185957318573182976
1185957318640525312
1185957319282188293
1185957319307354117
1185957319336714241
1185957319483543554
1185957319517130755
1185957319965859840
1185957320423067648
1185957320682950658
1185957321349963777
1185957321794560000
1185957322532765702
1185957322750939138
1185957323035922432
1185957323040124928
1185957323191279616
1185957323250028545
1185957323556175874
1185957324000845826
1185957324474634246
1185957324948725760
1185957325481431040
1185957325506580483
1185957325711921152
1185957326362234882
1185957326416572421
1185957327062667266
1185957327402360833
1185957327494471683
1185957327918260225
1185957328392245248
1185957328803094530
1185957329256222723
1185957329323343875
1185957329398915077
1185957329453367297
1185957329625239552
1185957329809874944
1185957329885450241
1185957330443292673
1185957330464034816
1185957330770259971
1185957330837524480
1185957330850123776
1185957331273768960
1185957331692965888
1185957331701395456
1185957331932196867
1185957331965763585
1185957331994963968
1185957332230066177
1185957332695605248
1185957332976578561
1185957332989202433
1185957333035302914
1185957333253394432
1185957333492473861
1185957333677084672
1185957333932920832
1185957334650179584
1185957334687850497
1185957334884990979
1185957334889254913
1185957335077969929
1185957335103086593
1185957336436789248
1185957336478814209
1185957336667439104
1185957336751493126
1185957336961167360
1185957337070223361
1185957337183346688
1185957338424823808
1185957338521321473
1185957338622124033
1185957339146248193
1185957339289051136
1185957340144644100
1185957340261928961
1185957340559958017
1185957340605927424
1185957340895301637
1185957340933054466
1185957341293875201
1185957341365243909
1185957341415510017
1185957341621096457
1185957342182957056
1185957342279389184
1185957342472540161
1185957342514483200
1185957342673887233
1185957342786965505
1185957343432970243
1185957343487496192
1185957343588212742
1185957344502517760
1185957344804573184
1185957344942968832
1185957345072996352
1185957345093963777
1185957345286905856
1185957345672749056
1185957345773281281
1185957345815400449
1185957345831997443
