1185960366406356992
1185960366460821506
1185960367312101377
1185960368050524165
1185960368117633024
1185960368172081159
1185960368197328899
1185960368356691969
1185960368365023232
1185960368428015618
1185960369111601153
1185960369610575872
1185960370130866176
1185960370378162176
1185960370613248005
1185960370818535424
1185960371074588675
1185960371116544000
1185960371351441408
1185960371967758336
1185960372060246016
1185960372089569280
1185960372123131909
1185960372689408002
1185960372706140161
1185960372764852224
1185960373163384832
1185960373582737409
1185960374811713536
1185960375474216961
1185960375516368905
1185960375650529283
1185960376044838912
1185960376241770496
1185960376275333120
1185960376455827458
1185960377219244032
1185960377542164492
1185960377730916354
1185960377982562304
1185960378016116736
1185960378238414854
1185960378842390530
1185960379001835521
1185960379035377664
1185960379060576257
1185960379760959489
1185960380524355585
1185960380591292416
1185960380754993157
1185960380847329281
1185960380956381184
1185960381044416516
1185960381153533953
1185960382042726401
1185960382499819527
1185960383498149889
1185960383535697920
1185960383623979009
1185960384819273736
1185960384898813952
1185960384965906433
1185960385012293632
1185960385335222286
1185960385888669697
1185960386140487685
1185960387444916224
1185960387948224513
1185960388015415298
1185960389735075841
1185960390632587266
1185960390984978432
1185960392025133058
1185960392524218368
1185960392599756802
1185960392792645633
1185960393308426240
1185960393904197633
1185960394017443840
1185960394302599169
1185960394600452096
1185960394701053952
1185960395342827520
1185960395347025920
1185960395355365385
1185960396454268931
1185960396601122817
1185960396966027264
1185960397087662080
1185960397481893889
1185960397595201543
1185960397926522880
1185960398471815168
1185960398572441600
1185960398710890498
1185960399134322689
1185960399906263042
1185960399939756033
1185960400443117569
1185960400560574465
1185960400921055232
1185960401030336512
1185960401256796163
1185960401277771776
1185960401290350592
1185960401365803009
1185960401613275136
1185960402368290817
1185960402372435969
1185960403173593089
1185960403848847361
1185960404696129538
1185960404884824064
1185960404918255616
1185960405438550018
1185960405983813632
1185960406038339585
1185960406088445952
1185960406352879620
1185960406914760706
1185960407497875457
1185960408055603206
1185960408386957312
1185960408605253633
1185960409091559424
1185960409473400838
1185960409834106887
1185960410299674627
1185960410299686913
1185960410647875586
1185960411788730368
1185960411914493953
1185960411931250691
1185960412497502209
1185960412656914432
1185960414250713089
1185960414443692033
1185960414481391616
1185960414498082816
1185960414808461312
1185960415022501889
1185960415131389953
1185960415169150976
1185960415286702083
1185960415429320714
1185960415429353472
1185960415571992578
1185960416406573057
1185960416486273031
1185960416884772870
1185960416926679043
1185960417195184129
1185960417350144000
1185960417639747584
1185960417677451264
1185960417895469057
1185960418021400576
1185960418742808577
1185960419258707969
1185960419841597440
1185960419845951488
1185960420022116359
1185960420126986242
1185960420693217280
1185960420722532355
1185960420839964673
1185960421221642240
1185960421250998276
1185960421305520130
1185960421628563457
1185960422123458562
1185960422345728002
1185960422756585473
1185960423138451457
1185960423201398784
1185960423247564803
1185960423302057989
1185960423440310272
1185960423478235137
1185960423583109129
1185960424505630721
1185960424577142785
1185960425696956416
1185960426061873157
1185960426288439296
1185960427181826049
1185960427664166912
1185960428066750466
1185960428188393473
1185960428893102082
1185960429735960576
1185960429744459776
1185960429765484544
1185960429970808832
1185960430352633856
1185960430545620995
1185960430713180161
1185960431451402240
1185960431665532930
1185960432017661953
1185960432076500992
1185960432521175040
1185960432575668226
1185960432915374081
1185960432928018433
1185960433691348992
1185960433922072583
1185960434580496384
1185960434672775168
1185960435008397313
1185960435536875521
1185960435918528512
1185960436195311619
1185960436354691072
1185960436979531778
1185960437172654081
1185960437206192140
1185960437361319942
1185960437361397761
1185960437403119616
1185960437445283840
1185960437554253825
1185960437873086466
1185960438522994688
1185960439047512065
1185960439298981888
1185960439412342786
1185960440108584963
1185960440335159296
1185960440687464448
1185960441060773888
1185960441090060289
1185960442436444161
1185960442503450624
1185960442730074112
1185960443551969280
1185960443640209410
1185960444089032705
1185960444667813888
1185960444831391746
1185960445729005574
1185960446530072582
1185960447071150082
1185960448639799299
1185960448987815936
1185960449503879172
1185960449562427392
1185960449608732674
1185960449822642177
1185960449986007040
1185960450170613760
1185960451328348161
1185960451521351680
1185960451835748354
1185960451882045441
1185960452267769857
1185960452691390464
1185960453811462145
1185960455128473600
1185960456113901568
1185960456562851842
1185960456579620865
1185960457267367937
1185960457473085441
1185960458316058626
1185960458714353664
1185960459070869504
1185960459234660354
1185960459612184577
1185960459867955201
1185960460409102338
1185960460975296512
1185960461164003330
1185960461377966082
1185960461381947393
1185960461403070464
1185960461650612226
1185960461948325894
1185960462069972992
1185960462321700864
1185960462430670848
1185960462602719232
1185960462632001536
1185960462711574528
1185960462971736064
1185960464204873728
1185960465484136450
1185960466360586240
1185960466671198208
1185960466696343556
1185960466721447941
1185960466763452416
1185960467073765377
1185960468344705024
1185960468470489088
1185960469548425217
1185960470005596161
1185960470072549376
1185960470303391746
1185960470542458882
1185960471087570946
1185960471234523139
1185960471897223169
1185960472450871297
1185960472849330178
1185960473100980225
1185960473381998592
1185960474782904320
1185960474787090433
1185960475068157952
1185960475223347200
1185960475437289480
1185960475584028673
1185960475701456900
1185960475747594242
1185960475755986944
1185960476116750337
1185960476506759170
1185960476729135109
1185960476733300737
1185960476867477504
1185960477211484161
1185960478696235010
1185960478964453377
1185960479216324609
1185960479635791873
1185960479639900161
1185960479786708992
1185960479853875200
1185960480210333697
1185960480915021826
1185960482319953921
1185960482320146432
1185960483674738688
1185960483746013184
1185960483985219584
1185960484891222016
1185960485096574976
1185960485725900805
1185960485931208704
1185960486506041346
1185960486614884353
1185960486627614720
1185960486690361345
1185960486833213440
1185960488343166976
1185960488653545473
1185960489811107846
1185960490104696842
1185960490259963906
1185960490490482688
1185960490880634880
1185960491350462464
1185960491992133633
1185960492680003586
1185960493233659907
1185960493535694848
1185960493703409664
1185960494345138176
1185960494491934723
1185960494525341696
1185960494571687939
1185960495314063361
1185960495611895808
1185960495624392715
1185960496186433537
1185960496459141120
1185960496924680197
1185960497109032961
1185960497557975045
1185960497901965313
1185960498346500097
1185960498744958976
1185960498761584640
1185960498799480838
1185960498799493121
1185960499009216514
1185960499516727296
1185960500032659458
1185960500510822403
1185960500514971649
1185960500976390150
1185960501018165249
1185960501198622721
1185960501207076871
1185960501517455365
1185960502251442177
1185960502301728769
1185960502406668289
1185960502813515777
1185960503128023040
1185960503350300678
1185960504092549120
1185960504893812739
1185960505195630592
1185960505246134273
1185960505501859840
1185960505548165125
1185960507599212545
1185960508324810752
1185960508450463745
1185960508555497473
1185960508647706626
1185960508773548033
1185960508790333441
1185960509494837248
1185960509591490564
1185960509859717120
1185960510178639873
1185960510514176001
1185960511168565248
1185960511327748097
1185960511600504832
1185960511843852288
1185960512133054465
1185960513232093184
1185960513399865345
1185960513492213760
1185960513756377089
1185960513936723969
1185960514033278977
1185960514725335040
1185960514834157568
1185960515580956675
1185960515891335171
1185960516067450881
1185960516084207616
1185960516323172352
1185960516470149120
1185960516734222336
1185960516772093952
1185960517002780672
1185960517329969152
1185960517459943425
1185960517464219650
1185960517501947908
1185960517740957702
1185960518151835648
1185960518403661825
1185960518420434945
1185960518533685249
1185960518634201089
1185960519221547019
1185960519301238785
1185960519863341056
1185960520010076161
1185960521452937219
1185960522505768960
1185960522652536832
1185960522707062784
1185960522740649986
1185960523336245255
1185960523512385537
1185960523906596869
1185960524611309570
1185960524711895047
1185960525139722241
1185960526469390341
1185960527052148736
1185960527727616002
1185960528327434246
1185960529115910145
1185960529975795712
1185960529992400896
1185960530596519937
1185960531150147585
1185960531317932032
1185960531422859264
1185960531795968001
1185960532358172672
1185960532572024838
1185960532601430017
1185960532932792320
1185960532945391616
1185960533121482752
1185960533796806657
1185960533821972481
1185960534136573953
1185960534283145216
1185960534555807744
1185960535948513281
1185960536040706048
1185960536250433537
1185960536376336387
1185960537504571393
1185960537605181440
1185960537697345537
1185960538246909955
1185960538687377415
1185960538750226432
1185960538901274624
1185960539345866757
1185960539702382594
1185960540616744961
1185960541598171136
1185960541623214086
1185960541975695360
1185960542541795329
1185960542667771904
1185960542973747200
1185960543024058368
1185960544043438081
1185960544211259393
1185960544219455488
1185960544223711232
1185960544538447874
1185960544571940866
1185960544785682434
1185960544928501762
1185960545817628673
1185960545918341122
1185960546417299457
1185960547142922240
1185960547499433985
1185960548292333570
1185960549437394945
1185960549567422465
1185960549617754113
1185960549986816000
1185960550032916481
1185960550032924672
1185960550217310209
1185960550255267845
1185960550624305153
1185960550754373632
1185960551027007488
1185960551429619712
1185960551521894402
1185960551660294146
1185960552360751106
1185960552507625473
1185960552994131970
1185960553409327105
1185960553627422727
1185960553757499396
1185960553807790080
1185960554436931584
1185960554680111114
1185960555078533125
1185960555128983552
1185960555485581312
1185960555967852546
1185960556261498881
1185960557049978882
1185960557150490624
1185960557599481858
1185960557800837120
1185960558211809280
1185960558257938432
1185960558807388161
1185960558840995840
1185960559096881152
1185960559189151744
1185960559403065347
1185960559801491457
1185960560552284161
1185960560619327490
1185960561152057344
1185960561911238657
1185960561940426752
1185960562112335873
1185960562125086720
1185960562309652481
1185960563534229505
1185960563588907009
1185960563660283904
1185960563781853184
1185960563886571521
1185960563949613058
1185960563995635712
1185960564134203392
1185960564406865920
1185960564855627779
1185960564973019138
1185960566222999563
1185960567078621186
1185960568248819712
1185960568420618240
1185960568504684547
1185960568739500033
1185960569645522946
1185960569687465985
1185960570287206401
1185960570337579008
1185960570475962373
1185960570744397825
1185960570790371328
1185960570996084751
1185960571222609921
1185960571327283201
1185960571595870208
1185960571977515008
1185960572048809987
1185960572388597760
1185960572841422849
1185960573210648577
1185960573298597888
1185960573336469506
1185960574175236096
1185960574649282562
1185960575114850304
1185960575198814210
1185960575790129152
1185960576377376773
1185960576398348288
1185960578117976064
1185960578361118726
1185960578537476096
1185960578873024514
1185960579003011078
1185960579548307456
1185960579644571649
1185960579749437440
1185960579799887873
1185960579904573440
1185960580038811648
1185960580118540288
1185960580848476166
1185960581150445568
1185960581225951234
1185960581372809216
1185960581381144584
1185960581976584193
1185960582077280256
1185960582387830784
1185960582413012992
1185960582446493696
1185960582488432640
1185960582601728000
1185960582651891715
1185960582685560833
1185960582941466625
1185960583763550210
1185960584061304832
1185960584111706115
1185960584161841152
1185960584774328325
1185960584816279554
1185960585604804609
1185960585671909380
1185960585814392832
1185960586967945216
1185960587202830336
1185960587919904769
1185960589052596225
1185960589237067776
1185960589279059968
1185960589794906112
1185960589845098496
1185960590390509568
1185960590721847297
1185960590822596609
1185960590830899202
1185960591673790464
1185960591938084864
1185960592433127425
1185960593037115392
1185960593267683329
1185960593578176513
1185960593590763520
1185960593863393283
1185960593985036288
1185960594123431937
1185960594287071233
1185960594706292736
1185960595713150977
1185960595721478151
1185960596329639937
1185960596497301504
1185960596707127299
1185960597210439682
1185960597684441088
1185960597764096001
1185960598070333443
1185960598703616007
1185960599441825792
1185960600691728384
1185960601350234115
1185960602554028037
1185960602562449408
1185960602918883329
1185960602977669125
1185960603103518721
1185960603984240640
1185960605355610114
1185960605431275520
1185960606341500935
1185960606454579205
1185960606777651203
1185960606844801027
1185960607289401344
1185960607595540480
1185960607897374720
1185960608044322817
1185960608312807424
1185960608392499200
1185960608635731968
1185960608828514304
1185960608937791493
1185960609088753664
1185960609885642753
1185960610296713217
1185960610565181441
1185960610753736704
1185960611081084930
1185960611651506176
1185960611710164997
1185960611840249858
1185960612305571841
1185960612439814144
1185960613798907909
1185960613832462336
1185960613937405952
1185960614411329536
1185960614520180739
1185960615753506817
1185960615858331649
1185960616059723780
1185960616491663361
1185960616571396098
1185960616940441601
1185960616948895745
1185960617120686080
1185960617288622080
1185960617699696641
1185960618920173574
1185960619016687618
1185960619037605888
1185960619352248320
1185960619704553472
1185960619930836993
1185960620841197569
1185960620883136513
1185960621445128192
1185960621776478212
1185960621877030912
1185960622426677250
1185960622627753984
1185960622682333185
1185960622929973248
1185960622938378242
1185960622976049152
1185960622988640256
1185960623357726722
1185960624422977536
1185960624464920577
1185960625052246022
1185960625106751489
1185960625538846720
1185960626281156609
1185960626453127170
1185960627296038912
1185960627535106048
1185960628562939904
1185960628827164678
1185960628932022272
1185960629066256384
1185960629187817472
1185960629376450560
1185960629582127104
1185960629644996608
1185960629795983360
1185960630047653888
1185960630462889986
1185960630957854720
1185960631062675456
1185960631892996096
1185960632383918081
1185960632446787585
1185960632551641089
1185960632757174272
1185960632878809089
1185960633449242635
1185960633461825539
1185960633507950593
1185960633898024960
1185960633977786369
1185960634170535936
1185960634506084352
1185960634552332290
1185960634585927681
1185960634866896904
1185960635009556481
1185960635491930112
1185960636267859968
1185960636423036928
1185960636708278272
1185960636947128320
1185960637802799104
1185960638541193216
1185960638796980224
1185960639291891712
1185960639379968000
1185960639455531008
1185960639539351552
1185960639736532992
1185960640051060736
1185960640097214466
1185960640650854400
1185960640835403776
1185960640986238976
1185960641103876101
1185960641816907776
1185960641854443526
1185960642110316545
1185960642353614849
1185960642982875136
1185960643016347648
1185960644056637440
1185960644996022272
1185960645998579712
1185960646355181568
1185960647286235136
1185960647563120641
1185960647584092162
1185960649341448192
1185960649492500481
1185960649760956418
1185960650322919431
1185960650436206592
1185960650465398784
1185960650754818048
1185960650880761856
1185960650977300481
1185960651056930817
1185960651266691073
1185960651430223875
1185960651535142912
1185960652088606721
1185960652130652160
1185960652281700353
1185960652436697090
1185960652495450112
1185960652755652610
1185960653347086336
1185960653514633216
1185960653888065536
1185960654232084483
1185960654349488128
1185960654408179712
1185960654617886721
1185960656148799493
1185960656308187136
1185960656543145987
1185960656735997953
1185960656761217024
1185960657209810945
1185960657499410432
1185960658979831808
1185960659021893632
1185960659344867329
1185960659692994560
1185960659927916545
1185960660045369345
1185960660439621632
1185960660552900608
1185960661274300418
1185960661601411072
1185960661752434689
1185960661874028545
1185960662364819459
1185960662494797827
1185960662624636929
1185960663572733954
1185960663677620229
1185960663790829570
1185960665321631746
1185960665359499266
1185960666122858497
1185960666466676737
1185960666735222784
1185960666781368320
1185960666991120387
1185960667393777666
1185960667632803840
1185960668194840582
1185960668471668736
1185960669419655169
1185960669864067072
1185960670648365056
1185960671277715464
1185960671566917632
1185960671571251202
1185960671625789443
1185960671671996416
1185960671701323777
1185960672112369664
1185960672112398336
1185960672192020481
1185960672267509760
1185960673211076608
1185960673450364935
1185960673467097088
1185960674012233728
1185960674104619008
1185960674305986565
1185960674398216193
1185960674440048640
1185960674511523840
1185960674880638983
1185960674905804802
1185960675786530816
1185960675903971328
1185960676042272769
1185960676088397825
1185960676210003969
1185960676239564800
1185960676566753282
1185960676621205504
1185960676730265610
1185960677091020806
1185960677275516928
1185960678609301504
1185960678621884416
1185960679230054400
1185960680152850432
1185960681075625984
1185960681180450816
1185960681184681985
1185960681511587840
1185960681822142464
1185960681876709378
1185960682098966530
1185960682459713538
1185960682551947266
1185960683164143616
1185960683168550912
1185960683608956928
1185960685320245250
1185960685412306944
1185960686171480064
1185960686314110976
1185960686603689985
1185960687517884416
1185960689078194177
1185960689497542657
1185960689765994497
1185960689980100608
1185960690722529284
1185960690873356290
1185960691066384385
1185960691473231874
1185960691884277763
1185960691938676737
1185960692328779776
1185960692353884160
1185960692723126273
1185960692748374017
1185960693247496192
1185960694434283520
1185960694551842817
1185960694757429248
1185960694992130048
1185960695113732096
1185960695902457856
1185960696145764352
1185960696690941953
1185960696816832512
1185960697139748866
1185960697621909504
1185960698377101316
1185960698511265792
1185960699396157440
1185960699509559298
1185960699790577668
1185960700008697861
1185960700511969285
1185960700952403968
1185960701786869760
1185960702210723840
1185960702374301696
1185960702416060416
1185960703036932098
1185960703129202689
1185960703187968001
1185960703338799104
1185960703716450305
1185960703783403520
1185960704211333121
1185960704299454464
1185960704559456256
1185960705247371264
1185960705289326594
1185960705343840263
1185960705629052928
1185960706006552576
1185960706102968322
1185960706367279104
1185960706522394624
1185960706597949444
1185960706925092864
1185960708279689218
1185960708686700545
1185960709571731464
1185960710200840192
1185960710691606531
1185960711115010048
1185960712109203456
1185960712121847809
1185960712914587653
1185960713136812038
1185960713250099201
1185960713262641153
1185960713816367105
1185960713992327169
1185960714789380102
1185960714793574401
1185960715083010049
1185960715494051848
1185960715993137156
1185960715997372416
1185960716018294784
1185960716022497280
1185960716282552321
1185960716412444673
1185960717364727809
1185960717519687680
1185960718023176199
1185960718069358594
1185960718950162437
1185960719629467648
1185960719961022464
1185960720669782016
1185960721097592832
1185960721122770944
1185960721265262594
1185960721781284864
1185960721789489152
1185960722498510849
1185960723031085056
1185960723161239554
1185960723375099905
1185960723433906177
1185960724339802112
1185960725715607552
1185960727468806144
1185960728257122304
1185960728571928583
1185960728718729221
1185960728844558336
1185960729213575168
1185960729674862593
1185960730215866373
1185960730484281345
1185960730706829312
1185960730966794246
1185960733470646272
1185960733609267202
1185960733848285185
1185960733999353856
1185960734733295617
1185960734926225409
1185960735509229569
1185960736075341826
1185960736142626816
1185960736503291915
1185960737220497415
1185960738223001602
1185960738491379713
1185960739141488640
1185960739225456640
1185960739653246976
1185960739749675009
1185960739833552897
1185960739883900928
1185960740068450305
1185960740978597888
1185960741238521856
1185960741410615298
1185960742643814400
1185960742664769537
1185960743100977152
1185960743155449856
1185960743168032768
1185960743276990465
1185960743709151236
1185960743834796032
1185960743918850055
1185960745139228672
1185960745269415936
1185960746045206528
1185960746557100034
1185960746636718080
1185960747010084864
1185960747081310209
1185960747110752263
1185960747341361152
1185960747945385984
1185960748012441600
1185960748305895424
1185960748721328128
1185960748897492992
1185960751296593926
1185960751644794880
1185960751678275584
1185960751808339968
1185960752202633217
1185960752546566145
1185960753171488769
1185960754043916289
1185960754421420033
1185960755989860353
1185960756010987520
1185960756044541953
1185960756233285632
1185960756321378304
1185960756505960450
1185960756661178370
1185960757801803776
1185960758041022469
1185960758430945286
1185960759626477568
1185960760419192837
1185960760746237952
1185960761522343946
1185960762084343808
1185960762105323527
1185960762340192256
1185960762679975936
1185960762923192321
1185960763090976780
1185960764403781632
1185960764789661696
1185960765263622144
1185960766475821057
1185960767570489344
1185960767998353410
1185960769885822982
1185960771114504193
1185960772343611394
1185960772540817413
1185960772620472323
1185960772679143430
1185960773132177415
1185960773362827268
1185960773513875456
1185960773790720001
1185960773874540557
1185960773887115265
1185960774398861312
1185960774558109697
1185960775086694401
1185960775220903937
1185960775619403777
1185960775992532992
1185960776122675201
1185960776445628416
1185960777192222722
1185960777330712581
1185960777766842369
1185960777892712449
1185960777909452801
1185960778018504704
1185960778354089984
1185960778412777472
1185960778446393344
1185960778911797248
1185960779008352257
1185960779444576256
1185960781243961344
1185960781470490624
1185960781667373056
1185960782275715074
1185960782896517126
1185960783051665408
1185960783244513280
1185960783605325830
1185960783605387267
1185960785010249728
1185960785308192768
1185960785555722242
1185960785585029125
1185960786184687618
1185960786985963521
1185960787975778304
1185960788147818496
1185960789284478977
1185960789460635649
1185960789619937282
1185960789686906880
1185960789812940801
1185960790056165377
1185960790169403392
1185960791159246848
1185960792686039040
1185960792753090567
1185960792925134848
1185960793008947201
1185960793088626689
1185960794112049152
1185960794141233153
1185960794489536513
1185960794678104064
1185960795001282560
1185960795642966019
1185960796100141056
1185960796137906177
1185960796674768896
1185960796796440576
1185960796968366080
1185960797001961475
1185960797412806657
1185960797677244416
1185960797735927811
1185960797807222784
1185960797870141447
1185960798159544321
1185960798360752128
1185960798587441153
1185960799476387841
1185960799484952576
1185960800235556864
1185960800495788034
1185960800839786496
1185960801355665408
1185960801632505857
1185960801762455552
1185960802529894400
1185960803045740544
1185960803071135744
1185960803809316865
1185960804530696193
1185960804753051648
1185960805168271361
1185960805264703494
1185960805621260292
1185960805994520576
1185960806372069376
1185960807055679491
1185960807072485377
1185960807223267328
1185960807684886528
1185960808070729728
1185960808452362240
1185960809031262209
1185960809614237696
1185960810209857544
1185960810524401664
1185960810755084291
1185960810947862528
1185960811459727360
1185960811967254529
1185960812227235842
1185960812617199617
1185960813011460096
1185960813145874434
1185960813699436549
1185960814299226112
1185960814399741952
1185960814559281152
1185960814609498112
1185960815473713152
1185960815641407488
1185960816367034368
1185960816379662336
1185960817692266496
1185960817877045248
1185960817889435648
1185960818132652034
1185960818350813184
1185960818531356672
1185960819823124485
1185960819831345152
1185960821425201152
1185960821559644170
1185960821718958080
1185960821899366402
1185960822620770304
1185960822645940225
1185960823627362315
1185960824311091203
1185960824868872193
1185960825032445952
1185960825057660928
1185960825082798080
1185960825225383938
1185960825812594688
1185960825917325317
1185960826085228544
1185960827360370690
1185960828220129280
1185960828845117440
1185960828970917888
1185960829063192576
1185960829256175617
1185960829595738113
1185960829683949573
1185960829704794112
1185960829918892033
1185960830053109763
1185960830107607040
1185960830321352704
1185960831327981568
1185960831621746689
1185960831764312064
1185960832221548546
1185960832313643008
1185960832498311169
1185960832800317440
1185960832867487745
1185960833458806784
1185960833903235072
1185960834033442816
1185960834163453952
1185960834788294656
1185960834905858049
1185960835086241795
1185960836344549377
1185960837003075585
1185960837338599424
1185960838257098757
1185960839003693056
1185960839007952897
1185960840257789954
1185960840710615040
1185960841180569601
1185960841897754625
1185960842271084544
1185960842577301504
1185960843059576832
1185960843307040768
1185960843525185536
1185960843587964929
1185960843768410115
1185960843869085704
1185960844972253184
1185960845446123520
1185960845748162560
1185960846842847235
1185960846893170689
1185960847715094528
1185960848407384065
1185960848587710466
1185960848684138498
1185960851641118721
1185960852744261634
1185960853218189312
1185960853314691073
1185960853511790592
1185960853843206144
1185960854509903874
1185960854698807297
1185960855063748609
1185960855093026816
1185960855566868481
1185960856103931906
1185960856346976256
1185960857446080514
1185960858339295232
1185960858888916994
1185960859438325761
1185960859572559875
1185960859580936192
1185960859622875137
1185960859643891712
1185960860616974337
1185960860692467718
1185960860826689536
1185960861086765057
1185960861241876480
1185960862013644806
1185960862223237120
1185960862630268928
1185960863246749696
1185960863385051136
1185960863846617090
1185960863926247424
1185960864735727616
1185960865222332416
1185960865436241920
1185960865570394112
1185960866279239686
1185960867717931009
1185960867734663168
1185960868183527426
1185960868959395846
